ch00_p1-pl2-sample1-sperm10.tif 0 0 0.9378336366364403 
ch00_p1-pl2-sample10-sperm10.tif 0 4 0.9466640802156412 
ch00_p1-pl2-sample13-sperm11.tif 0 4 0.8385583134027295 
ch00_p1-pl2-sample14-sperm10.tif 0 4 0.622557932097509 
ch00_p1-pl2-sample3-sperm12.tif 0 4 0.7514608049814545 
ch00_p1-pl2-sample3-sperm7.tif 0 4 0.9849055314285678 
ch00_p1-pl3-sample1-sperm17.tif 0 0 0.878663299663655 
ch00_p1-pl3-sample1-sperm3.tif 0 0 0.7960410240143557 
ch00_p1-pl3-sample10-sperm2.tif 0 0 0.8357179089647112 
ch00_p1-pl3-sample12-sperm1.tif 0 0 0.7810649470796969 
ch00_p1-pl3-sample16-sperm10.tif 0 0 0.7451755400065954 
ch00_p1-pl3-sample17-sperm3.tif 0 0 0.8615225718693267 
ch00_p1-pl3-sample2-sperm7.tif 0 0 0.9387384892325165 
ch00_p1-pl3-sample24-sperm4.tif 0 2 0.7193816267433404 
ch00_p1-pl3-sample6-sperm11.tif 0 4 0.5543478618658614 
ch00_p3-pl1-sample1-sperm1.tif 0 4 0.9957803613456176 
ch00_p3-pl1-sample14-sperm5.tif 0 0 0.38415004934344943 
ch00_p3-pl1-sample17-sperm7.tif 0 4 0.9565298870676946 
ch00_p3-pl1-sample25-sperm3.tif 0 4 0.9750022046964933 
ch00_p4-pl1-sample1-sperm13.tif 0 4 0.5166067282637711 
ch00_p4-pl1-sample1-sperm3.tif 0 4 0.9155911733290272 
ch00_p4-pl1-sample10-sperm9.tif 0 4 0.7868522067020141 
ch00_p4-pl1-sample14-sperm1.tif 0 4 0.9923002572967073 
ch00_p4-pl1-sample14-sperm2.tif 0 4 0.8659689676220491 
ch00_p4-pl1-sample15-sperm6.tif 0 3 0.4440086054776926 
ch00_p4-pl1-sample19-sperm12.tif 0 4 0.9368803115880506 
ch00_p4-pl1-sample20-sperm7.tif 0 4 0.9926255851932362 
ch00_p4-pl1-sample9-sperm3.tif 0 4 0.6974011977081358 
ch00_p4-pl2-sample8-sperm5.tif 0 4 0.5154472500043413 
ch00_p5-pl1-sample8-sperm7.tif 0 4 0.9153147200917502 
ch00_p1-pl2-sample1-sperm6.tif 1 0 0.4913403255270938 
ch00_p1-pl2-sample10-sperm5.tif 1 4 0.9428867376415448 
ch00_p1-pl2-sample11-sperm12.tif 1 1 0.960359879835837 
ch00_p1-pl2-sample13-sperm7.tif 1 4 0.5473814008982394 
ch00_p1-pl2-sample15-sperm3.tif 1 1 0.6986698482548475 
ch00_p1-pl2-sample17-sperm7.tif 1 1 0.9592329319950521 
ch00_p1-pl2-sample18-sperm1.tif 1 4 0.680938855460709 
ch00_p1-pl2-sample19-sperm14.tif 1 1 0.6303711202393166 
ch00_p1-pl2-sample20-sperm7.tif 1 4 0.7252149473441943 
ch00_p1-pl2-sample21-sperm6.tif 1 4 0.8676457670570827 
ch00_p1-pl2-sample21-sperm8.tif 1 4 0.9187939287359337 
ch00_p1-pl2-sample22-sperm1.tif 1 1 0.9197625279902085 
ch00_p1-pl2-sample22-sperm3.tif 1 2 0.6741810583030211 
ch00_p1-pl2-sample24-sperm6.tif 1 1 0.8382828139357222 
ch00_p1-pl2-sample25-sperm2.tif 1 1 0.8808992454000077 
ch00_p1-pl2-sample25-sperm8.tif 1 4 0.5375176797095375 
ch00_p1-pl2-sample29-sperm6.tif 1 4 0.8834862682168066 
ch00_p1-pl2-sample30-sperm5.tif 1 1 0.9054136582960087 
ch00_p1-pl2-sample30-sperm7.tif 1 1 0.526150425767635 
ch00_p1-pl2-sample35-sperm2.tif 1 1 0.8441539919814208 
ch00_p1-pl2-sample35-sperm7.tif 1 1 0.9880959072950981 
ch00_p1-pl2-sample4-sperm11.tif 1 2 0.9749846123341768 
ch00_p1-pl2-sample4-sperm5.tif 1 1 0.9675998087627885 
ch00_p1-pl2-sample7-sperm9.tif 1 1 0.7105859493250518 
ch00_p1-pl2-sample9-sperm13.tif 1 4 0.6010029930354964 
ch00_p1-pl2-sample9-sperm2.tif 1 4 0.7105175949828111 
ch00_p1-pl3-sample1-sperm5.tif 1 1 0.9311089037749085 
ch00_p1-pl3-sample10-sperm6.tif 1 1 0.9724060057661678 
ch00_p1-pl3-sample11-sperm10.tif 1 1 0.9844207958580657 
ch00_p1-pl3-sample12-sperm5.tif 1 1 0.9393327171608575 
ch00_p1-pl3-sample12-sperm7.tif 1 4 0.5156151101937247 
ch00_p1-pl3-sample14-sperm8.tif 1 1 0.7740134233103588 
ch00_p1-pl3-sample16-sperm14.tif 1 1 0.9377833354449263 
ch00_p1-pl3-sample24-sperm17.tif 1 2 0.8978243464406335 
ch00_p1-pl3-sample5-sperm2.tif 1 4 0.8778405639756649 
ch00_p1-pl3-sample7-sperm12.tif 1 4 0.8247116873927709 
ch00_p3-pl1-sample10-sperm6.tif 1 1 0.9933163265779581 
ch00_p3-pl1-sample11-sperm2.tif 1 4 0.8824911085573721 
ch00_p3-pl1-sample12-sperm5.tif 1 1 0.9062203346524407 
ch00_p3-pl1-sample17-sperm2.tif 1 4 0.9561055860332541 
ch00_p3-pl1-sample17-sperm3.tif 1 1 0.7252382916109752 
ch00_p3-pl1-sample17-sperm4.tif 1 4 0.9760326130830516 
ch00_p3-pl1-sample18-sperm1.tif 1 1 0.8792280046365358 
ch00_p3-pl1-sample18-sperm3.tif 1 4 0.5099573039516756 
ch00_p3-pl1-sample19-sperm6.tif 1 4 0.7672578251542682 
ch00_p3-pl1-sample23-sperm4.tif 1 1 0.8512114145888107 
ch00_p3-pl1-sample26-sperm2.tif 1 4 0.8786733013143334 
ch00_p3-pl1-sample5-sperm1.tif 1 1 0.9569459119135507 
ch00_p3-pl1-sample5-sperm6.tif 1 1 0.8288447401686446 
ch00_p3-pl1-sample6-sperm5.tif 1 4 0.8380270654390394 
ch00_p3-pl1-sample7-sperm14.tif 1 1 0.6377531367105976 
ch00_p4-pl1-sample1-sperm2.tif 1 1 0.8872769661215499 
ch00_p4-pl1-sample11-sperm10.tif 1 1 0.9619725719053795 
ch00_p4-pl1-sample12-sperm5.tif 1 4 0.8767697196702557 
ch00_p4-pl1-sample19-sperm3.tif 1 1 0.5317561496484156 
ch00_p4-pl1-sample3-sperm4.tif 1 1 0.9225787773278136 
ch00_p4-pl1-sample3-sperm8.tif 1 1 0.882103789984069 
ch00_p4-pl1-sample7-sperm16.tif 1 1 0.6193325712895706 
ch00_p4-pl1-sample9-sperm16.tif 1 1 0.839202477509028 
ch00_p4-pl2-sample11-sperm1.tif 1 4 0.9201997814199314 
ch00_p4-pl2-sample5-sperm7.tif 1 4 0.581918296645017 
ch00_p4-pl2-sample8-sperm6.tif 1 4 0.7424731640887502 
ch00_p5-pl1-sample20-sperm3.tif 1 1 0.6653284142545884 
ch00_p5-pl1-sample5-sperm20.tif 1 4 0.8155800260741656 
ch00_p5-pl1-sample6-sperm13.tif 1 1 0.9168449092760484 
ch00_p5-pl1-sample6-sperm16.tif 1 1 0.969331747731155 
ch00_p5-pl1-sample7-sperm10.tif 1 1 0.49807590294811155 
ch00_p5-pl1-sample8-sperm5.tif 1 1 0.9863170630268926 
ch00_p1-pl2-sample14-sperm5.tif 2 2 0.647035201061702 
ch00_p1-pl2-sample17-sperm10.tif 2 4 0.6678610004961071 
ch00_p1-pl2-sample2-sperm6.tif 2 1 0.6915436867376784 
ch00_p1-pl2-sample2-sperm9.tif 2 4 0.7033236029196572 
ch00_p1-pl2-sample34-sperm5.tif 2 2 0.9765214097651801 
ch00_p1-pl2-sample6-sperm2.tif 2 2 0.8561989605750498 
ch00_p1-pl3-sample15-sperm14.tif 2 4 0.6793501026656664 
ch00_p1-pl3-sample17-sperm9.tif 2 2 0.7483844514029878 
ch00_p1-pl3-sample6-sperm9.tif 2 4 0.8778080676732758 
ch00_p1-pl3-sample7-sperm5.tif 2 4 0.7671677985632751 
ch00_p1-pl3-sample9-sperm4.tif 2 2 0.4757583549385327 
ch00_p3-pl1-sample14-sperm8.tif 2 4 0.9564300050920358 
ch00_p3-pl1-sample28-sperm5.tif 2 2 0.5094116873458882 
ch00_p4-pl1-sample12-sperm4.tif 2 2 0.9178738526234086 
ch00_p4-pl1-sample13-sperm4.tif 2 4 0.9514787268387975 
ch00_p4-pl1-sample14-sperm14.tif 2 4 0.8875026740174379 
ch00_p4-pl1-sample19-sperm7.tif 2 2 0.7490909247776535 
ch00_p4-pl1-sample3-sperm10.tif 2 1 0.493513084752906 
ch00_p4-pl1-sample3-sperm7.tif 2 4 0.7860086515859672 
ch00_p4-pl1-sample4-sperm6.tif 2 2 0.6327815103379685 
ch00_p4-pl1-sample5-sperm5.tif 2 4 0.9888615877244014 
ch00_p4-pl2-sample11-sperm5.tif 2 2 0.6726640533015955 
ch00_p1-pl2-sample11-sperm3.tif 3 3 0.9244754136022956 
ch00_p1-pl2-sample15-sperm6.tif 3 3 0.9769651752123787 
ch00_p1-pl2-sample17-sperm8.tif 3 3 0.924057194275769 
ch00_p1-pl2-sample5-sperm11.tif 3 3 0.47109774522984227 
ch00_p1-pl2-sample7-sperm4.tif 3 0 0.424751776177093 
ch00_p1-pl3-sample13-sperm12.tif 3 4 0.7432532593865363 
ch00_p1-pl3-sample16-sperm16.tif 3 4 0.6955946541808494 
ch00_p1-pl3-sample23-sperm7.tif 3 4 0.6627601175854828 
ch00_p1-pl3-sample24-sperm1.tif 3 3 0.9814353121562905 
ch00_p1-pl3-sample4-sperm4.tif 3 4 0.9340436511717429 
ch00_p1-pl3-sample5-sperm10.tif 3 4 0.9248683281110165 
ch00_p1-pl3-sample9-sperm6.tif 3 4 0.9497281451834401 
ch00_p3-pl1-sample12-sperm3.tif 3 3 0.9352532152237887 
ch00_p3-pl1-sample14-sperm6.tif 3 4 0.7049119125303875 
ch00_p3-pl1-sample28-sperm2.tif 3 4 0.8672659575094632 
ch00_p4-pl1-sample11-sperm3.tif 3 3 0.9579245559440183 
ch00_p4-pl1-sample20-sperm4.tif 3 4 0.9747615326683136 
ch00_p4-pl1-sample9-sperm14.tif 3 3 0.9761653513740313 
ch00_p4-pl2-sample8-sperm3.tif 3 1 0.5241240247699197 
ch00_p5-pl1-sample1-sperm4.tif 3 3 0.5144161792124797 
ch00_p5-pl1-sample10-sperm3.tif 3 4 0.7796486599086769 
ch00_p1-pl2-sample1-sperm1.tif 4 2 0.47814792897923064 
ch00_p1-pl2-sample1-sperm12.tif 4 4 0.9311618564302976 
ch00_p1-pl2-sample1-sperm2.tif 4 4 0.9925177856649138 
ch00_p1-pl2-sample10-sperm15.tif 4 4 0.5774320816667973 
ch00_p1-pl2-sample11-sperm11.tif 4 4 0.9324252736358829 
ch00_p1-pl2-sample12-sperm10.tif 4 4 0.9931216407384373 
ch00_p1-pl2-sample12-sperm2.tif 4 1 0.8460108672178464 
ch00_p1-pl2-sample13-sperm1.tif 4 4 0.988337374922291 
ch00_p1-pl2-sample13-sperm5.tif 4 2 0.7178175957827077 
ch00_p1-pl2-sample14-sperm3.tif 4 4 0.9798483091225331 
ch00_p1-pl2-sample16-sperm7.tif 4 4 0.5597436094825889 
ch00_p1-pl2-sample2-sperm11.tif 4 4 0.9186172232499044 
ch00_p1-pl2-sample23-sperm13.tif 4 4 0.9762919203365298 
ch00_p1-pl2-sample23-sperm17.tif 4 4 0.8129280085463736 
ch00_p1-pl2-sample24-sperm10.tif 4 4 0.860474897957883 
ch00_p1-pl2-sample24-sperm13.tif 4 4 0.9905893791003668 
ch00_p1-pl2-sample26-sperm4.tif 4 4 0.5952664888089156 
ch00_p1-pl2-sample28-sperm8.tif 4 4 0.8877388902163876 
ch00_p1-pl2-sample3-sperm6.tif 4 2 0.9158623556675136 
ch00_p1-pl2-sample30-sperm6.tif 4 4 0.8267887610708718 
ch00_p1-pl2-sample31-sperm3.tif 4 4 0.9304479699833965 
ch00_p1-pl2-sample32-sperm1.tif 4 1 0.5092774280694351 
ch00_p1-pl2-sample32-sperm5.tif 4 4 0.8146221156597258 
ch00_p1-pl2-sample32-sperm8.tif 4 4 0.8687868466810114 
ch00_p1-pl2-sample33-sperm3.tif 4 4 0.9746470124328492 
ch00_p1-pl2-sample33-sperm4.tif 4 4 0.9731351902894296 
ch00_p1-pl2-sample33-sperm7.tif 4 4 0.9780572660751741 
ch00_p1-pl2-sample35-sperm10.tif 4 1 0.7588182738498915 
ch00_p1-pl2-sample35-sperm12.tif 4 4 0.8793965145719876 
ch00_p1-pl2-sample4-sperm16.tif 4 4 0.8607391979886164 
ch00_p1-pl2-sample5-sperm12.tif 4 0 0.5366948384027763 
ch00_p1-pl2-sample5-sperm13.tif 4 1 0.7605320262127738 
ch00_p1-pl2-sample5-sperm7.tif 4 4 0.9789169109531901 
ch00_p1-pl2-sample7-sperm1.tif 4 4 0.970418001671387 
ch00_p1-pl2-sample7-sperm5.tif 4 4 0.7252527525897723 
ch00_p1-pl2-sample8-sperm5.tif 4 4 0.9509290958183875 
ch00_p1-pl3-sample12-sperm10.tif 4 4 0.8075391197220744 
ch00_p1-pl3-sample12-sperm14.tif 4 1 0.8026873799999356 
ch00_p1-pl3-sample12-sperm17.tif 4 4 0.9718697123671864 
ch00_p1-pl3-sample12-sperm20.tif 4 4 0.5746075383271236 
ch00_p1-pl3-sample12-sperm3.tif 4 4 0.6910107643114668 
ch00_p1-pl3-sample13-sperm5.tif 4 1 0.8986571589749683 
ch00_p1-pl3-sample14-sperm11.tif 4 2 0.5217933422515659 
ch00_p1-pl3-sample14-sperm13.tif 4 0 0.5527406386872344 
ch00_p1-pl3-sample14-sperm7.tif 4 4 0.5744065592746268 
ch00_p1-pl3-sample15-sperm12.tif 4 4 0.7438956642375086 
ch00_p1-pl3-sample15-sperm20.tif 4 4 0.8886889904262338 
ch00_p1-pl3-sample15-sperm3.tif 4 3 0.6856929414734368 
ch00_p1-pl3-sample15-sperm5.tif 4 4 0.4800563236491585 
ch00_p1-pl3-sample15-sperm7.tif 4 0 0.6544879223132644 
ch00_p1-pl3-sample15-sperm9.tif 4 4 0.5574047726218253 
ch00_p1-pl3-sample18-sperm6.tif 4 4 0.6756740666665254 
ch00_p1-pl3-sample19-sperm2.tif 4 4 0.7812334057832478 
ch00_p1-pl3-sample2-sperm12.tif 4 0 0.8001821396813471 
ch00_p1-pl3-sample2-sperm14.tif 4 1 0.6645688771879511 
ch00_p1-pl3-sample20-sperm12.tif 4 4 0.988865227278409 
ch00_p1-pl3-sample20-sperm8.tif 4 4 0.6862553629197906 
ch00_p1-pl3-sample21-sperm4.tif 4 4 0.8211657024694257 
ch00_p1-pl3-sample21-sperm5.tif 4 4 0.8871490158147589 
ch00_p1-pl3-sample21-sperm6.tif 4 0 0.48254287553646535 
ch00_p1-pl3-sample22-sperm3.tif 4 4 0.9936108913185164 
ch00_p1-pl3-sample22-sperm6.tif 4 3 0.9206822421063954 
ch00_p1-pl3-sample22-sperm9.tif 4 4 0.8709915928251851 
ch00_p1-pl3-sample23-sperm11.tif 4 1 0.706536029002292 
ch00_p1-pl3-sample23-sperm2.tif 4 4 0.5173498303220976 
ch00_p1-pl3-sample23-sperm3.tif 4 4 0.8114123277071316 
ch00_p1-pl3-sample24-sperm22.tif 4 4 0.6532316746122565 
ch00_p1-pl3-sample24-sperm8.tif 4 4 0.9140279019547543 
ch00_p1-pl3-sample24-sperm9.tif 4 2 0.9261396619540445 
ch00_p1-pl3-sample25-sperm1.tif 4 4 0.927991523933398 
ch00_p1-pl3-sample25-sperm11.tif 4 0 0.7421056353082451 
ch00_p1-pl3-sample3-sperm4.tif 4 4 0.6639692835655708 
ch00_p1-pl3-sample3-sperm5.tif 4 4 0.5771492889865679 
ch00_p1-pl3-sample4-sperm8.tif 4 1 0.7390840785542397 
ch00_p1-pl3-sample5-sperm14.tif 4 4 0.9843517531105588 
ch00_p1-pl3-sample7-sperm3.tif 4 4 0.9900698651707319 
ch00_p1-pl3-sample8-sperm17.tif 4 4 0.40843218676510945 
ch00_p1-pl3-sample8-sperm6.tif 4 0 0.4936129671152773 
ch00_p1-pl3-sample9-sperm5.tif 4 4 0.9650176187831567 
ch00_p3-pl1-sample11-sperm5.tif 4 4 0.9418076322024644 
ch00_p3-pl1-sample15-sperm4.tif 4 4 0.9591078402684334 
ch00_p3-pl1-sample19-sperm3.tif 4 4 0.7378355511151846 
ch00_p3-pl1-sample19-sperm8.tif 4 4 0.9584094351283275 
ch00_p3-pl1-sample2-sperm6.tif 4 4 0.9388047563902353 
ch00_p3-pl1-sample23-sperm2.tif 4 4 0.9917557076769119 
ch00_p3-pl1-sample25-sperm2.tif 4 4 0.8658918412489133 
ch00_p3-pl1-sample26-sperm7.tif 4 4 0.9636877484976619 
ch00_p3-pl1-sample29-sperm4.tif 4 4 0.9853802997785867 
ch00_p3-pl1-sample3-sperm9.tif 4 1 0.8431206876095801 
ch00_p3-pl1-sample30-sperm4.tif 4 4 0.9843809592910958 
ch00_p3-pl1-sample30-sperm5.tif 4 1 0.9292895419734143 
ch00_p3-pl1-sample31-sperm7.tif 4 4 0.7227346303587021 
ch00_p3-pl1-sample32-sperm2.tif 4 4 0.9979016694597388 
ch00_p3-pl1-sample32-sperm6.tif 4 4 0.8078017610126148 
ch00_p3-pl1-sample7-sperm1.tif 4 4 0.6125193386710889 
ch00_p3-pl1-sample7-sperm11.tif 4 4 0.6256850849206635 
ch00_p3-pl1-sample7-sperm13.tif 4 4 0.7367717567490862 
ch00_p4-pl1-sample1-sperm1.tif 4 0 0.7900110884038203 
ch00_p4-pl1-sample1-sperm12.tif 4 4 0.6669444356435005 
ch00_p4-pl1-sample10-sperm22.tif 4 1 0.6522067371013215 
ch00_p4-pl1-sample11-sperm2.tif 4 4 0.9915797847918728 
ch00_p4-pl1-sample12-sperm11.tif 4 4 0.8764770058100029 
ch00_p4-pl1-sample12-sperm3.tif 4 4 0.8689739823813318 
ch00_p4-pl1-sample12-sperm8.tif 4 4 0.6930628392979381 
ch00_p4-pl1-sample13-sperm5.tif 4 4 0.8171940652184785 
ch00_p4-pl1-sample14-sperm4.tif 4 0 0.7168094836857174 
ch00_p4-pl1-sample14-sperm7.tif 4 4 0.8628682962888503 
ch00_p4-pl1-sample16-sperm1.tif 4 1 0.9663806019920546 
ch00_p4-pl1-sample16-sperm16.tif 4 4 0.9797712739094431 
ch00_p4-pl1-sample16-sperm17.tif 4 4 0.9746674015001384 
ch00_p4-pl1-sample17-sperm5.tif 4 0 0.42617207796890466 
ch00_p4-pl1-sample18-sperm5.tif 4 4 0.9019746615314141 
ch00_p4-pl1-sample19-sperm6.tif 4 4 0.9307296014068204 
ch00_p4-pl1-sample2-sperm12.tif 4 4 0.9757469170481249 
ch00_p4-pl1-sample2-sperm3.tif 4 4 0.9875314862517318 
ch00_p4-pl1-sample2-sperm9.tif 4 1 0.5690828790966511 
ch00_p4-pl1-sample20-sperm11.tif 4 4 0.9257310160870379 
ch00_p4-pl1-sample20-sperm5.tif 4 2 0.9366183661989448 
ch00_p4-pl1-sample20-sperm9.tif 4 1 0.603987462205259 
ch00_p4-pl1-sample4-sperm10.tif 4 4 0.9701558770941109 
ch00_p4-pl1-sample4-sperm11.tif 4 4 0.962292551505971 
ch00_p4-pl1-sample4-sperm16.tif 4 4 0.9831484603250747 
ch00_p4-pl1-sample4-sperm9.tif 4 4 0.8740027002794906 
ch00_p4-pl1-sample5-sperm1.tif 4 2 0.7824920208540994 
ch00_p4-pl1-sample5-sperm7.tif 4 4 0.6236777356866023 
ch00_p4-pl1-sample5-sperm9.tif 4 4 0.9565681334918749 
ch00_p4-pl1-sample7-sperm13.tif 4 4 0.9091329513783286 
ch00_p4-pl1-sample7-sperm3.tif 4 0 0.4226013859942633 
ch00_p4-pl1-sample8-sperm12.tif 4 4 0.9194826194270821 
ch00_p4-pl1-sample8-sperm2.tif 4 4 0.5083187258989789 
ch00_p4-pl1-sample8-sperm3.tif 4 3 0.5981869368734742 
ch00_p4-pl1-sample9-sperm11.tif 4 1 0.7372964181756495 
ch00_p4-pl1-sample9-sperm17.tif 4 4 0.7994826472071457 
ch00_p4-pl2-sample1-sperm1.tif 4 4 0.8899100764797456 
ch00_p4-pl2-sample10-sperm11.tif 4 4 0.9882163068366184 
ch00_p4-pl2-sample10-sperm5.tif 4 0 0.5627147926791326 
ch00_p4-pl2-sample10-sperm7.tif 4 4 0.9691214436033739 
ch00_p4-pl2-sample11-sperm2.tif 4 4 0.8051352370323573 
ch00_p4-pl2-sample11-sperm4.tif 4 4 0.9470402890648136 
ch00_p4-pl2-sample12-sperm10.tif 4 0 0.9079353072844303 
ch00_p4-pl2-sample12-sperm11.tif 4 4 0.4743557071528249 
ch00_p4-pl2-sample12-sperm4.tif 4 4 0.863651321001337 
ch00_p4-pl2-sample12-sperm9.tif 4 4 0.8875900602020574 
ch00_p4-pl2-sample13-sperm5.tif 4 4 0.6084396431011153 
ch00_p4-pl2-sample14-sperm10.tif 4 0 0.7825278361494471 
ch00_p4-pl2-sample14-sperm6.tif 4 4 0.6967789425032116 
ch00_p4-pl2-sample14-sperm8.tif 4 1 0.887560617016463 
ch00_p4-pl2-sample14-sperm9.tif 4 1 0.8569734953746173 
ch00_p4-pl2-sample15-sperm7.tif 4 4 0.9761425551485474 
ch00_p4-pl2-sample16-sperm7.tif 4 4 0.9539947782277802 
ch00_p4-pl2-sample16-sperm8.tif 4 1 0.6174905898556583 
ch00_p4-pl2-sample18-sperm3.tif 4 4 0.6736422957750914 
ch00_p4-pl2-sample18-sperm8.tif 4 1 0.9564300293129101 
ch00_p4-pl2-sample18-sperm9.tif 4 4 0.9999942406921937 
ch00_p4-pl2-sample19-sperm4.tif 4 4 0.971554982474858 
ch00_p4-pl2-sample19-sperm8.tif 4 4 0.966458076538617 
ch00_p4-pl2-sample2-sperm1.tif 4 4 0.9816702492159105 
ch00_p4-pl2-sample2-sperm10.tif 4 4 0.9849254196284521 
ch00_p4-pl2-sample2-sperm2.tif 4 4 0.8549516865618488 
ch00_p4-pl2-sample2-sperm3.tif 4 1 0.35795605117800866 
ch00_p4-pl2-sample20-sperm2.tif 4 4 0.9766116329634461 
ch00_p4-pl2-sample20-sperm3.tif 4 4 0.970781892209353 
ch00_p4-pl2-sample3-sperm2.tif 4 1 0.5980946946524321 
ch00_p4-pl2-sample3-sperm3.tif 4 4 0.9435881993247554 
ch00_p4-pl2-sample3-sperm6.tif 4 1 0.9507706750372105 
ch00_p4-pl2-sample5-sperm5.tif 4 3 0.6568448605799125 
ch00_p4-pl2-sample6-sperm2.tif 4 4 0.9205207448861625 
ch00_p4-pl2-sample6-sperm5.tif 4 4 0.8892018960037216 
ch00_p4-pl2-sample6-sperm6.tif 4 0 0.48301755260888246 
ch00_p4-pl2-sample7-sperm3.tif 4 0 0.8805855995150573 
ch00_p4-pl2-sample7-sperm5.tif 4 4 0.9313955571809599 
ch00_p4-pl2-sample7-sperm7.tif 4 1 0.5587715189060072 
ch00_p5-pl1-sample1-sperm12.tif 4 1 0.9811358184864185 
ch00_p5-pl1-sample1-sperm13.tif 4 4 0.7923956089117791 
ch00_p5-pl1-sample1-sperm15.tif 4 4 0.7983105469994044 
ch00_p5-pl1-sample1-sperm7.tif 4 3 0.4683375787895201 
ch00_p5-pl1-sample10-sperm7.tif 4 4 0.8138202554509277 
ch00_p5-pl1-sample12-sperm13.tif 4 4 0.9482000079431006 
ch00_p5-pl1-sample15-sperm2.tif 4 4 0.8718616479891887 
ch00_p5-pl1-sample15-sperm3.tif 4 4 0.9748671585458109 
ch00_p5-pl1-sample17-sperm13.tif 4 4 0.9453158949103514 
ch00_p5-pl1-sample17-sperm17.tif 4 4 0.8569616355560712 
ch00_p5-pl1-sample17-sperm2.tif 4 4 0.5438181830230594 
ch00_p5-pl1-sample17-sperm5.tif 4 4 0.8582547323461914 
ch00_p5-pl1-sample17-sperm9.tif 4 1 0.8317060209043068 
ch00_p5-pl1-sample18-sperm3.tif 4 4 0.9953642751107306 
ch00_p5-pl1-sample19-sperm2.tif 4 4 0.8096156780487451 
ch00_p5-pl1-sample2-sperm13.tif 4 4 0.9445120199114031 
ch00_p5-pl1-sample20-sperm2.tif 4 4 0.9008818253421861 
ch00_p5-pl1-sample20-sperm6.tif 4 1 0.8885504508885287 
ch00_p5-pl1-sample3-sperm13.tif 4 4 0.993194048655408 
ch00_p5-pl1-sample3-sperm21.tif 4 4 0.5945473569853115 
ch00_p5-pl1-sample5-sperm18.tif 4 4 0.7711191425167903 
ch00_p5-pl1-sample5-sperm9.tif 4 1 0.9008525623416673 
ch00_p5-pl1-sample6-sperm9.tif 4 4 0.7754235615078521 
ch00_p5-pl1-sample9-sperm4.tif 4 4 0.9498834791418402 
