ch00_p1-pl2-sample1-sperm10.tif 0 0 0.9959708227035542 
ch00_p1-pl2-sample10-sperm10.tif 0 0 0.7891352010327748 
ch00_p1-pl2-sample13-sperm11.tif 0 4 0.857283710897937 
ch00_p1-pl2-sample14-sperm10.tif 0 0 0.9902552871109382 
ch00_p1-pl2-sample3-sperm12.tif 0 0 0.7357957552085065 
ch00_p1-pl2-sample3-sperm7.tif 0 4 0.9029108878101464 
ch00_p1-pl3-sample1-sperm17.tif 0 0 0.992624575302644 
ch00_p1-pl3-sample1-sperm3.tif 0 4 0.5151088473695711 
ch00_p1-pl3-sample10-sperm2.tif 0 4 0.992614612371516 
ch00_p1-pl3-sample12-sperm1.tif 0 3 0.5766675280563011 
ch00_p1-pl3-sample16-sperm10.tif 0 1 0.3811810867620734 
ch00_p1-pl3-sample17-sperm3.tif 0 1 0.33089125572945505 
ch00_p1-pl3-sample2-sperm7.tif 0 0 0.9867235255791569 
ch00_p1-pl3-sample24-sperm4.tif 0 4 0.9999996876138431 
ch00_p1-pl3-sample6-sperm11.tif 0 4 0.9955130530301256 
ch00_p3-pl1-sample1-sperm1.tif 0 4 0.9999993957157988 
ch00_p3-pl1-sample14-sperm5.tif 0 4 0.9913336823832385 
ch00_p3-pl1-sample17-sperm7.tif 0 4 0.999999942738988 
ch00_p3-pl1-sample25-sperm3.tif 0 4 0.9999999996275797 
ch00_p4-pl1-sample1-sperm13.tif 0 0 0.8184084169902708 
ch00_p4-pl1-sample1-sperm3.tif 0 4 0.8654749467089389 
ch00_p4-pl1-sample10-sperm9.tif 0 4 0.9498580692297652 
ch00_p4-pl1-sample14-sperm1.tif 0 4 0.9999978201357413 
ch00_p4-pl1-sample14-sperm2.tif 0 4 0.7429143360065513 
ch00_p4-pl1-sample15-sperm6.tif 0 0 0.36981078300973497 
ch00_p4-pl1-sample19-sperm12.tif 0 4 0.9999999928950104 
ch00_p4-pl1-sample20-sperm7.tif 0 4 0.9999997712746623 
ch00_p4-pl1-sample9-sperm3.tif 0 4 0.9515975892406675 
ch00_p4-pl2-sample8-sperm5.tif 0 4 0.9965221933504338 
ch00_p5-pl1-sample8-sperm7.tif 0 0 0.6495214676028768 
ch00_p1-pl2-sample1-sperm6.tif 1 4 0.5287536191136735 
ch00_p1-pl2-sample10-sperm5.tif 1 4 0.9999984104287162 
ch00_p1-pl2-sample11-sperm12.tif 1 1 0.9998114804410257 
ch00_p1-pl2-sample13-sperm7.tif 1 4 0.9999999563792288 
ch00_p1-pl2-sample15-sperm3.tif 1 1 0.9384756753776786 
ch00_p1-pl2-sample17-sperm7.tif 1 1 0.999991172835198 
ch00_p1-pl2-sample18-sperm1.tif 1 1 0.6985608815630554 
ch00_p1-pl2-sample19-sperm14.tif 1 2 0.8973627899235386 
ch00_p1-pl2-sample20-sperm7.tif 1 4 0.9999999999998554 
ch00_p1-pl2-sample21-sperm6.tif 1 4 0.9077637283441856 
ch00_p1-pl2-sample21-sperm8.tif 1 4 0.9914553383469253 
ch00_p1-pl2-sample22-sperm1.tif 1 1 0.9998405820489418 
ch00_p1-pl2-sample22-sperm3.tif 1 1 0.5585290049391325 
ch00_p1-pl2-sample24-sperm6.tif 1 1 0.8539086677857358 
ch00_p1-pl2-sample25-sperm2.tif 1 4 0.6059075342132748 
ch00_p1-pl2-sample25-sperm8.tif 1 1 0.5179765434103151 
ch00_p1-pl2-sample29-sperm6.tif 1 1 0.9715442391898443 
ch00_p1-pl2-sample30-sperm5.tif 1 1 0.9999824904045896 
ch00_p1-pl2-sample30-sperm7.tif 1 4 0.773352730184634 
ch00_p1-pl2-sample35-sperm2.tif 1 1 0.9388939435946961 
ch00_p1-pl2-sample35-sperm7.tif 1 1 0.9877784632980933 
ch00_p1-pl2-sample4-sperm11.tif 1 1 0.8605480841760037 
ch00_p1-pl2-sample4-sperm5.tif 1 1 0.9999817855992911 
ch00_p1-pl2-sample7-sperm9.tif 1 4 0.49565740224640786 
ch00_p1-pl2-sample9-sperm13.tif 1 1 0.99810803562053 
ch00_p1-pl2-sample9-sperm2.tif 1 1 0.9964958493577681 
ch00_p1-pl3-sample1-sperm5.tif 1 1 0.9478818258959055 
ch00_p1-pl3-sample10-sperm6.tif 1 1 0.9990359358135941 
ch00_p1-pl3-sample11-sperm10.tif 1 1 0.9997121736016296 
ch00_p1-pl3-sample12-sperm5.tif 1 1 0.9560119049805091 
ch00_p1-pl3-sample12-sperm7.tif 1 4 0.7503114217474051 
ch00_p1-pl3-sample14-sperm8.tif 1 4 0.8717006464098006 
ch00_p1-pl3-sample16-sperm14.tif 1 1 0.9476120604122188 
ch00_p1-pl3-sample24-sperm17.tif 1 2 0.7257562655461093 
ch00_p1-pl3-sample5-sperm2.tif 1 4 0.9999992917180788 
ch00_p1-pl3-sample7-sperm12.tif 1 1 0.9966047921991217 
ch00_p3-pl1-sample10-sperm6.tif 1 1 0.9997702230161595 
ch00_p3-pl1-sample11-sperm2.tif 1 4 0.9999999999926211 
ch00_p3-pl1-sample12-sperm5.tif 1 1 0.8730739929692122 
ch00_p3-pl1-sample17-sperm2.tif 1 1 0.9932963543421007 
ch00_p3-pl1-sample17-sperm3.tif 1 4 0.8716420792787939 
ch00_p3-pl1-sample17-sperm4.tif 1 1 0.8653121756493523 
ch00_p3-pl1-sample18-sperm1.tif 1 4 0.9591380324028097 
ch00_p3-pl1-sample18-sperm3.tif 1 1 0.9999624337813546 
ch00_p3-pl1-sample19-sperm6.tif 1 4 0.9977023668505067 
ch00_p3-pl1-sample23-sperm4.tif 1 1 0.9354677376381229 
ch00_p3-pl1-sample26-sperm2.tif 1 4 0.9775376416586153 
ch00_p3-pl1-sample5-sperm1.tif 1 1 0.8168768563819455 
ch00_p3-pl1-sample5-sperm6.tif 1 1 0.9999933410509267 
ch00_p3-pl1-sample6-sperm5.tif 1 1 0.8869383200533422 
ch00_p3-pl1-sample7-sperm14.tif 1 4 0.8413740522857576 
ch00_p4-pl1-sample1-sperm2.tif 1 4 0.9892373986914719 
ch00_p4-pl1-sample11-sperm10.tif 1 1 0.9993343684950362 
ch00_p4-pl1-sample12-sperm5.tif 1 4 0.7417126846216443 
ch00_p4-pl1-sample19-sperm3.tif 1 4 0.9988855004149129 
ch00_p4-pl1-sample3-sperm4.tif 1 1 0.778398420225224 
ch00_p4-pl1-sample3-sperm8.tif 1 4 0.970353230019489 
ch00_p4-pl1-sample7-sperm16.tif 1 4 0.9970571880472144 
ch00_p4-pl1-sample9-sperm16.tif 1 4 0.8935847687342786 
ch00_p4-pl2-sample11-sperm1.tif 1 4 0.703681449692882 
ch00_p4-pl2-sample5-sperm7.tif 1 1 0.9672061460223649 
ch00_p4-pl2-sample8-sperm6.tif 1 1 0.7776415968694778 
ch00_p5-pl1-sample20-sperm3.tif 1 1 0.7527600778268532 
ch00_p5-pl1-sample5-sperm20.tif 1 1 0.9739671481875041 
ch00_p5-pl1-sample6-sperm13.tif 1 4 0.606613094025975 
ch00_p5-pl1-sample6-sperm16.tif 1 1 0.9969347458295713 
ch00_p5-pl1-sample7-sperm10.tif 1 4 0.9965619632808432 
ch00_p5-pl1-sample8-sperm5.tif 1 1 0.999465571313799 
ch00_p1-pl2-sample14-sperm5.tif 2 2 0.6328003931033102 
ch00_p1-pl2-sample17-sperm10.tif 2 4 0.8769201762680333 
ch00_p1-pl2-sample2-sperm6.tif 2 2 0.813395584640525 
ch00_p1-pl2-sample2-sperm9.tif 2 2 0.9093580143816945 
ch00_p1-pl2-sample34-sperm5.tif 2 2 0.9348547676931364 
ch00_p1-pl2-sample6-sperm2.tif 2 2 0.98265447964759 
ch00_p1-pl3-sample15-sperm14.tif 2 4 0.9999980146178575 
ch00_p1-pl3-sample17-sperm9.tif 2 2 0.9998195887866361 
ch00_p1-pl3-sample6-sperm9.tif 2 4 0.5985545835506877 
ch00_p1-pl3-sample7-sperm5.tif 2 2 0.9994196415537947 
ch00_p1-pl3-sample9-sperm4.tif 2 2 0.9686118784776809 
ch00_p3-pl1-sample14-sperm8.tif 2 4 0.9687570537648437 
ch00_p3-pl1-sample28-sperm5.tif 2 2 0.9438203502788592 
ch00_p4-pl1-sample12-sperm4.tif 2 4 0.9548510251190897 
ch00_p4-pl1-sample13-sperm4.tif 2 4 0.974112507031065 
ch00_p4-pl1-sample14-sperm14.tif 2 4 0.8669071774777017 
ch00_p4-pl1-sample19-sperm7.tif 2 4 0.9789509435331967 
ch00_p4-pl1-sample3-sperm10.tif 2 2 0.9898103004451128 
ch00_p4-pl1-sample3-sperm7.tif 2 4 0.9083332736903036 
ch00_p4-pl1-sample4-sperm6.tif 2 2 0.7042623698338024 
ch00_p4-pl1-sample5-sperm5.tif 2 4 0.9999998405022754 
ch00_p4-pl2-sample11-sperm5.tif 2 4 0.9999994443056018 
ch00_p1-pl2-sample11-sperm3.tif 3 3 0.9903766437287772 
ch00_p1-pl2-sample15-sperm6.tif 3 3 0.9998416137193671 
ch00_p1-pl2-sample17-sperm8.tif 3 3 0.9956745817543251 
ch00_p1-pl2-sample5-sperm11.tif 3 3 0.8075265964636019 
ch00_p1-pl2-sample7-sperm4.tif 3 3 0.5402874839413369 
ch00_p1-pl3-sample13-sperm12.tif 3 4 0.9911114280435327 
ch00_p1-pl3-sample16-sperm16.tif 3 4 0.9999997283435106 
ch00_p1-pl3-sample23-sperm7.tif 3 3 0.4524134603999809 
ch00_p1-pl3-sample24-sperm1.tif 3 3 0.7215658900391343 
ch00_p1-pl3-sample4-sperm4.tif 3 4 0.9766356861024479 
ch00_p1-pl3-sample5-sperm10.tif 3 4 0.9572467069980544 
ch00_p1-pl3-sample9-sperm6.tif 3 4 0.9959713665102454 
ch00_p3-pl1-sample12-sperm3.tif 3 3 0.9995483180604926 
ch00_p3-pl1-sample14-sperm6.tif 3 4 0.9999999847230118 
ch00_p3-pl1-sample28-sperm2.tif 3 4 0.9944976363521939 
ch00_p4-pl1-sample11-sperm3.tif 3 3 0.9714375593230047 
ch00_p4-pl1-sample20-sperm4.tif 3 4 0.9999967144590965 
ch00_p4-pl1-sample9-sperm14.tif 3 3 0.8509129089326546 
ch00_p4-pl2-sample8-sperm3.tif 3 4 0.9733439371298341 
ch00_p5-pl1-sample1-sperm4.tif 3 4 0.9999999997149573 
ch00_p5-pl1-sample10-sperm3.tif 3 4 0.9999991555153241 
ch00_p1-pl2-sample1-sperm1.tif 4 4 0.9999999999998771 
ch00_p1-pl2-sample1-sperm12.tif 4 1 0.817007449559025 
ch00_p1-pl2-sample1-sperm2.tif 4 4 0.999999999971437 
ch00_p1-pl2-sample10-sperm15.tif 4 1 0.8143453301216752 
ch00_p1-pl2-sample11-sperm11.tif 4 4 0.9435552077614087 
ch00_p1-pl2-sample12-sperm10.tif 4 4 0.998226756339316 
ch00_p1-pl2-sample12-sperm2.tif 4 4 0.9999999722544682 
ch00_p1-pl2-sample13-sperm1.tif 4 4 0.562040061058047 
ch00_p1-pl2-sample13-sperm5.tif 4 4 0.48924588575914774 
ch00_p1-pl2-sample14-sperm3.tif 4 4 0.9999999999996971 
ch00_p1-pl2-sample16-sperm7.tif 4 0 0.9567867610332992 
ch00_p1-pl2-sample2-sperm11.tif 4 4 0.9999987644773476 
ch00_p1-pl2-sample23-sperm13.tif 4 4 0.9978117042184287 
ch00_p1-pl2-sample23-sperm17.tif 4 4 0.8740130333091235 
ch00_p1-pl2-sample24-sperm10.tif 4 4 0.9541541766263169 
ch00_p1-pl2-sample24-sperm13.tif 4 4 0.9999972060156259 
ch00_p1-pl2-sample26-sperm4.tif 4 0 0.6638332494299015 
ch00_p1-pl2-sample28-sperm8.tif 4 4 0.9096644018319981 
ch00_p1-pl2-sample3-sperm6.tif 4 2 0.9999805496176314 
ch00_p1-pl2-sample30-sperm6.tif 4 1 0.8722882887825538 
ch00_p1-pl2-sample31-sperm3.tif 4 1 0.7355395291161203 
ch00_p1-pl2-sample32-sperm1.tif 4 2 0.9917882478309613 
ch00_p1-pl2-sample32-sperm5.tif 4 0 0.878930854780429 
ch00_p1-pl2-sample32-sperm8.tif 4 1 0.3861464345559955 
ch00_p1-pl2-sample33-sperm3.tif 4 4 0.8212807992196515 
ch00_p1-pl2-sample33-sperm4.tif 4 4 0.9938044299004447 
ch00_p1-pl2-sample33-sperm7.tif 4 1 0.39360710856014 
ch00_p1-pl2-sample35-sperm10.tif 4 1 0.8318810403141266 
ch00_p1-pl2-sample35-sperm12.tif 4 0 0.9585722299400099 
ch00_p1-pl2-sample4-sperm16.tif 4 1 0.929701299687906 
ch00_p1-pl2-sample5-sperm12.tif 4 2 0.8881180490330505 
ch00_p1-pl2-sample5-sperm13.tif 4 1 0.7237557126199886 
ch00_p1-pl2-sample5-sperm7.tif 4 4 0.9999999989050175 
ch00_p1-pl2-sample7-sperm1.tif 4 4 0.9961670718578811 
ch00_p1-pl2-sample7-sperm5.tif 4 3 0.7647218307384632 
ch00_p1-pl2-sample8-sperm5.tif 4 4 0.9999999999998839 
ch00_p1-pl3-sample12-sperm10.tif 4 1 0.9971716271352534 
ch00_p1-pl3-sample12-sperm14.tif 4 1 0.8647716379814712 
ch00_p1-pl3-sample12-sperm17.tif 4 4 0.9999999731310958 
ch00_p1-pl3-sample12-sperm20.tif 4 1 0.7351330219024126 
ch00_p1-pl3-sample12-sperm3.tif 4 1 0.9876696471957831 
ch00_p1-pl3-sample13-sperm5.tif 4 1 0.9130531071996956 
ch00_p1-pl3-sample14-sperm11.tif 4 4 0.9937180477276113 
ch00_p1-pl3-sample14-sperm13.tif 4 1 0.6772412813435325 
ch00_p1-pl3-sample14-sperm7.tif 4 0 0.522309745061453 
ch00_p1-pl3-sample15-sperm12.tif 4 4 0.942215893819927 
ch00_p1-pl3-sample15-sperm20.tif 4 3 0.47032913539653076 
ch00_p1-pl3-sample15-sperm3.tif 4 3 0.9732028093469859 
ch00_p1-pl3-sample15-sperm5.tif 4 2 0.9507755355392411 
ch00_p1-pl3-sample15-sperm7.tif 4 3 0.8140396850478224 
ch00_p1-pl3-sample15-sperm9.tif 4 4 0.9782534162148778 
ch00_p1-pl3-sample18-sperm6.tif 4 4 0.9214352782909815 
ch00_p1-pl3-sample19-sperm2.tif 4 4 0.6121107124926579 
ch00_p1-pl3-sample2-sperm12.tif 4 4 0.8913854883738758 
ch00_p1-pl3-sample2-sperm14.tif 4 4 0.8556905541455622 
ch00_p1-pl3-sample20-sperm12.tif 4 4 0.999999274196446 
ch00_p1-pl3-sample20-sperm8.tif 4 4 0.9949569140964708 
ch00_p1-pl3-sample21-sperm4.tif 4 4 0.9999999046738116 
ch00_p1-pl3-sample21-sperm5.tif 4 4 0.9999998498186787 
ch00_p1-pl3-sample21-sperm6.tif 4 0 0.8946460171315666 
ch00_p1-pl3-sample22-sperm3.tif 4 4 0.9979561753574612 
ch00_p1-pl3-sample22-sperm6.tif 4 3 0.9999917485971661 
ch00_p1-pl3-sample22-sperm9.tif 4 4 0.9888587164354712 
ch00_p1-pl3-sample23-sperm11.tif 4 1 0.999930842227166 
ch00_p1-pl3-sample23-sperm2.tif 4 4 0.9999999869211411 
ch00_p1-pl3-sample23-sperm3.tif 4 4 0.9999992338292445 
ch00_p1-pl3-sample24-sperm22.tif 4 1 0.7800489605102299 
ch00_p1-pl3-sample24-sperm8.tif 4 4 0.9976389377464333 
ch00_p1-pl3-sample24-sperm9.tif 4 4 0.862803726725147 
ch00_p1-pl3-sample25-sperm1.tif 4 4 0.9423377371801945 
ch00_p1-pl3-sample25-sperm11.tif 4 0 0.935232739224353 
ch00_p1-pl3-sample3-sperm4.tif 4 1 0.9997067155749821 
ch00_p1-pl3-sample3-sperm5.tif 4 3 0.6157529196172951 
ch00_p1-pl3-sample4-sperm8.tif 4 4 0.9878345384159938 
ch00_p1-pl3-sample5-sperm14.tif 4 4 0.9999999999991931 
ch00_p1-pl3-sample7-sperm3.tif 4 4 0.9999999995704411 
ch00_p1-pl3-sample8-sperm17.tif 4 4 0.519251131921304 
ch00_p1-pl3-sample8-sperm6.tif 4 0 0.9238309904140249 
ch00_p1-pl3-sample9-sperm5.tif 4 4 0.9999983806929775 
ch00_p3-pl1-sample11-sperm5.tif 4 4 0.8863760893243944 
ch00_p3-pl1-sample15-sperm4.tif 4 4 0.9999999978172491 
ch00_p3-pl1-sample19-sperm3.tif 4 4 0.9999999852175828 
ch00_p3-pl1-sample19-sperm8.tif 4 4 0.9999983035724322 
ch00_p3-pl1-sample2-sperm6.tif 4 4 0.998233545577159 
ch00_p3-pl1-sample23-sperm2.tif 4 4 0.999999955255056 
ch00_p3-pl1-sample25-sperm2.tif 4 4 0.9999998285424985 
ch00_p3-pl1-sample26-sperm7.tif 4 4 0.9999990229036386 
ch00_p3-pl1-sample29-sperm4.tif 4 4 0.9999999999997874 
ch00_p3-pl1-sample3-sperm9.tif 4 1 0.9993799752022522 
ch00_p3-pl1-sample30-sperm4.tif 4 4 0.9985798312288852 
ch00_p3-pl1-sample30-sperm5.tif 4 1 0.9467204203633668 
ch00_p3-pl1-sample31-sperm7.tif 4 4 0.6603813510576727 
ch00_p3-pl1-sample32-sperm2.tif 4 4 0.9999999999998831 
ch00_p3-pl1-sample32-sperm6.tif 4 4 0.9999999963669984 
ch00_p3-pl1-sample7-sperm1.tif 4 4 0.9999996739229766 
ch00_p3-pl1-sample7-sperm11.tif 4 4 0.9980157731560875 
ch00_p3-pl1-sample7-sperm13.tif 4 4 0.923705516717479 
ch00_p4-pl1-sample1-sperm1.tif 4 4 0.6004490120579933 
ch00_p4-pl1-sample1-sperm12.tif 4 4 0.9256112159786841 
ch00_p4-pl1-sample10-sperm22.tif 4 1 0.6693138906708617 
ch00_p4-pl1-sample11-sperm2.tif 4 4 0.9999999820411757 
ch00_p4-pl1-sample12-sperm11.tif 4 4 0.976636633103875 
ch00_p4-pl1-sample12-sperm3.tif 4 1 0.589935140032226 
ch00_p4-pl1-sample12-sperm8.tif 4 4 0.9999995240968929 
ch00_p4-pl1-sample13-sperm5.tif 4 4 0.9976637693605402 
ch00_p4-pl1-sample14-sperm4.tif 4 4 0.6178320227632335 
ch00_p4-pl1-sample14-sperm7.tif 4 1 0.9972650775720011 
ch00_p4-pl1-sample16-sperm1.tif 4 4 0.6013425113292242 
ch00_p4-pl1-sample16-sperm16.tif 4 4 0.9524332396587123 
ch00_p4-pl1-sample16-sperm17.tif 4 4 0.9999994687272598 
ch00_p4-pl1-sample17-sperm5.tif 4 4 0.9981077817713241 
ch00_p4-pl1-sample18-sperm5.tif 4 4 0.9999999999269231 
ch00_p4-pl1-sample19-sperm6.tif 4 4 0.9919321092642771 
ch00_p4-pl1-sample2-sperm12.tif 4 4 0.9974128720345938 
ch00_p4-pl1-sample2-sperm3.tif 4 4 0.9999999999933356 
ch00_p4-pl1-sample2-sperm9.tif 4 4 0.7994961073586868 
ch00_p4-pl1-sample20-sperm11.tif 4 4 0.9999999527655302 
ch00_p4-pl1-sample20-sperm5.tif 4 4 0.9999988378597944 
ch00_p4-pl1-sample20-sperm9.tif 4 4 0.9999999990423636 
ch00_p4-pl1-sample4-sperm10.tif 4 4 0.9841491294425693 
ch00_p4-pl1-sample4-sperm11.tif 4 4 0.9904397280111189 
ch00_p4-pl1-sample4-sperm16.tif 4 4 0.9999999929209146 
ch00_p4-pl1-sample4-sperm9.tif 4 4 0.9473561986213083 
ch00_p4-pl1-sample5-sperm1.tif 4 4 0.9723945458109687 
ch00_p4-pl1-sample5-sperm7.tif 4 4 0.9989474230346106 
ch00_p4-pl1-sample5-sperm9.tif 4 4 0.9620986855363658 
ch00_p4-pl1-sample7-sperm13.tif 4 4 0.9999999999598782 
ch00_p4-pl1-sample7-sperm3.tif 4 4 0.994338510458632 
ch00_p4-pl1-sample8-sperm12.tif 4 4 0.9999975935090464 
ch00_p4-pl1-sample8-sperm2.tif 4 4 0.9826679685755385 
ch00_p4-pl1-sample8-sperm3.tif 4 4 0.8463660946068067 
ch00_p4-pl1-sample9-sperm11.tif 4 4 0.9702081452753251 
ch00_p4-pl1-sample9-sperm17.tif 4 2 0.6147762818236296 
ch00_p4-pl2-sample1-sperm1.tif 4 4 0.999999998124143 
ch00_p4-pl2-sample10-sperm11.tif 4 4 0.9999999983585226 
ch00_p4-pl2-sample10-sperm5.tif 4 4 0.9802619235631874 
ch00_p4-pl2-sample10-sperm7.tif 4 4 0.9999999992633993 
ch00_p4-pl2-sample11-sperm2.tif 4 4 0.7454607759482212 
ch00_p4-pl2-sample11-sperm4.tif 4 4 0.9895775851150592 
ch00_p4-pl2-sample12-sperm10.tif 4 4 0.9667917074594307 
ch00_p4-pl2-sample12-sperm11.tif 4 4 0.9929405847143626 
ch00_p4-pl2-sample12-sperm4.tif 4 4 0.9999915322455316 
ch00_p4-pl2-sample12-sperm9.tif 4 4 0.6022446042396162 
ch00_p4-pl2-sample13-sperm5.tif 4 4 0.9999996396656919 
ch00_p4-pl2-sample14-sperm10.tif 4 0 0.981697039635317 
ch00_p4-pl2-sample14-sperm6.tif 4 4 0.9999993900810232 
ch00_p4-pl2-sample14-sperm8.tif 4 1 0.5064669771137003 
ch00_p4-pl2-sample14-sperm9.tif 4 4 0.9999999999992415 
ch00_p4-pl2-sample15-sperm7.tif 4 4 0.9947660206747841 
ch00_p4-pl2-sample16-sperm7.tif 4 4 0.9999999736949005 
ch00_p4-pl2-sample16-sperm8.tif 4 4 0.6119787633153265 
ch00_p4-pl2-sample18-sperm3.tif 4 4 0.9999997204896323 
ch00_p4-pl2-sample18-sperm8.tif 4 4 0.9999999982284549 
ch00_p4-pl2-sample18-sperm9.tif 4 4 0.9999999999962172 
ch00_p4-pl2-sample19-sperm4.tif 4 4 0.9985174063070197 
ch00_p4-pl2-sample19-sperm8.tif 4 4 0.9999992944027483 
ch00_p4-pl2-sample2-sperm1.tif 4 4 0.9999999537087952 
ch00_p4-pl2-sample2-sperm10.tif 4 4 0.9999999978411563 
ch00_p4-pl2-sample2-sperm2.tif 4 4 0.7934581660138904 
ch00_p4-pl2-sample2-sperm3.tif 4 4 0.9999999772165116 
ch00_p4-pl2-sample20-sperm2.tif 4 4 0.9999998243673471 
ch00_p4-pl2-sample20-sperm3.tif 4 4 0.9936697405080771 
ch00_p4-pl2-sample3-sperm2.tif 4 4 0.9999999999543988 
ch00_p4-pl2-sample3-sperm3.tif 4 4 0.9999973984134853 
ch00_p4-pl2-sample3-sperm6.tif 4 4 0.9999993491232224 
ch00_p4-pl2-sample5-sperm5.tif 4 4 0.9987006323491073 
ch00_p4-pl2-sample6-sperm2.tif 4 4 0.9999995575552909 
ch00_p4-pl2-sample6-sperm5.tif 4 4 0.9999995598203918 
ch00_p4-pl2-sample6-sperm6.tif 4 4 0.5879932924416306 
ch00_p4-pl2-sample7-sperm3.tif 4 0 0.9857952407677955 
ch00_p4-pl2-sample7-sperm5.tif 4 4 0.985157930087685 
ch00_p4-pl2-sample7-sperm7.tif 4 4 0.8647046271332852 
ch00_p5-pl1-sample1-sperm12.tif 4 4 0.9766063519102817 
ch00_p5-pl1-sample1-sperm13.tif 4 4 0.9999926777545183 
ch00_p5-pl1-sample1-sperm15.tif 4 4 0.997585029654707 
ch00_p5-pl1-sample1-sperm7.tif 4 4 0.9782168843836058 
ch00_p5-pl1-sample10-sperm7.tif 4 4 0.9999983332116191 
ch00_p5-pl1-sample12-sperm13.tif 4 4 0.9999999981122956 
ch00_p5-pl1-sample15-sperm2.tif 4 4 0.9963393536002227 
ch00_p5-pl1-sample15-sperm3.tif 4 4 0.999997099527385 
ch00_p5-pl1-sample17-sperm13.tif 4 0 0.6857953754103678 
ch00_p5-pl1-sample17-sperm17.tif 4 4 0.9999998667915917 
ch00_p5-pl1-sample17-sperm2.tif 4 4 0.9999997020433079 
ch00_p5-pl1-sample17-sperm5.tif 4 4 0.9999996908666305 
ch00_p5-pl1-sample17-sperm9.tif 4 4 0.9738265105806799 
ch00_p5-pl1-sample18-sperm3.tif 4 4 0.9999999978381376 
ch00_p5-pl1-sample19-sperm2.tif 4 4 0.9943378127108834 
ch00_p5-pl1-sample2-sperm13.tif 4 4 0.9953772685636122 
ch00_p5-pl1-sample20-sperm2.tif 4 4 0.9999999998131981 
ch00_p5-pl1-sample20-sperm6.tif 4 4 0.9999988992763098 
ch00_p5-pl1-sample3-sperm13.tif 4 4 0.9999999998046326 
ch00_p5-pl1-sample3-sperm21.tif 4 4 0.9939818490359947 
ch00_p5-pl1-sample5-sperm18.tif 4 4 0.8831438009196539 
ch00_p5-pl1-sample5-sperm9.tif 4 4 0.9999999627392665 
ch00_p5-pl1-sample6-sperm9.tif 4 1 0.9520065071961 
ch00_p5-pl1-sample9-sperm4.tif 4 4 0.9999999994707257 
