ch00_p1-pl2-sample1-sperm10.tif 0 4 0.9977455488566941 
ch00_p1-pl2-sample10-sperm1.tif 0 1 0.4546557877647661 
ch00_p1-pl2-sample10-sperm4.tif 0 4 0.997802991049766 
ch00_p1-pl2-sample12-sperm9.tif 0 4 0.8610803866820513 
ch00_p1-pl2-sample14-sperm10.tif 0 4 0.4320394481277125 
ch00_p1-pl2-sample19-sperm7.tif 0 0 0.9675195762272119 
ch00_p1-pl2-sample22-sperm5.tif 0 4 0.5538519879327818 
ch00_p1-pl2-sample3-sperm4.tif 0 3 0.6381682937518277 
ch00_p1-pl2-sample35-sperm1.tif 0 1 0.3984703119324165 
ch00_p1-pl2-sample4-sperm20.tif 0 1 0.9447834521617154 
ch00_p1-pl2-sample4-sperm7.tif 0 1 0.8777320961343303 
ch00_p1-pl2-sample8-sperm6.tif 0 0 0.9355595011491766 
ch00_p1-pl2-sample9-sperm9.tif 0 4 0.9766990115153775 
ch00_p1-pl3-sample10-sperm2.tif 0 4 0.943962206332581 
ch00_p1-pl3-sample13-sperm3.tif 0 4 0.8900455515588325 
ch00_p1-pl3-sample15-sperm10.tif 0 1 0.5883400626015147 
ch00_p1-pl3-sample16-sperm7.tif 0 4 0.892586147657099 
ch00_p1-pl3-sample2-sperm3.tif 0 4 0.9466596318166787 
ch00_p1-pl3-sample20-sperm6.tif 0 0 0.6123809993451834 
ch00_p3-pl1-sample19-sperm2.tif 0 4 0.6789631551296177 
ch00_p3-pl1-sample25-sperm12.tif 0 0 0.929654313642385 
ch00_p3-pl1-sample25-sperm13.tif 0 4 0.9747968873954094 
ch00_p3-pl1-sample25-sperm3.tif 0 4 0.898465252884785 
ch00_p3-pl1-sample4-sperm4.tif 0 4 0.858040424868556 
ch00_p4-pl1-sample15-sperm4.tif 0 0 0.8135985398363059 
ch00_p4-pl1-sample18-sperm8.tif 0 4 0.9918780071736102 
ch00_p4-pl1-sample6-sperm10.tif 0 4 0.9601625543582087 
ch00_p4-pl2-sample14-sperm7.tif 0 4 0.9980506247561839 
ch00_p4-pl2-sample5-sperm6.tif 0 4 0.9999998480803822 
ch00_p5-pl1-sample2-sperm9.tif 0 4 0.9999980483876293 
ch00_p1-pl2-sample1-sperm6.tif 1 1 0.3663434021386645 
ch00_p1-pl2-sample10-sperm5.tif 1 4 0.9909963094224379 
ch00_p1-pl2-sample11-sperm10.tif 1 1 0.7960522797596804 
ch00_p1-pl2-sample11-sperm4.tif 1 1 0.990910194529533 
ch00_p1-pl2-sample13-sperm10.tif 1 1 0.9823362802218114 
ch00_p1-pl2-sample13-sperm6.tif 1 3 0.9261117763433375 
ch00_p1-pl2-sample15-sperm3.tif 1 4 0.7280266520473649 
ch00_p1-pl2-sample19-sperm4.tif 1 1 0.926999142493976 
ch00_p1-pl2-sample2-sperm12.tif 1 1 0.7079097284559315 
ch00_p1-pl2-sample2-sperm3.tif 1 4 0.9454717322797933 
ch00_p1-pl2-sample2-sperm4.tif 1 1 0.8616464392796084 
ch00_p1-pl2-sample20-sperm13.tif 1 1 0.5998726241051873 
ch00_p1-pl2-sample21-sperm3.tif 1 1 0.9999889406213417 
ch00_p1-pl2-sample21-sperm8.tif 1 4 0.9999993020390726 
ch00_p1-pl2-sample21-sperm9.tif 1 1 0.9999859149765907 
ch00_p1-pl2-sample22-sperm6.tif 1 4 0.975572013140961 
ch00_p1-pl2-sample24-sperm6.tif 1 4 0.4423459630375669 
ch00_p1-pl2-sample25-sperm2.tif 1 4 0.9959820241738383 
ch00_p1-pl2-sample27-sperm2.tif 1 4 0.9999993124167923 
ch00_p1-pl2-sample29-sperm5.tif 1 4 0.9999999980347412 
ch00_p1-pl2-sample3-sperm10.tif 1 1 0.8359571406585268 
ch00_p1-pl2-sample3-sperm3.tif 1 1 0.9999825902826479 
ch00_p1-pl2-sample3-sperm9.tif 1 1 0.7677116041292302 
ch00_p1-pl2-sample30-sperm5.tif 1 1 0.9972556227521802 
ch00_p1-pl2-sample30-sperm7.tif 1 4 0.9097658156559802 
ch00_p1-pl2-sample31-sperm4.tif 1 1 0.9854815161313575 
ch00_p1-pl2-sample31-sperm8.tif 1 4 0.713863034271096 
ch00_p1-pl2-sample32-sperm6.tif 1 1 0.997964709734851 
ch00_p1-pl2-sample33-sperm12.tif 1 1 0.9999510318329567 
ch00_p1-pl2-sample5-sperm5.tif 1 4 0.991492712241802 
ch00_p1-pl2-sample7-sperm11.tif 1 1 0.9987757702712777 
ch00_p1-pl2-sample8-sperm1.tif 1 4 0.9999999999848984 
ch00_p1-pl2-sample9-sperm8.tif 1 4 0.9151272245275779 
ch00_p1-pl3-sample11-sperm9.tif 1 1 0.9947927480211213 
ch00_p1-pl3-sample12-sperm19.tif 1 1 0.860898446205328 
ch00_p1-pl3-sample12-sperm2.tif 1 1 0.9956391317414942 
ch00_p1-pl3-sample12-sperm7.tif 1 2 0.8893192114154309 
ch00_p1-pl3-sample18-sperm3.tif 1 1 0.8774779633134281 
ch00_p1-pl3-sample20-sperm3.tif 1 4 0.9661401803568226 
ch00_p1-pl3-sample7-sperm10.tif 1 1 0.9999720758542455 
ch00_p1-pl3-sample7-sperm12.tif 1 1 0.9619070562564018 
ch00_p3-pl1-sample12-sperm5.tif 1 4 0.4315592764516063 
ch00_p3-pl1-sample15-sperm9.tif 1 4 0.869101355210628 
ch00_p3-pl1-sample17-sperm4.tif 1 4 0.9986610950430916 
ch00_p3-pl1-sample19-sperm7.tif 1 1 0.9993821516330335 
ch00_p3-pl1-sample21-sperm7.tif 1 1 0.9672059059454711 
ch00_p3-pl1-sample22-sperm1.tif 1 1 0.7506376365308273 
ch00_p3-pl1-sample23-sperm4.tif 1 1 0.9990171541155981 
ch00_p3-pl1-sample27-sperm2.tif 1 1 0.929078221373308 
ch00_p3-pl1-sample29-sperm6.tif 1 1 0.9997127400215842 
ch00_p3-pl1-sample3-sperm7.tif 1 4 0.6963283255857101 
ch00_p3-pl1-sample30-sperm2.tif 1 1 0.9981697008265281 
ch00_p3-pl1-sample31-sperm6.tif 1 4 0.787883807641468 
ch00_p3-pl1-sample32-sperm5.tif 1 4 0.9846902501644365 
ch00_p3-pl1-sample5-sperm6.tif 1 1 0.9999376542673752 
ch00_p3-pl1-sample8-sperm2.tif 1 1 0.9972749565415855 
ch00_p4-pl1-sample12-sperm7.tif 1 4 0.9924894801537886 
ch00_p4-pl1-sample19-sperm3.tif 1 4 0.9999998758287011 
ch00_p4-pl1-sample9-sperm16.tif 1 1 0.9974377608509324 
ch00_p4-pl2-sample11-sperm1.tif 1 4 0.5666737733584071 
ch00_p4-pl2-sample5-sperm7.tif 1 4 0.8650164512222156 
ch00_p5-pl1-sample11-sperm2.tif 1 1 0.999977712842289 
ch00_p5-pl1-sample12-sperm17.tif 1 4 0.9827962701781705 
ch00_p5-pl1-sample19-sperm11.tif 1 1 0.9258688422427183 
ch00_p5-pl1-sample20-sperm3.tif 1 4 0.999999207485443 
ch00_p5-pl1-sample4-sperm9.tif 1 4 0.9984651934005297 
ch00_p5-pl1-sample5-sperm20.tif 1 4 0.9430722413178907 
ch00_p5-pl1-sample6-sperm16.tif 1 1 0.9973011305248338 
ch00_p1-pl2-sample10-sperm7.tif 2 1 0.7569952020117279 
ch00_p1-pl2-sample13-sperm20.tif 2 2 0.5696547431133048 
ch00_p1-pl2-sample15-sperm2.tif 2 2 0.9912253626865102 
ch00_p1-pl2-sample17-sperm12.tif 2 4 0.788362192675792 
ch00_p1-pl2-sample20-sperm14.tif 2 4 0.9964626168427235 
ch00_p1-pl2-sample23-sperm9.tif 2 4 0.5733366794888477 
ch00_p1-pl2-sample34-sperm5.tif 2 1 0.4221851267845161 
ch00_p1-pl2-sample6-sperm2.tif 2 2 0.45597145188728544 
ch00_p1-pl2-sample9-sperm17.tif 2 4 0.9999999693125039 
ch00_p1-pl3-sample1-sperm11.tif 2 1 0.8892278498212253 
ch00_p1-pl3-sample17-sperm9.tif 2 2 0.9966420842477112 
ch00_p1-pl3-sample20-sperm4.tif 2 4 0.9179606834807493 
ch00_p1-pl3-sample6-sperm17.tif 2 0 0.5765964596389722 
ch00_p1-pl3-sample6-sperm2.tif 2 1 0.922682122956416 
ch00_p1-pl3-sample7-sperm13.tif 2 0 0.4318508018002851 
ch00_p1-pl3-sample7-sperm5.tif 2 2 0.7218925425848057 
ch00_p3-pl1-sample14-sperm8.tif 2 1 0.9886307258927424 
ch00_p3-pl1-sample28-sperm5.tif 2 2 0.9693579299946294 
ch00_p4-pl1-sample12-sperm15.tif 2 4 0.9707907613998993 
ch00_p4-pl1-sample13-sperm4.tif 2 4 0.3961252125044493 
ch00_p4-pl1-sample4-sperm6.tif 2 4 0.5057045724895723 
ch00_p4-pl1-sample7-sperm15.tif 2 4 0.9975413133496895 
ch00_p1-pl2-sample15-sperm6.tif 3 3 0.9751188714861528 
ch00_p1-pl2-sample17-sperm8.tif 3 4 0.8310245147855468 
ch00_p1-pl2-sample21-sperm5.tif 3 0 0.5765089268845267 
ch00_p1-pl2-sample23-sperm8.tif 3 3 0.6694637023620942 
ch00_p1-pl2-sample24-sperm3.tif 3 3 0.8653708109974068 
ch00_p1-pl2-sample33-sperm9.tif 3 4 0.9637256784847448 
ch00_p1-pl2-sample4-sperm12.tif 3 4 0.9999999856428063 
ch00_p1-pl2-sample7-sperm4.tif 3 4 0.44766186061165747 
ch00_p1-pl3-sample17-sperm4.tif 3 3 0.9969312398959715 
ch00_p1-pl3-sample20-sperm14.tif 3 4 0.9999999954101774 
ch00_p1-pl3-sample20-sperm9.tif 3 3 0.9715218333652984 
ch00_p1-pl3-sample23-sperm13.tif 3 4 0.9992481679923401 
ch00_p1-pl3-sample24-sperm1.tif 3 3 0.7940665894873655 
ch00_p1-pl3-sample4-sperm4.tif 3 4 0.9962392626746416 
ch00_p1-pl3-sample9-sperm9.tif 3 3 0.9997964261624372 
ch00_p3-pl1-sample10-sperm1.tif 3 4 0.9969178157563373 
ch00_p3-pl1-sample28-sperm2.tif 3 1 0.5557702561377752 
ch00_p4-pl1-sample10-sperm2.tif 3 4 0.999999993303974 
ch00_p4-pl1-sample11-sperm3.tif 3 3 0.5955612724466196 
ch00_p4-pl1-sample4-sperm13.tif 3 4 0.9554764362850032 
ch00_p5-pl1-sample18-sperm1.tif 3 4 0.9999998768198991 
ch00_p1-pl2-sample1-sperm1.tif 4 4 0.9999999999998922 
ch00_p1-pl2-sample10-sperm14.tif 4 4 0.9814442471520555 
ch00_p1-pl2-sample10-sperm16.tif 4 0 0.6561060039026902 
ch00_p1-pl2-sample12-sperm1.tif 4 4 0.9670739345189686 
ch00_p1-pl2-sample12-sperm11.tif 4 4 0.9999959236289765 
ch00_p1-pl2-sample13-sperm1.tif 4 4 0.998487460212925 
ch00_p1-pl2-sample13-sperm2.tif 4 4 0.9999996652457891 
ch00_p1-pl2-sample14-sperm14.tif 4 4 0.9618741656567639 
ch00_p1-pl2-sample14-sperm4.tif 4 4 0.9999998023317064 
ch00_p1-pl2-sample14-sperm8.tif 4 0 0.9239916176334206 
ch00_p1-pl2-sample18-sperm9.tif 4 4 0.9985760234631842 
ch00_p1-pl2-sample2-sperm17.tif 4 0 0.645384494497807 
ch00_p1-pl2-sample2-sperm8.tif 4 4 0.9999985221793072 
ch00_p1-pl2-sample23-sperm16.tif 4 4 0.9985156076284127 
ch00_p1-pl2-sample26-sperm1.tif 4 3 0.7123853765721418 
ch00_p1-pl2-sample28-sperm3.tif 4 4 0.9925921317434094 
ch00_p1-pl2-sample28-sperm4.tif 4 4 0.9999977816824542 
ch00_p1-pl2-sample28-sperm8.tif 4 4 0.9999984009565823 
ch00_p1-pl2-sample3-sperm13.tif 4 4 0.9959730757681579 
ch00_p1-pl2-sample30-sperm9.tif 4 4 0.8693837910912448 
ch00_p1-pl2-sample31-sperm6.tif 4 1 0.9998053928701531 
ch00_p1-pl2-sample31-sperm9.tif 4 4 0.6698836377317107 
ch00_p1-pl2-sample32-sperm11.tif 4 4 0.999999938428445 
ch00_p1-pl2-sample32-sperm9.tif 4 4 0.9999985018061585 
ch00_p1-pl2-sample33-sperm7.tif 4 4 0.9855898128545824 
ch00_p1-pl2-sample34-sperm10.tif 4 4 0.999999999710284 
ch00_p1-pl2-sample34-sperm11.tif 4 4 0.9999999999665171 
ch00_p1-pl2-sample34-sperm8.tif 4 4 0.9980761531999512 
ch00_p1-pl2-sample35-sperm9.tif 4 4 0.7276498883062751 
ch00_p1-pl2-sample4-sperm4.tif 4 4 0.8442212625237223 
ch00_p1-pl2-sample8-sperm5.tif 4 4 0.9986990505720461 
ch00_p1-pl3-sample1-sperm13.tif 4 4 0.9842355481321465 
ch00_p1-pl3-sample10-sperm1.tif 4 4 0.9999998366463114 
ch00_p1-pl3-sample12-sperm10.tif 4 4 0.9999973806689714 
ch00_p1-pl3-sample13-sperm5.tif 4 4 0.9645975220874402 
ch00_p1-pl3-sample13-sperm7.tif 4 4 0.9999999999524933 
ch00_p1-pl3-sample13-sperm9.tif 4 2 0.9765097396202947 
ch00_p1-pl3-sample14-sperm15.tif 4 4 0.9999999903338649 
ch00_p1-pl3-sample15-sperm19.tif 4 4 0.9259286747666756 
ch00_p1-pl3-sample15-sperm5.tif 4 4 0.9956694657134184 
ch00_p1-pl3-sample17-sperm7.tif 4 4 0.9999999530324251 
ch00_p1-pl3-sample19-sperm1.tif 4 4 0.9999999989976543 
ch00_p1-pl3-sample19-sperm2.tif 4 4 0.9999999922383521 
ch00_p1-pl3-sample2-sperm10.tif 4 4 0.5200662966574459 
ch00_p1-pl3-sample2-sperm12.tif 4 4 0.6964898619629339 
ch00_p1-pl3-sample2-sperm14.tif 4 4 0.967163132193054 
ch00_p1-pl3-sample21-sperm4.tif 4 4 0.99334857001916 
ch00_p1-pl3-sample21-sperm9.tif 4 4 0.9999999280634735 
ch00_p1-pl3-sample22-sperm6.tif 4 3 0.9924892916595682 
ch00_p1-pl3-sample23-sperm11.tif 4 1 0.47642197416770793 
ch00_p1-pl3-sample23-sperm18.tif 4 4 0.9940051935211596 
ch00_p1-pl3-sample23-sperm6.tif 4 4 0.9999999999901964 
ch00_p1-pl3-sample24-sperm11.tif 4 4 0.9883696169006863 
ch00_p1-pl3-sample24-sperm13.tif 4 4 0.9999999958401548 
ch00_p1-pl3-sample24-sperm23.tif 4 4 0.9999999996788855 
ch00_p1-pl3-sample24-sperm6.tif 4 0 0.6522104572250952 
ch00_p1-pl3-sample25-sperm10.tif 4 1 0.7454163549975436 
ch00_p1-pl3-sample25-sperm3.tif 4 1 0.994603267361368 
ch00_p1-pl3-sample25-sperm4.tif 4 4 0.6237465768460455 
ch00_p1-pl3-sample25-sperm8.tif 4 4 0.9085799231719164 
ch00_p1-pl3-sample3-sperm4.tif 4 4 0.9980372275803313 
ch00_p1-pl3-sample3-sperm6.tif 4 4 0.9999999997097914 
ch00_p1-pl3-sample4-sperm10.tif 4 1 0.8714159371690807 
ch00_p1-pl3-sample4-sperm9.tif 4 4 0.9760864619566537 
ch00_p1-pl3-sample5-sperm13.tif 4 2 0.5389472003906932 
ch00_p1-pl3-sample8-sperm15.tif 4 4 0.9787228157910094 
ch00_p1-pl3-sample8-sperm6.tif 4 4 0.9688298400852948 
ch00_p1-pl3-sample9-sperm12.tif 4 4 0.9999984006824475 
ch00_p1-pl3-sample9-sperm14.tif 4 4 0.9999999988398408 
ch00_p1-pl3-sample9-sperm8.tif 4 4 0.9999982045035002 
ch00_p3-pl1-sample11-sperm1.tif 4 4 0.9999994713425604 
ch00_p3-pl1-sample13-sperm4.tif 4 4 0.9999999568587402 
ch00_p3-pl1-sample13-sperm6.tif 4 0 0.7105476393415088 
ch00_p3-pl1-sample15-sperm4.tif 4 4 0.9967719171850614 
ch00_p3-pl1-sample19-sperm9.tif 4 4 0.9808707350176952 
ch00_p3-pl1-sample2-sperm10.tif 4 3 0.5551400065405969 
ch00_p3-pl1-sample2-sperm5.tif 4 4 0.9999999148538841 
ch00_p3-pl1-sample2-sperm6.tif 4 3 0.89436918319769 
ch00_p3-pl1-sample20-sperm2.tif 4 0 0.4625356796278991 
ch00_p3-pl1-sample21-sperm4.tif 4 4 0.9999996928372737 
ch00_p3-pl1-sample23-sperm6.tif 4 4 0.8592615214895669 
ch00_p3-pl1-sample24-sperm4.tif 4 4 0.5223400450860209 
ch00_p3-pl1-sample25-sperm10.tif 4 4 0.996918224271321 
ch00_p3-pl1-sample25-sperm2.tif 4 4 0.9999982820673455 
ch00_p3-pl1-sample26-sperm5.tif 4 4 0.9999989186954744 
ch00_p3-pl1-sample29-sperm4.tif 4 4 0.9190584110416841 
ch00_p3-pl1-sample3-sperm2.tif 4 3 0.8402897414099012 
ch00_p3-pl1-sample3-sperm6.tif 4 4 0.9999993598809066 
ch00_p3-pl1-sample30-sperm4.tif 4 4 0.9999999999961924 
ch00_p3-pl1-sample32-sperm6.tif 4 4 0.9999999950270743 
ch00_p3-pl1-sample32-sperm7.tif 4 1 0.3900747537267382 
ch00_p3-pl1-sample5-sperm3.tif 4 1 0.7705221867157647 
ch00_p3-pl1-sample7-sperm1.tif 4 4 0.8472579433915877 
ch00_p3-pl1-sample7-sperm6.tif 4 4 0.9999999994418008 
ch00_p3-pl1-sample7-sperm7.tif 4 1 0.972880329827601 
ch00_p3-pl1-sample7-sperm8.tif 4 4 0.7616916959097997 
ch00_p4-pl1-sample1-sperm12.tif 4 4 0.6232701458052953 
ch00_p4-pl1-sample1-sperm7.tif 4 4 0.999999599006544 
ch00_p4-pl1-sample1-sperm8.tif 4 4 0.9999999640471224 
ch00_p4-pl1-sample1-sperm9.tif 4 4 0.704259969450288 
ch00_p4-pl1-sample10-sperm16.tif 4 0 0.9540824184960633 
ch00_p4-pl1-sample10-sperm17.tif 4 4 0.8922001180312475 
ch00_p4-pl1-sample10-sperm20.tif 4 4 0.7786181580478719 
ch00_p4-pl1-sample10-sperm21.tif 4 4 0.6592398942469491 
ch00_p4-pl1-sample10-sperm5.tif 4 4 0.7969188680749453 
ch00_p4-pl1-sample11-sperm14.tif 4 4 0.9795569896563353 
ch00_p4-pl1-sample11-sperm4.tif 4 4 0.9999994545806673 
ch00_p4-pl1-sample12-sperm1.tif 4 4 0.9535047654033106 
ch00_p4-pl1-sample12-sperm8.tif 4 4 0.9956963778002357 
ch00_p4-pl1-sample13-sperm5.tif 4 4 0.9844885457037499 
ch00_p4-pl1-sample13-sperm7.tif 4 4 0.715288708879567 
ch00_p4-pl1-sample13-sperm8.tif 4 4 0.9967430903723922 
ch00_p4-pl1-sample14-sperm13.tif 4 4 0.9889501054211458 
ch00_p4-pl1-sample14-sperm3.tif 4 4 0.9999999355471377 
ch00_p4-pl1-sample14-sperm5.tif 4 4 0.9971551674224108 
ch00_p4-pl1-sample14-sperm7.tif 4 4 0.9854208021442715 
ch00_p4-pl1-sample15-sperm5.tif 4 4 0.9956583333410458 
ch00_p4-pl1-sample16-sperm10.tif 4 4 0.9999999849727179 
ch00_p4-pl1-sample16-sperm17.tif 4 4 0.9999999975166955 
ch00_p4-pl1-sample16-sperm7.tif 4 4 0.8094035887479151 
ch00_p4-pl1-sample18-sperm1.tif 4 4 0.998168502593222 
ch00_p4-pl1-sample2-sperm1.tif 4 4 0.5205757897709528 
ch00_p4-pl1-sample2-sperm13.tif 4 4 0.9967111107914481 
ch00_p4-pl1-sample4-sperm10.tif 4 4 0.9605976914913443 
ch00_p4-pl1-sample4-sperm3.tif 4 4 0.8171465861576908 
ch00_p4-pl1-sample5-sperm1.tif 4 4 0.9817922662005013 
ch00_p4-pl1-sample5-sperm2.tif 4 4 0.6395095542225975 
ch00_p4-pl1-sample5-sperm9.tif 4 2 0.5696099663415848 
ch00_p4-pl1-sample6-sperm3.tif 4 4 0.9423561104130515 
ch00_p4-pl1-sample6-sperm7.tif 4 4 0.996886376537322 
ch00_p4-pl1-sample7-sperm10.tif 4 4 0.5975848253736609 
ch00_p4-pl1-sample7-sperm13.tif 4 3 0.9333680866004369 
ch00_p4-pl1-sample7-sperm2.tif 4 4 0.999999400394927 
ch00_p4-pl1-sample7-sperm8.tif 4 4 0.870419697526079 
ch00_p4-pl1-sample8-sperm1.tif 4 4 0.8517867816199314 
ch00_p4-pl1-sample8-sperm10.tif 4 4 0.7147125512378892 
ch00_p4-pl1-sample8-sperm12.tif 4 4 0.971108525091287 
ch00_p4-pl1-sample8-sperm9.tif 4 4 0.9999965449406826 
ch00_p4-pl1-sample9-sperm2.tif 4 4 0.9999999989207699 
ch00_p4-pl1-sample9-sperm6.tif 4 4 0.9999999985088586 
ch00_p4-pl2-sample10-sperm7.tif 4 4 0.9999999988979199 
ch00_p4-pl2-sample12-sperm1.tif 4 4 0.9490663612569256 
ch00_p4-pl2-sample12-sperm11.tif 4 4 0.997907691032146 
ch00_p4-pl2-sample12-sperm7.tif 4 4 0.9950054302277355 
ch00_p4-pl2-sample13-sperm10.tif 4 4 0.9999994859004591 
ch00_p4-pl2-sample13-sperm2.tif 4 4 0.9785810882999496 
ch00_p4-pl2-sample15-sperm5.tif 4 4 0.9695515579616811 
ch00_p4-pl2-sample16-sperm4.tif 4 4 0.5396305282646393 
ch00_p4-pl2-sample16-sperm5.tif 4 3 0.6392446044160724 
ch00_p4-pl2-sample17-sperm3.tif 4 4 0.9999999909945211 
ch00_p4-pl2-sample18-sperm1.tif 4 4 0.9999983358507083 
ch00_p4-pl2-sample18-sperm3.tif 4 4 0.9999999985567906 
ch00_p4-pl2-sample19-sperm3.tif 4 4 0.9959762955689023 
ch00_p4-pl2-sample19-sperm4.tif 4 4 0.9742316645154522 
ch00_p4-pl2-sample2-sperm10.tif 4 4 0.9999980552711236 
ch00_p4-pl2-sample20-sperm3.tif 4 4 0.999999714020539 
ch00_p4-pl2-sample20-sperm5.tif 4 4 0.7089946714714649 
ch00_p4-pl2-sample3-sperm3.tif 4 4 0.9999999799350499 
ch00_p4-pl2-sample3-sperm4.tif 4 4 0.9999995882030711 
ch00_p4-pl2-sample3-sperm6.tif 4 4 0.5527602767210943 
ch00_p4-pl2-sample3-sperm7.tif 4 4 0.9999999999286632 
ch00_p4-pl2-sample5-sperm4.tif 4 4 0.9970877193159231 
ch00_p4-pl2-sample5-sperm5.tif 4 3 0.8668361148839283 
ch00_p4-pl2-sample6-sperm3.tif 4 4 0.999999995646129 
ch00_p4-pl2-sample7-sperm10.tif 4 4 0.9999999498980554 
ch00_p4-pl2-sample7-sperm3.tif 4 4 0.9956722317517255 
ch00_p4-pl2-sample7-sperm7.tif 4 1 0.9999676771198344 
ch00_p4-pl2-sample7-sperm8.tif 4 4 0.9999999455514902 
ch00_p4-pl2-sample8-sperm1.tif 4 4 0.9999998439409626 
ch00_p4-pl2-sample8-sperm2.tif 4 4 0.967029859808097 
ch00_p4-pl2-sample8-sperm9.tif 4 4 0.999999999954305 
ch00_p4-pl2-sample9-sperm7.tif 4 4 0.9640469846838219 
ch00_p5-pl1-sample1-sperm5.tif 4 4 0.9980303941941094 
ch00_p5-pl1-sample1-sperm6.tif 4 4 0.9900805925931679 
ch00_p5-pl1-sample10-sperm4.tif 4 4 0.9940824307936759 
ch00_p5-pl1-sample10-sperm6.tif 4 4 0.9966533807531919 
ch00_p5-pl1-sample10-sperm7.tif 4 4 0.9999982546551357 
ch00_p5-pl1-sample12-sperm15.tif 4 4 0.9965077609664688 
ch00_p5-pl1-sample12-sperm16.tif 4 4 0.9565333174805539 
ch00_p5-pl1-sample12-sperm5.tif 4 4 0.9999999978474498 
ch00_p5-pl1-sample12-sperm7.tif 4 0 0.9494206914621212 
ch00_p5-pl1-sample14-sperm8.tif 4 4 0.9999998865229214 
ch00_p5-pl1-sample15-sperm2.tif 4 4 0.634143502292722 
ch00_p5-pl1-sample15-sperm7.tif 4 4 0.9973585579489104 
ch00_p5-pl1-sample17-sperm2.tif 4 4 0.999998493243952 
ch00_p5-pl1-sample17-sperm5.tif 4 4 0.9853687155936511 
ch00_p5-pl1-sample2-sperm10.tif 4 4 0.9999996350652905 
ch00_p5-pl1-sample20-sperm13.tif 4 4 0.9999999917951936 
ch00_p5-pl1-sample3-sperm21.tif 4 4 0.9974525587958109 
ch00_p5-pl1-sample4-sperm3.tif 4 4 0.9999965835641114 
ch00_p5-pl1-sample4-sperm8.tif 4 4 0.9999975762076615 
ch00_p5-pl1-sample5-sperm19.tif 4 4 0.8635250824718618 
ch00_p5-pl1-sample9-sperm1.tif 4 4 0.9999971160729835 
ch00_p5-pl1-sample9-sperm3.tif 4 4 0.9865411187357065 
ch00_p5-pl1-sample9-sperm5.tif 4 4 0.9967642015906537 
ch00_p5-pl1-sample9-sperm6.tif 4 4 0.999998776714459 
