ch00_p1-pl2-sample1-sperm10.tif 0 4 0.7928792561310529 
ch00_p1-pl2-sample10-sperm1.tif 0 0 0.6626994477911082 
ch00_p1-pl2-sample10-sperm4.tif 0 0 0.6139815861268789 
ch00_p1-pl2-sample12-sperm9.tif 0 0 0.9966974206414496 
ch00_p1-pl2-sample14-sperm10.tif 0 4 0.7698148561031252 
ch00_p1-pl2-sample19-sperm7.tif 0 4 0.8396197019416582 
ch00_p1-pl2-sample22-sperm5.tif 0 4 0.7704722593203547 
ch00_p1-pl2-sample3-sperm4.tif 0 1 0.8492457198176474 
ch00_p1-pl2-sample35-sperm1.tif 0 4 0.7441288387569315 
ch00_p1-pl2-sample4-sperm20.tif 0 0 0.989506696031615 
ch00_p1-pl2-sample4-sperm7.tif 0 1 0.8373098707178281 
ch00_p1-pl2-sample8-sperm6.tif 0 0 0.9889530971795539 
ch00_p1-pl2-sample9-sperm9.tif 0 4 0.9474654142958878 
ch00_p1-pl3-sample10-sperm2.tif 0 4 0.9871551464100151 
ch00_p1-pl3-sample13-sperm3.tif 0 4 0.9938652912964323 
ch00_p1-pl3-sample15-sperm10.tif 0 0 0.9989605300322648 
ch00_p1-pl3-sample16-sperm7.tif 0 0 0.9785750616265648 
ch00_p1-pl3-sample2-sperm3.tif 0 4 0.9954312742189795 
ch00_p1-pl3-sample20-sperm6.tif 0 0 0.8330060843286297 
ch00_p3-pl1-sample19-sperm2.tif 0 0 0.9633653091801614 
ch00_p3-pl1-sample25-sperm12.tif 0 0 0.9993235749939564 
ch00_p3-pl1-sample25-sperm13.tif 0 0 0.9304613893605225 
ch00_p3-pl1-sample25-sperm3.tif 0 4 0.7250022441987745 
ch00_p3-pl1-sample4-sperm4.tif 0 0 0.8088741456413355 
ch00_p4-pl1-sample15-sperm4.tif 0 0 0.9851151054739206 
ch00_p4-pl1-sample18-sperm8.tif 0 4 0.9888859895245983 
ch00_p4-pl1-sample6-sperm10.tif 0 2 0.9523794102697585 
ch00_p4-pl2-sample14-sperm7.tif 0 0 0.9787994943262314 
ch00_p4-pl2-sample5-sperm6.tif 0 4 0.9887524068100727 
ch00_p5-pl1-sample2-sperm9.tif 0 4 0.9551255382765268 
ch00_p1-pl2-sample1-sperm6.tif 1 1 0.817372740826213 
ch00_p1-pl2-sample10-sperm5.tif 1 4 0.9953879527002993 
ch00_p1-pl2-sample11-sperm10.tif 1 4 0.8171393656700711 
ch00_p1-pl2-sample11-sperm4.tif 1 4 0.9722145576078337 
ch00_p1-pl2-sample13-sperm10.tif 1 1 0.9611753238659453 
ch00_p1-pl2-sample13-sperm6.tif 1 2 0.9315547171262821 
ch00_p1-pl2-sample15-sperm3.tif 1 1 0.8911984421395257 
ch00_p1-pl2-sample19-sperm4.tif 1 4 0.6690995424359176 
ch00_p1-pl2-sample2-sperm12.tif 1 1 0.8569125567537397 
ch00_p1-pl2-sample2-sperm3.tif 1 4 0.8886905431478757 
ch00_p1-pl2-sample2-sperm4.tif 1 1 0.9355106200918314 
ch00_p1-pl2-sample20-sperm13.tif 1 2 0.8519855655129119 
ch00_p1-pl2-sample21-sperm3.tif 1 1 0.9987005093612691 
ch00_p1-pl2-sample21-sperm8.tif 1 4 0.9801222022560598 
ch00_p1-pl2-sample21-sperm9.tif 1 1 0.6759699766601198 
ch00_p1-pl2-sample22-sperm6.tif 1 2 0.9361219588071146 
ch00_p1-pl2-sample24-sperm6.tif 1 1 0.9606181657515245 
ch00_p1-pl2-sample25-sperm2.tif 1 4 0.9999997131897592 
ch00_p1-pl2-sample27-sperm2.tif 1 4 0.6867533702587282 
ch00_p1-pl2-sample29-sperm5.tif 1 1 0.6563528106042176 
ch00_p1-pl2-sample3-sperm10.tif 1 1 0.9909568051222953 
ch00_p1-pl2-sample3-sperm3.tif 1 2 0.882065651051403 
ch00_p1-pl2-sample3-sperm9.tif 1 1 0.7949637838188586 
ch00_p1-pl2-sample30-sperm5.tif 1 1 0.9442974114937869 
ch00_p1-pl2-sample30-sperm7.tif 1 1 0.9912160763682184 
ch00_p1-pl2-sample31-sperm4.tif 1 1 0.9977533198722071 
ch00_p1-pl2-sample31-sperm8.tif 1 4 0.9981397997669131 
ch00_p1-pl2-sample32-sperm6.tif 1 4 0.9487636789405944 
ch00_p1-pl2-sample33-sperm12.tif 1 1 0.9990393083463398 
ch00_p1-pl2-sample5-sperm5.tif 1 0 0.9955168199497646 
ch00_p1-pl2-sample7-sperm11.tif 1 1 0.9979354640447604 
ch00_p1-pl2-sample8-sperm1.tif 1 4 0.9999999974730684 
ch00_p1-pl2-sample9-sperm8.tif 1 4 0.9960327422051766 
ch00_p1-pl3-sample11-sperm9.tif 1 1 0.990192078068809 
ch00_p1-pl3-sample12-sperm19.tif 1 4 0.5071454457213836 
ch00_p1-pl3-sample12-sperm2.tif 1 4 0.9766040732301191 
ch00_p1-pl3-sample12-sperm7.tif 1 2 0.9990316423609886 
ch00_p1-pl3-sample18-sperm3.tif 1 1 0.84315706381298 
ch00_p1-pl3-sample20-sperm3.tif 1 3 0.45158132181794436 
ch00_p1-pl3-sample7-sperm10.tif 1 1 0.9982572027136117 
ch00_p1-pl3-sample7-sperm12.tif 1 1 0.9828539906324041 
ch00_p3-pl1-sample12-sperm5.tif 1 1 0.999564939575079 
ch00_p3-pl1-sample15-sperm9.tif 1 4 0.7525258721534149 
ch00_p3-pl1-sample17-sperm4.tif 1 1 0.9579026685542015 
ch00_p3-pl1-sample19-sperm7.tif 1 1 0.9952594230787983 
ch00_p3-pl1-sample21-sperm7.tif 1 1 0.9995835830676835 
ch00_p3-pl1-sample22-sperm1.tif 1 4 0.9880864375568013 
ch00_p3-pl1-sample23-sperm4.tif 1 1 0.5460946451850028 
ch00_p3-pl1-sample27-sperm2.tif 1 1 0.7460056604260337 
ch00_p3-pl1-sample29-sperm6.tif 1 1 0.999916136821282 
ch00_p3-pl1-sample3-sperm7.tif 1 1 0.9952550090580625 
ch00_p3-pl1-sample30-sperm2.tif 1 1 0.9997095102976097 
ch00_p3-pl1-sample31-sperm6.tif 1 1 0.9895413766238809 
ch00_p3-pl1-sample32-sperm5.tif 1 4 0.9494622938921146 
ch00_p3-pl1-sample5-sperm6.tif 1 1 0.9996068513300105 
ch00_p3-pl1-sample8-sperm2.tif 1 1 0.9028936467552493 
ch00_p4-pl1-sample12-sperm7.tif 1 1 0.9949963151357053 
ch00_p4-pl1-sample19-sperm3.tif 1 1 0.9703779285342095 
ch00_p4-pl1-sample9-sperm16.tif 1 1 0.9992052423394402 
ch00_p4-pl2-sample11-sperm1.tif 1 1 0.9556388477244231 
ch00_p4-pl2-sample5-sperm7.tif 1 1 0.963889349594185 
ch00_p5-pl1-sample11-sperm2.tif 1 1 0.9994774580718165 
ch00_p5-pl1-sample12-sperm17.tif 1 1 0.99452883710083 
ch00_p5-pl1-sample19-sperm11.tif 1 1 0.9979664765167553 
ch00_p5-pl1-sample20-sperm3.tif 1 1 0.9574088212974953 
ch00_p5-pl1-sample4-sperm9.tif 1 3 0.6787841654715612 
ch00_p5-pl1-sample5-sperm20.tif 1 1 0.7408592106938674 
ch00_p5-pl1-sample6-sperm16.tif 1 1 0.9993792781657962 
ch00_p1-pl2-sample10-sperm7.tif 2 4 0.9999981203796129 
ch00_p1-pl2-sample13-sperm20.tif 2 2 0.9977132791132128 
ch00_p1-pl2-sample15-sperm2.tif 2 2 0.7670316661052182 
ch00_p1-pl2-sample17-sperm12.tif 2 2 0.5198470261566008 
ch00_p1-pl2-sample20-sperm14.tif 2 4 0.9973745987993734 
ch00_p1-pl2-sample23-sperm9.tif 2 2 0.9992221825956143 
ch00_p1-pl2-sample34-sperm5.tif 2 2 0.9981294669780854 
ch00_p1-pl2-sample6-sperm2.tif 2 2 0.9855792133577366 
ch00_p1-pl2-sample9-sperm17.tif 2 4 0.9999980080366481 
ch00_p1-pl3-sample1-sperm11.tif 2 1 0.9799450141954849 
ch00_p1-pl3-sample17-sperm9.tif 2 2 0.9989669505159969 
ch00_p1-pl3-sample20-sperm4.tif 2 2 0.9044378506110916 
ch00_p1-pl3-sample6-sperm17.tif 2 2 0.6784039847707857 
ch00_p1-pl3-sample6-sperm2.tif 2 2 0.7642420974303248 
ch00_p1-pl3-sample7-sperm13.tif 2 4 0.9368733185180983 
ch00_p1-pl3-sample7-sperm5.tif 2 2 0.8890827400422616 
ch00_p3-pl1-sample14-sperm8.tif 2 4 0.9984248659673544 
ch00_p3-pl1-sample28-sperm5.tif 2 4 0.9697474537774452 
ch00_p4-pl1-sample12-sperm15.tif 2 4 0.9083768105493795 
ch00_p4-pl1-sample13-sperm4.tif 2 2 0.9993951398659427 
ch00_p4-pl1-sample4-sperm6.tif 2 2 0.9986634391762444 
ch00_p4-pl1-sample7-sperm15.tif 2 4 0.9999999372825388 
ch00_p1-pl2-sample15-sperm6.tif 3 3 0.9180010937553655 
ch00_p1-pl2-sample17-sperm8.tif 3 4 0.842459760755345 
ch00_p1-pl2-sample21-sperm5.tif 3 0 0.8746294145661822 
ch00_p1-pl2-sample23-sperm8.tif 3 3 0.9742162183967892 
ch00_p1-pl2-sample24-sperm3.tif 3 3 0.9623342224264416 
ch00_p1-pl2-sample33-sperm9.tif 3 4 0.9999989793684679 
ch00_p1-pl2-sample4-sperm12.tif 3 4 0.997371296001392 
ch00_p1-pl2-sample7-sperm4.tif 3 4 0.4882004468630948 
ch00_p1-pl3-sample17-sperm4.tif 3 3 0.8356640277099784 
ch00_p1-pl3-sample20-sperm14.tif 3 4 0.9999999020595316 
ch00_p1-pl3-sample20-sperm9.tif 3 3 0.9885303231321382 
ch00_p1-pl3-sample23-sperm13.tif 3 4 0.9906692094379346 
ch00_p1-pl3-sample24-sperm1.tif 3 3 0.7834720374587006 
ch00_p1-pl3-sample4-sperm4.tif 3 4 0.9710638454463552 
ch00_p1-pl3-sample9-sperm9.tif 3 3 0.9644044737128601 
ch00_p3-pl1-sample10-sperm1.tif 3 0 0.9240743298638131 
ch00_p3-pl1-sample28-sperm2.tif 3 4 0.51753024352725 
ch00_p4-pl1-sample10-sperm2.tif 3 4 0.9999999842628766 
ch00_p4-pl1-sample11-sperm3.tif 3 3 0.9873506815688344 
ch00_p4-pl1-sample4-sperm13.tif 3 3 0.7929299470610073 
ch00_p5-pl1-sample18-sperm1.tif 3 3 0.9611728435250834 
ch00_p1-pl2-sample1-sperm1.tif 4 4 0.9978012753063937 
ch00_p1-pl2-sample10-sperm14.tif 4 4 0.43819698934244916 
ch00_p1-pl2-sample10-sperm16.tif 4 0 0.9666836722981671 
ch00_p1-pl2-sample12-sperm1.tif 4 2 0.9984608035901199 
ch00_p1-pl2-sample12-sperm11.tif 4 4 0.986766921049278 
ch00_p1-pl2-sample13-sperm1.tif 4 4 0.9919064557521863 
ch00_p1-pl2-sample13-sperm2.tif 4 4 0.9982985188272266 
ch00_p1-pl2-sample14-sperm14.tif 4 2 0.997906298136345 
ch00_p1-pl2-sample14-sperm4.tif 4 4 0.9523601317328261 
ch00_p1-pl2-sample14-sperm8.tif 4 0 0.9996869597518937 
ch00_p1-pl2-sample18-sperm9.tif 4 4 0.8726595735664818 
ch00_p1-pl2-sample2-sperm17.tif 4 1 0.4150508500114087 
ch00_p1-pl2-sample2-sperm8.tif 4 4 0.9972524740166642 
ch00_p1-pl2-sample23-sperm16.tif 4 4 0.9985806949944851 
ch00_p1-pl2-sample26-sperm1.tif 4 4 0.8057978673975817 
ch00_p1-pl2-sample28-sperm3.tif 4 4 0.9999999249713457 
ch00_p1-pl2-sample28-sperm4.tif 4 4 0.9740852124526401 
ch00_p1-pl2-sample28-sperm8.tif 4 4 0.999998463856494 
ch00_p1-pl2-sample3-sperm13.tif 4 3 0.8390773359861101 
ch00_p1-pl2-sample30-sperm9.tif 4 2 0.6908162965372698 
ch00_p1-pl2-sample31-sperm6.tif 4 1 0.9952386520450557 
ch00_p1-pl2-sample31-sperm9.tif 4 4 0.9444699659291592 
ch00_p1-pl2-sample32-sperm11.tif 4 4 0.9573873965423072 
ch00_p1-pl2-sample32-sperm9.tif 4 4 0.9991887982153183 
ch00_p1-pl2-sample33-sperm7.tif 4 4 0.9819414978313916 
ch00_p1-pl2-sample34-sperm10.tif 4 4 0.9963558332590946 
ch00_p1-pl2-sample34-sperm11.tif 4 4 0.8676042654082717 
ch00_p1-pl2-sample34-sperm8.tif 4 4 0.9689613517134092 
ch00_p1-pl2-sample35-sperm9.tif 4 0 0.37009937976039253 
ch00_p1-pl2-sample4-sperm4.tif 4 2 0.9974878059723092 
ch00_p1-pl2-sample8-sperm5.tif 4 4 0.9863315245581037 
ch00_p1-pl3-sample1-sperm13.tif 4 4 0.8874713954762949 
ch00_p1-pl3-sample10-sperm1.tif 4 4 0.8545676935289984 
ch00_p1-pl3-sample12-sperm10.tif 4 4 0.9723167632298905 
ch00_p1-pl3-sample13-sperm5.tif 4 4 0.8752304605336405 
ch00_p1-pl3-sample13-sperm7.tif 4 4 0.9073706393807233 
ch00_p1-pl3-sample13-sperm9.tif 4 2 0.7915806828103006 
ch00_p1-pl3-sample14-sperm15.tif 4 2 0.9532500380585787 
ch00_p1-pl3-sample15-sperm19.tif 4 4 0.9984787705160644 
ch00_p1-pl3-sample15-sperm5.tif 4 4 0.9986873196177868 
ch00_p1-pl3-sample17-sperm7.tif 4 4 0.7142955524970973 
ch00_p1-pl3-sample19-sperm1.tif 4 3 0.7210997384856508 
ch00_p1-pl3-sample19-sperm2.tif 4 4 0.9603486422332489 
ch00_p1-pl3-sample2-sperm10.tif 4 0 0.896249697206922 
ch00_p1-pl3-sample2-sperm12.tif 4 4 0.9215234053181612 
ch00_p1-pl3-sample2-sperm14.tif 4 4 0.6211240125305335 
ch00_p1-pl3-sample21-sperm4.tif 4 4 0.8428543865553977 
ch00_p1-pl3-sample21-sperm9.tif 4 4 0.9999974568361005 
ch00_p1-pl3-sample22-sperm6.tif 4 4 0.5634228632260748 
ch00_p1-pl3-sample23-sperm11.tif 4 1 0.8157357385454875 
ch00_p1-pl3-sample23-sperm18.tif 4 4 0.9829650368443192 
ch00_p1-pl3-sample23-sperm6.tif 4 4 0.9979677454176539 
ch00_p1-pl3-sample24-sperm11.tif 4 3 0.7890731401998032 
ch00_p1-pl3-sample24-sperm13.tif 4 4 0.9999997287072229 
ch00_p1-pl3-sample24-sperm23.tif 4 4 0.9999999993964774 
ch00_p1-pl3-sample24-sperm6.tif 4 0 0.9847023758832019 
ch00_p1-pl3-sample25-sperm10.tif 4 4 0.9892030600144205 
ch00_p1-pl3-sample25-sperm3.tif 4 1 0.9950817031238542 
ch00_p1-pl3-sample25-sperm4.tif 4 2 0.9110565385050521 
ch00_p1-pl3-sample25-sperm8.tif 4 0 0.9973680722056676 
ch00_p1-pl3-sample3-sperm4.tif 4 4 0.8932639145441121 
ch00_p1-pl3-sample3-sperm6.tif 4 4 0.9991880873150989 
ch00_p1-pl3-sample4-sperm10.tif 4 4 0.7545519957150538 
ch00_p1-pl3-sample4-sperm9.tif 4 4 0.7480383149527938 
ch00_p1-pl3-sample5-sperm13.tif 4 4 0.8367697799125942 
ch00_p1-pl3-sample8-sperm15.tif 4 4 0.9999988093803542 
ch00_p1-pl3-sample8-sperm6.tif 4 4 0.790861649273332 
ch00_p1-pl3-sample9-sperm12.tif 4 0 0.47473780094224877 
ch00_p1-pl3-sample9-sperm14.tif 4 4 0.9999974983962278 
ch00_p1-pl3-sample9-sperm8.tif 4 4 0.9971338102143841 
ch00_p3-pl1-sample11-sperm1.tif 4 4 0.7813640002967418 
ch00_p3-pl1-sample13-sperm4.tif 4 4 0.9977551117816096 
ch00_p3-pl1-sample13-sperm6.tif 4 4 0.719979941554769 
ch00_p3-pl1-sample15-sperm4.tif 4 4 0.9973633220974343 
ch00_p3-pl1-sample19-sperm9.tif 4 4 0.946219934663929 
ch00_p3-pl1-sample2-sperm10.tif 4 0 0.5420669822474615 
ch00_p3-pl1-sample2-sperm5.tif 4 2 0.9927323435685378 
ch00_p3-pl1-sample2-sperm6.tif 4 3 0.8758323188970697 
ch00_p3-pl1-sample20-sperm2.tif 4 0 0.9973432574330517 
ch00_p3-pl1-sample21-sperm4.tif 4 4 0.7972159392216068 
ch00_p3-pl1-sample23-sperm6.tif 4 2 0.9784677090649233 
ch00_p3-pl1-sample24-sperm4.tif 4 0 0.557807052995603 
ch00_p3-pl1-sample25-sperm10.tif 4 1 0.9952270499264645 
ch00_p3-pl1-sample25-sperm2.tif 4 4 0.9384582991621518 
ch00_p3-pl1-sample26-sperm5.tif 4 4 0.9398375305111271 
ch00_p3-pl1-sample29-sperm4.tif 4 4 0.9999989796824436 
ch00_p3-pl1-sample3-sperm2.tif 4 3 0.8473432469266564 
ch00_p3-pl1-sample3-sperm6.tif 4 2 0.8799383310361 
ch00_p3-pl1-sample30-sperm4.tif 4 4 0.9987682003075067 
ch00_p3-pl1-sample32-sperm6.tif 4 4 0.5902231841521516 
ch00_p3-pl1-sample32-sperm7.tif 4 0 0.49670605397586415 
ch00_p3-pl1-sample5-sperm3.tif 4 4 0.6698065770663719 
ch00_p3-pl1-sample7-sperm1.tif 4 4 0.8546660314481344 
ch00_p3-pl1-sample7-sperm6.tif 4 1 0.38118258443950337 
ch00_p3-pl1-sample7-sperm7.tif 4 2 0.9984158194289525 
ch00_p3-pl1-sample7-sperm8.tif 4 4 0.992077170175837 
ch00_p4-pl1-sample1-sperm12.tif 4 1 0.9743877265888785 
ch00_p4-pl1-sample1-sperm7.tif 4 4 0.9797017530736502 
ch00_p4-pl1-sample1-sperm8.tif 4 4 0.9999999445755573 
ch00_p4-pl1-sample1-sperm9.tif 4 2 0.9945647609781986 
ch00_p4-pl1-sample10-sperm16.tif 4 0 0.7338707451935762 
ch00_p4-pl1-sample10-sperm17.tif 4 0 0.6910730926785522 
ch00_p4-pl1-sample10-sperm20.tif 4 4 0.9854811216574029 
ch00_p4-pl1-sample10-sperm21.tif 4 4 0.994706522151485 
ch00_p4-pl1-sample10-sperm5.tif 4 4 0.9999999978894817 
ch00_p4-pl1-sample11-sperm14.tif 4 4 0.6332131528375319 
ch00_p4-pl1-sample11-sperm4.tif 4 2 0.9111318600940194 
ch00_p4-pl1-sample12-sperm1.tif 4 4 0.9106852695569225 
ch00_p4-pl1-sample12-sperm8.tif 4 0 0.5207412937620899 
ch00_p4-pl1-sample13-sperm5.tif 4 2 0.9731865970153482 
ch00_p4-pl1-sample13-sperm7.tif 4 2 0.8495212616583784 
ch00_p4-pl1-sample13-sperm8.tif 4 1 0.9470642639646485 
ch00_p4-pl1-sample14-sperm13.tif 4 4 0.8162636806580207 
ch00_p4-pl1-sample14-sperm3.tif 4 4 0.9957192946939202 
ch00_p4-pl1-sample14-sperm5.tif 4 1 0.9401800499913435 
ch00_p4-pl1-sample14-sperm7.tif 4 4 0.8346747731100803 
ch00_p4-pl1-sample15-sperm5.tif 4 4 0.5682887265090972 
ch00_p4-pl1-sample16-sperm10.tif 4 2 0.9994942826533557 
ch00_p4-pl1-sample16-sperm17.tif 4 4 0.9888607555257222 
ch00_p4-pl1-sample16-sperm7.tif 4 4 0.6926716917105239 
ch00_p4-pl1-sample18-sperm1.tif 4 2 0.7677383946134698 
ch00_p4-pl1-sample2-sperm1.tif 4 1 0.965600163023896 
ch00_p4-pl1-sample2-sperm13.tif 4 4 0.7074410651566658 
ch00_p4-pl1-sample4-sperm10.tif 4 4 0.9957241357083141 
ch00_p4-pl1-sample4-sperm3.tif 4 4 0.9779411049663211 
ch00_p4-pl1-sample5-sperm1.tif 4 4 0.9831399740136043 
ch00_p4-pl1-sample5-sperm2.tif 4 1 0.6392684231374861 
ch00_p4-pl1-sample5-sperm9.tif 4 2 0.9890331018247345 
ch00_p4-pl1-sample6-sperm3.tif 4 3 0.9932786374176693 
ch00_p4-pl1-sample6-sperm7.tif 4 4 0.9921354286022487 
ch00_p4-pl1-sample7-sperm10.tif 4 0 0.9221739870347303 
ch00_p4-pl1-sample7-sperm13.tif 4 4 0.9918822160094317 
ch00_p4-pl1-sample7-sperm2.tif 4 4 0.9999971765160242 
ch00_p4-pl1-sample7-sperm8.tif 4 0 0.9882395554796634 
ch00_p4-pl1-sample8-sperm1.tif 4 2 0.9603895842046346 
ch00_p4-pl1-sample8-sperm10.tif 4 2 0.7336659673135484 
ch00_p4-pl1-sample8-sperm12.tif 4 2 0.9965911482721457 
ch00_p4-pl1-sample8-sperm9.tif 4 4 0.9244254888979927 
ch00_p4-pl1-sample9-sperm2.tif 4 4 0.9999994867172743 
ch00_p4-pl1-sample9-sperm6.tif 4 4 0.9901724378181513 
ch00_p4-pl2-sample10-sperm7.tif 4 4 0.999999777181632 
ch00_p4-pl2-sample12-sperm1.tif 4 0 0.36252913056355995 
ch00_p4-pl2-sample12-sperm11.tif 4 2 0.9905252819568939 
ch00_p4-pl2-sample12-sperm7.tif 4 2 0.9926071075755307 
ch00_p4-pl2-sample13-sperm10.tif 4 4 0.9959236275980227 
ch00_p4-pl2-sample13-sperm2.tif 4 0 0.7517890712460479 
ch00_p4-pl2-sample15-sperm5.tif 4 2 0.9991980030244473 
ch00_p4-pl2-sample16-sperm4.tif 4 4 0.9643592915364215 
ch00_p4-pl2-sample16-sperm5.tif 4 3 0.9892411989071968 
ch00_p4-pl2-sample17-sperm3.tif 4 4 0.9068189770703735 
ch00_p4-pl2-sample18-sperm1.tif 4 4 0.9896947552274366 
ch00_p4-pl2-sample18-sperm3.tif 4 4 0.5986319214220777 
ch00_p4-pl2-sample19-sperm3.tif 4 1 0.919523373334116 
ch00_p4-pl2-sample19-sperm4.tif 4 0 0.9615996804879798 
ch00_p4-pl2-sample2-sperm10.tif 4 0 0.8430825046664792 
ch00_p4-pl2-sample20-sperm3.tif 4 0 0.9043609899067022 
ch00_p4-pl2-sample20-sperm5.tif 4 0 0.8663817799940468 
ch00_p4-pl2-sample3-sperm3.tif 4 4 0.9980058626528441 
ch00_p4-pl2-sample3-sperm4.tif 4 4 0.9999999959769941 
ch00_p4-pl2-sample3-sperm6.tif 4 2 0.9868747723461277 
ch00_p4-pl2-sample3-sperm7.tif 4 4 0.9999996642261715 
ch00_p4-pl2-sample5-sperm4.tif 4 0 0.8994391559806187 
ch00_p4-pl2-sample5-sperm5.tif 4 3 0.8130276570377947 
ch00_p4-pl2-sample6-sperm3.tif 4 4 0.710727402915968 
ch00_p4-pl2-sample7-sperm10.tif 4 4 0.9999988685936763 
ch00_p4-pl2-sample7-sperm3.tif 4 0 0.9765498786399689 
ch00_p4-pl2-sample7-sperm7.tif 4 1 0.9986403176434698 
ch00_p4-pl2-sample7-sperm8.tif 4 4 0.9999997637126173 
ch00_p4-pl2-sample8-sperm1.tif 4 4 0.9408935156519396 
ch00_p4-pl2-sample8-sperm2.tif 4 2 0.8793059824428968 
ch00_p4-pl2-sample8-sperm9.tif 4 4 0.9283996958828595 
ch00_p4-pl2-sample9-sperm7.tif 4 2 0.9956516977812714 
ch00_p5-pl1-sample1-sperm5.tif 4 4 0.7148712068193541 
ch00_p5-pl1-sample1-sperm6.tif 4 1 0.9894925743401709 
ch00_p5-pl1-sample10-sperm4.tif 4 4 0.4848194159436274 
ch00_p5-pl1-sample10-sperm6.tif 4 4 0.9799737717928755 
ch00_p5-pl1-sample10-sperm7.tif 4 3 0.9780307559653012 
ch00_p5-pl1-sample12-sperm15.tif 4 0 0.9872440052749021 
ch00_p5-pl1-sample12-sperm16.tif 4 4 0.9925239141590915 
ch00_p5-pl1-sample12-sperm5.tif 4 4 0.9980243199200836 
ch00_p5-pl1-sample12-sperm7.tif 4 0 0.9966484738351753 
ch00_p5-pl1-sample14-sperm8.tif 4 4 0.9966362807294392 
ch00_p5-pl1-sample15-sperm2.tif 4 4 0.9960067962668464 
ch00_p5-pl1-sample15-sperm7.tif 4 1 0.971287090315225 
ch00_p5-pl1-sample17-sperm2.tif 4 4 0.9999994748039343 
ch00_p5-pl1-sample17-sperm5.tif 4 4 0.8437519147083082 
ch00_p5-pl1-sample2-sperm10.tif 4 1 0.888196343193692 
ch00_p5-pl1-sample20-sperm13.tif 4 4 0.9980458210530835 
ch00_p5-pl1-sample3-sperm21.tif 4 1 0.5335243570635215 
ch00_p5-pl1-sample4-sperm3.tif 4 4 0.999999133721322 
ch00_p5-pl1-sample4-sperm8.tif 4 4 0.7612870506846475 
ch00_p5-pl1-sample5-sperm19.tif 4 4 0.7166175872151069 
ch00_p5-pl1-sample9-sperm1.tif 4 4 0.9975523344385328 
ch00_p5-pl1-sample9-sperm3.tif 4 1 0.6172721434816303 
ch00_p5-pl1-sample9-sperm5.tif 4 3 0.8448144948255596 
ch00_p5-pl1-sample9-sperm6.tif 4 4 0.96189620505897 
