ch00_p1-pl2-sample1-sperm3.tif 0 0 0.9999297760958626 
ch00_p1-pl2-sample10-sperm4.tif 0 0 0.9667526721535068 
ch00_p1-pl2-sample12-sperm13.tif 0 4 0.9775272809486505 
ch00_p1-pl2-sample22-sperm5.tif 0 4 0.8578797539186782 
ch00_p1-pl2-sample25-sperm4.tif 0 4 0.9750384097647848 
ch00_p1-pl2-sample3-sperm7.tif 0 4 0.9898033610127476 
ch00_p1-pl2-sample30-sperm2.tif 0 0 0.7390574880651466 
ch00_p1-pl2-sample34-sperm9.tif 0 0 0.9990706958000827 
ch00_p1-pl2-sample4-sperm20.tif 0 4 0.9882519278619943 
ch00_p1-pl2-sample5-sperm3.tif 0 0 0.8844258896268627 
ch00_p1-pl2-sample8-sperm6.tif 0 0 0.9999110572401955 
ch00_p1-pl2-sample9-sperm9.tif 0 0 0.9970615316379505 
ch00_p1-pl3-sample15-sperm13.tif 0 4 0.9549511778570736 
ch00_p1-pl3-sample17-sperm5.tif 0 4 0.8490637261904135 
ch00_p1-pl3-sample2-sperm3.tif 0 0 0.5649300989596538 
ch00_p1-pl3-sample24-sperm4.tif 0 4 0.9937414644572532 
ch00_p1-pl3-sample6-sperm11.tif 0 4 0.9999996145525883 
ch00_p3-pl1-sample21-sperm2.tif 0 0 0.9544883357811247 
ch00_p4-pl1-sample1-sperm3.tif 0 4 0.9915587728414267 
ch00_p4-pl1-sample14-sperm1.tif 0 4 0.996117917964423 
ch00_p4-pl1-sample15-sperm6.tif 0 0 0.9998089383881702 
ch00_p4-pl1-sample17-sperm9.tif 0 0 0.4925294015478458 
ch00_p4-pl1-sample19-sperm1.tif 0 0 0.9152021301256151 
ch00_p4-pl1-sample2-sperm4.tif 0 3 0.559279633352054 
ch00_p4-pl1-sample20-sperm7.tif 0 0 0.5697567689281817 
ch00_p4-pl1-sample6-sperm10.tif 0 0 0.9813352821283867 
ch00_p4-pl2-sample14-sperm7.tif 0 0 0.49612657955313993 
ch00_p5-pl1-sample2-sperm9.tif 0 0 0.9055964069445374 
ch00_p5-pl1-sample5-sperm12.tif 0 4 0.9891856967803617 
ch00_p5-pl1-sample7-sperm9.tif 0 0 0.5820075172857484 
ch00_p1-pl2-sample10-sperm3.tif 1 1 0.9956038726177091 
ch00_p1-pl2-sample11-sperm10.tif 1 1 0.9976189004573626 
ch00_p1-pl2-sample11-sperm12.tif 1 1 0.9746379438351147 
ch00_p1-pl2-sample12-sperm4.tif 1 4 0.978817742416676 
ch00_p1-pl2-sample13-sperm18.tif 1 1 0.999344166429813 
ch00_p1-pl2-sample14-sperm13.tif 1 1 0.9482692065375937 
ch00_p1-pl2-sample17-sperm5.tif 1 4 0.6440803829897435 
ch00_p1-pl2-sample19-sperm11.tif 1 1 0.9967293212488308 
ch00_p1-pl2-sample19-sperm14.tif 1 2 0.9939359418870765 
ch00_p1-pl2-sample2-sperm3.tif 1 3 0.911309773556535 
ch00_p1-pl2-sample22-sperm1.tif 1 1 0.9992993706720699 
ch00_p1-pl2-sample23-sperm10.tif 1 4 0.9574150581048979 
ch00_p1-pl2-sample23-sperm14.tif 1 2 0.9928947957112206 
ch00_p1-pl2-sample25-sperm5.tif 1 1 0.6307442687087437 
ch00_p1-pl2-sample3-sperm17.tif 1 1 0.7670794808572114 
ch00_p1-pl2-sample3-sperm3.tif 1 1 0.9846720519091526 
ch00_p1-pl2-sample30-sperm7.tif 1 1 0.790364494760259 
ch00_p1-pl2-sample32-sperm7.tif 1 2 0.8184352464574642 
ch00_p1-pl2-sample35-sperm7.tif 1 2 0.8075107514671456 
ch00_p1-pl2-sample4-sperm17.tif 1 1 0.9591816809868382 
ch00_p1-pl2-sample4-sperm8.tif 1 4 0.9872169263053349 
ch00_p1-pl2-sample6-sperm7.tif 1 4 0.9353142978559619 
ch00_p1-pl2-sample7-sperm2.tif 1 4 0.99145882314778 
ch00_p1-pl2-sample9-sperm11.tif 1 1 0.997917856350113 
ch00_p1-pl2-sample9-sperm12.tif 1 2 0.9194353207914544 
ch00_p1-pl3-sample1-sperm10.tif 1 4 0.9890729909897386 
ch00_p1-pl3-sample10-sperm4.tif 1 4 0.9868298190135489 
ch00_p1-pl3-sample10-sperm6.tif 1 1 0.9997381714739363 
ch00_p1-pl3-sample11-sperm10.tif 1 4 0.817522960648807 
ch00_p1-pl3-sample12-sperm2.tif 1 1 0.5442730409582552 
ch00_p1-pl3-sample12-sperm5.tif 1 1 0.9934506740625271 
ch00_p1-pl3-sample12-sperm7.tif 1 2 0.5365555255048694 
ch00_p1-pl3-sample15-sperm21.tif 1 2 0.963183628204729 
ch00_p1-pl3-sample15-sperm6.tif 1 4 0.8514896947914107 
ch00_p1-pl3-sample18-sperm4.tif 1 4 0.8072380080069465 
ch00_p1-pl3-sample19-sperm4.tif 1 2 0.8926804769386844 
ch00_p1-pl3-sample20-sperm3.tif 1 1 0.5368057039364197 
ch00_p1-pl3-sample24-sperm2.tif 1 4 0.9803353693077045 
ch00_p1-pl3-sample7-sperm10.tif 1 1 0.6352464950617394 
ch00_p1-pl3-sample9-sperm13.tif 1 2 0.9944037972925465 
ch00_p3-pl1-sample11-sperm2.tif 1 4 0.9972845025186029 
ch00_p3-pl1-sample14-sperm2.tif 1 1 0.9066765439860318 
ch00_p3-pl1-sample17-sperm3.tif 1 4 0.9433864858507897 
ch00_p3-pl1-sample18-sperm1.tif 1 1 0.9994842016815628 
ch00_p3-pl1-sample18-sperm3.tif 1 1 0.9960646535359314 
ch00_p3-pl1-sample19-sperm7.tif 1 1 0.8122703108042512 
ch00_p3-pl1-sample22-sperm2.tif 1 4 0.9782463645726491 
ch00_p3-pl1-sample23-sperm11.tif 1 2 0.8375250867264311 
ch00_p3-pl1-sample27-sperm2.tif 1 1 0.9719018178805944 
ch00_p3-pl1-sample5-sperm6.tif 1 1 0.9976866727275815 
ch00_p4-pl1-sample12-sperm5.tif 1 4 0.9921315609463116 
ch00_p4-pl1-sample17-sperm3.tif 1 4 0.5711062928640407 
ch00_p4-pl1-sample19-sperm3.tif 1 4 0.6510212061575176 
ch00_p4-pl1-sample20-sperm13.tif 1 1 0.7071111242982452 
ch00_p4-pl1-sample7-sperm16.tif 1 4 0.9934014168641608 
ch00_p4-pl1-sample8-sperm14.tif 1 4 0.9984875795878247 
ch00_p4-pl1-sample9-sperm13.tif 1 1 0.9783509717144365 
ch00_p4-pl2-sample1-sperm6.tif 1 1 0.9216429073047472 
ch00_p4-pl2-sample5-sperm7.tif 1 1 0.970055989820405 
ch00_p5-pl1-sample16-sperm7.tif 1 4 0.9658729092838428 
ch00_p5-pl1-sample17-sperm15.tif 1 1 0.9980902723035815 
ch00_p5-pl1-sample18-sperm11.tif 1 4 0.9331044940596522 
ch00_p5-pl1-sample2-sperm2.tif 1 1 0.9906879921579919 
ch00_p5-pl1-sample20-sperm11.tif 1 1 0.9983336631572131 
ch00_p5-pl1-sample20-sperm9.tif 1 1 0.9571732608893705 
ch00_p5-pl1-sample5-sperm20.tif 1 4 0.8447715818434482 
ch00_p5-pl1-sample7-sperm6.tif 1 4 0.9969977827964095 
ch00_p5-pl1-sample7-sperm7.tif 1 1 0.9722778147210521 
ch00_p1-pl2-sample10-sperm13.tif 2 4 0.9908552624665484 
ch00_p1-pl2-sample17-sperm12.tif 2 4 0.9954831684960542 
ch00_p1-pl2-sample2-sperm6.tif 2 4 0.7089699560404874 
ch00_p1-pl2-sample20-sperm14.tif 2 4 0.9987730426010522 
ch00_p1-pl2-sample23-sperm9.tif 2 4 0.9999982881521748 
ch00_p1-pl2-sample31-sperm10.tif 2 4 0.9966653913073675 
ch00_p1-pl2-sample33-sperm13.tif 2 0 0.5131765723938526 
ch00_p1-pl2-sample34-sperm5.tif 2 1 0.6052313559547483 
ch00_p1-pl2-sample35-sperm6.tif 2 2 0.5636454247910657 
ch00_p1-pl3-sample1-sperm15.tif 2 4 0.8982819112403246 
ch00_p1-pl3-sample1-sperm9.tif 2 2 0.9746125360328733 
ch00_p1-pl3-sample11-sperm7.tif 2 4 0.9892274976976951 
ch00_p1-pl3-sample12-sperm11.tif 2 2 0.9989510679509401 
ch00_p1-pl3-sample21-sperm10.tif 2 2 0.9834886511352238 
ch00_p1-pl3-sample6-sperm17.tif 2 2 0.9288701237054797 
ch00_p1-pl3-sample6-sperm2.tif 2 4 0.8903440608302795 
ch00_p1-pl3-sample9-sperm4.tif 2 2 0.9750361648134416 
ch00_p4-pl1-sample14-sperm10.tif 2 4 0.9932406263572208 
ch00_p4-pl1-sample19-sperm4.tif 2 4 0.6108057411662513 
ch00_p4-pl1-sample3-sperm10.tif 2 2 0.9872998663774019 
ch00_p4-pl1-sample3-sperm7.tif 2 4 0.9980157072928402 
ch00_p4-pl2-sample4-sperm11.tif 2 2 0.9948713207202005 
ch00_p1-pl2-sample11-sperm3.tif 3 4 0.9581903742025594 
ch00_p1-pl2-sample18-sperm8.tif 3 3 0.8732857523649834 
ch00_p1-pl2-sample21-sperm7.tif 3 1 0.9792857821490111 
ch00_p1-pl2-sample25-sperm9.tif 3 0 0.6499014229826057 
ch00_p1-pl2-sample27-sperm1.tif 3 0 0.9019276812906527 
ch00_p1-pl2-sample28-sperm2.tif 3 3 0.955114514696415 
ch00_p1-pl2-sample5-sperm11.tif 3 3 0.5244433749505426 
ch00_p1-pl2-sample5-sperm4.tif 3 4 0.9318262852841427 
ch00_p1-pl3-sample12-sperm9.tif 3 4 0.9855788114462364 
ch00_p1-pl3-sample13-sperm12.tif 3 4 0.9858626112642865 
ch00_p1-pl3-sample15-sperm11.tif 3 0 0.9987603179551788 
ch00_p1-pl3-sample20-sperm9.tif 3 0 0.4726518647954723 
ch00_p1-pl3-sample23-sperm13.tif 3 3 0.9980942413166946 
ch00_p1-pl3-sample23-sperm16.tif 3 4 0.9905103141080249 
ch00_p1-pl3-sample23-sperm7.tif 3 4 0.5108477871518863 
ch00_p1-pl3-sample9-sperm6.tif 3 3 0.9978781751735664 
ch00_p3-pl1-sample14-sperm6.tif 3 4 0.9710288879908077 
ch00_p3-pl1-sample28-sperm2.tif 3 4 0.5064680369588508 
ch00_p3-pl1-sample30-sperm1.tif 3 0 0.5103393958856891 
ch00_p4-pl1-sample6-sperm12.tif 3 3 0.5198898943064783 
ch00_p4-pl2-sample12-sperm8.tif 3 4 0.9399517560688762 
ch00_p1-pl2-sample1-sperm2.tif 4 4 0.9971610099304742 
ch00_p1-pl2-sample10-sperm12.tif 4 4 0.967538263279559 
ch00_p1-pl2-sample10-sperm14.tif 4 0 0.9250941450163459 
ch00_p1-pl2-sample10-sperm2.tif 4 4 0.9980473034562827 
ch00_p1-pl2-sample10-sperm8.tif 4 4 0.9968191606187203 
ch00_p1-pl2-sample12-sperm11.tif 4 4 0.9937218686395831 
ch00_p1-pl2-sample12-sperm12.tif 4 4 0.9988233659254652 
ch00_p1-pl2-sample12-sperm5.tif 4 4 0.9999989945474763 
ch00_p1-pl2-sample12-sperm7.tif 4 2 0.9349370907859941 
ch00_p1-pl2-sample13-sperm16.tif 4 4 0.9876703495359014 
ch00_p1-pl2-sample14-sperm14.tif 4 4 0.9868540825153916 
ch00_p1-pl2-sample14-sperm2.tif 4 4 0.995814749349432 
ch00_p1-pl2-sample14-sperm3.tif 4 4 0.9951684635755582 
ch00_p1-pl2-sample14-sperm4.tif 4 4 0.9907752098842084 
ch00_p1-pl2-sample14-sperm8.tif 4 4 0.8267409635430445 
ch00_p1-pl2-sample15-sperm5.tif 4 4 0.9884906159802538 
ch00_p1-pl2-sample18-sperm6.tif 4 4 0.8362212027302683 
ch00_p1-pl2-sample18-sperm9.tif 4 4 0.9895371802720957 
ch00_p1-pl2-sample2-sperm8.tif 4 4 0.999997130905116 
ch00_p1-pl2-sample22-sperm11.tif 4 4 0.9775093521626542 
ch00_p1-pl2-sample24-sperm13.tif 4 4 0.9588889841386496 
ch00_p1-pl2-sample27-sperm8.tif 4 4 0.9825266609847282 
ch00_p1-pl2-sample28-sperm1.tif 4 4 0.8440729215889364 
ch00_p1-pl2-sample28-sperm3.tif 4 4 0.9984920482466046 
ch00_p1-pl2-sample28-sperm4.tif 4 3 0.99566583174789 
ch00_p1-pl2-sample3-sperm13.tif 4 4 0.954975229557009 
ch00_p1-pl2-sample3-sperm14.tif 4 4 0.9982231859844943 
ch00_p1-pl2-sample30-sperm6.tif 4 4 0.9575233620797564 
ch00_p1-pl2-sample31-sperm11.tif 4 4 0.8073364360965782 
ch00_p1-pl2-sample33-sperm4.tif 4 4 0.952838311732418 
ch00_p1-pl2-sample34-sperm11.tif 4 4 0.9928762373487936 
ch00_p1-pl2-sample34-sperm3.tif 4 4 0.9690288380105749 
ch00_p1-pl2-sample34-sperm6.tif 4 1 0.9959808807211602 
ch00_p1-pl2-sample34-sperm8.tif 4 4 0.9944665098586495 
ch00_p1-pl2-sample35-sperm12.tif 4 4 0.9512431091713449 
ch00_p1-pl2-sample35-sperm5.tif 4 4 0.6749798827910564 
ch00_p1-pl2-sample4-sperm4.tif 4 2 0.9401606221343961 
ch00_p1-pl2-sample7-sperm13.tif 4 4 0.9666746671396408 
ch00_p1-pl2-sample8-sperm5.tif 4 4 0.9986067417091747 
ch00_p1-pl2-sample9-sperm18.tif 4 4 0.9948729015270134 
ch00_p1-pl2-sample9-sperm5.tif 4 1 0.9562788582609999 
ch00_p1-pl3-sample1-sperm4.tif 4 0 0.6172260582759957 
ch00_p1-pl3-sample12-sperm10.tif 4 1 0.4990210691055722 
ch00_p1-pl3-sample12-sperm4.tif 4 1 0.959874649143194 
ch00_p1-pl3-sample12-sperm8.tif 4 4 0.979355783782453 
ch00_p1-pl3-sample13-sperm8.tif 4 4 0.9660537949797692 
ch00_p1-pl3-sample14-sperm1.tif 4 4 0.9999974454002283 
ch00_p1-pl3-sample14-sperm13.tif 4 4 0.5534525874608559 
ch00_p1-pl3-sample14-sperm15.tif 4 4 0.9806881679733693 
ch00_p1-pl3-sample15-sperm2.tif 4 4 0.9985691581709963 
ch00_p1-pl3-sample15-sperm3.tif 4 1 0.7363234904539242 
ch00_p1-pl3-sample16-sperm8.tif 4 4 0.9793409391129649 
ch00_p1-pl3-sample17-sperm11.tif 4 4 0.9976870864845403 
ch00_p1-pl3-sample17-sperm2.tif 4 4 0.9924073281781379 
ch00_p1-pl3-sample19-sperm1.tif 4 4 0.9982850126331264 
ch00_p1-pl3-sample19-sperm3.tif 4 4 0.9473747519273124 
ch00_p1-pl3-sample2-sperm10.tif 4 4 0.9960213205473549 
ch00_p1-pl3-sample2-sperm11.tif 4 4 0.999999736835214 
ch00_p1-pl3-sample21-sperm1.tif 4 4 0.9626023414523034 
ch00_p1-pl3-sample22-sperm1.tif 4 1 0.996348284242203 
ch00_p1-pl3-sample22-sperm6.tif 4 4 0.9796967578776178 
ch00_p1-pl3-sample22-sperm7.tif 4 4 0.9918953925147002 
ch00_p1-pl3-sample22-sperm9.tif 4 4 0.8291252517008065 
ch00_p1-pl3-sample23-sperm2.tif 4 1 0.5780360628046589 
ch00_p1-pl3-sample23-sperm6.tif 4 1 0.9905815588585626 
ch00_p1-pl3-sample24-sperm20.tif 4 4 0.9985898024992723 
ch00_p1-pl3-sample25-sperm2.tif 4 4 0.9882658878451882 
ch00_p1-pl3-sample3-sperm1.tif 4 1 0.9652442243533014 
ch00_p1-pl3-sample3-sperm2.tif 4 3 0.9999961201935895 
ch00_p1-pl3-sample3-sperm4.tif 4 4 0.9977206214407143 
ch00_p1-pl3-sample4-sperm3.tif 4 3 0.8656568564814731 
ch00_p1-pl3-sample4-sperm8.tif 4 4 0.9977265219485786 
ch00_p1-pl3-sample7-sperm3.tif 4 4 0.9973342026119391 
ch00_p1-pl3-sample8-sperm17.tif 4 2 0.6610133163821877 
ch00_p1-pl3-sample8-sperm6.tif 4 4 0.8892906076887002 
ch00_p3-pl1-sample1-sperm5.tif 4 4 0.9819439793607408 
ch00_p3-pl1-sample11-sperm1.tif 4 4 0.99826989858515 
ch00_p3-pl1-sample11-sperm6.tif 4 4 0.6169520875072682 
ch00_p3-pl1-sample12-sperm6.tif 4 4 0.5668016693478216 
ch00_p3-pl1-sample12-sperm7.tif 4 4 0.9962444345125131 
ch00_p3-pl1-sample13-sperm6.tif 4 4 0.9974800529040759 
ch00_p3-pl1-sample15-sperm8.tif 4 4 0.9987337628485704 
ch00_p3-pl1-sample16-sperm3.tif 4 3 0.9846675732965992 
ch00_p3-pl1-sample16-sperm5.tif 4 0 0.6600922502011363 
ch00_p3-pl1-sample19-sperm8.tif 4 4 0.9976668942451624 
ch00_p3-pl1-sample2-sperm6.tif 4 4 0.9826782660682856 
ch00_p3-pl1-sample20-sperm1.tif 4 1 0.9795917547461328 
ch00_p3-pl1-sample21-sperm8.tif 4 3 0.9885987320482499 
ch00_p3-pl1-sample24-sperm2.tif 4 4 0.9984773506173736 
ch00_p3-pl1-sample25-sperm2.tif 4 4 0.956847523262278 
ch00_p3-pl1-sample26-sperm1.tif 4 4 0.99696960179462 
ch00_p3-pl1-sample26-sperm3.tif 4 4 0.9696570733316514 
ch00_p3-pl1-sample26-sperm7.tif 4 4 0.9648979939567304 
ch00_p3-pl1-sample29-sperm8.tif 4 4 0.9626677973540281 
ch00_p3-pl1-sample30-sperm4.tif 4 4 0.9978211846666314 
ch00_p3-pl1-sample30-sperm5.tif 4 4 0.9787465471213395 
ch00_p3-pl1-sample31-sperm2.tif 4 1 0.9971145634758821 
ch00_p3-pl1-sample4-sperm5.tif 4 4 0.9829691676880676 
ch00_p3-pl1-sample7-sperm1.tif 4 4 0.9999995529963871 
ch00_p3-pl1-sample7-sperm13.tif 4 0 0.9733555711400592 
ch00_p3-pl1-sample7-sperm6.tif 4 4 0.9658814211310633 
ch00_p3-pl1-sample7-sperm8.tif 4 4 0.9980919517059463 
ch00_p3-pl1-sample9-sperm9.tif 4 1 0.7981820119715987 
ch00_p4-pl1-sample1-sperm8.tif 4 4 0.9527641591192606 
ch00_p4-pl1-sample1-sperm9.tif 4 2 0.7667743060247938 
ch00_p4-pl1-sample10-sperm12.tif 4 3 0.998669890467722 
ch00_p4-pl1-sample10-sperm21.tif 4 4 0.9882671429710788 
ch00_p4-pl1-sample10-sperm6.tif 4 3 0.8510193662538046 
ch00_p4-pl1-sample11-sperm13.tif 4 4 0.9990092883166568 
ch00_p4-pl1-sample11-sperm8.tif 4 0 0.9899963725805913 
ch00_p4-pl1-sample12-sperm8.tif 4 4 0.9999997166481464 
ch00_p4-pl1-sample12-sperm9.tif 4 4 0.9999979364369244 
ch00_p4-pl1-sample13-sperm3.tif 4 4 0.9419269608900734 
ch00_p4-pl1-sample13-sperm8.tif 4 1 0.7812396641819204 
ch00_p4-pl1-sample14-sperm13.tif 4 0 0.9443427886786966 
ch00_p4-pl1-sample14-sperm3.tif 4 4 0.9744357417294326 
ch00_p4-pl1-sample16-sperm10.tif 4 2 0.9188586743484938 
ch00_p4-pl1-sample16-sperm17.tif 4 4 0.9990410261811414 
ch00_p4-pl1-sample16-sperm3.tif 4 1 0.992403513887856 
ch00_p4-pl1-sample18-sperm1.tif 4 4 0.7000135472757946 
ch00_p4-pl1-sample18-sperm5.tif 4 4 0.9999981564741464 
ch00_p4-pl1-sample18-sperm6.tif 4 4 0.9976525649346211 
ch00_p4-pl1-sample19-sperm9.tif 4 4 0.9999983987544613 
ch00_p4-pl1-sample2-sperm1.tif 4 4 0.9370724044284057 
ch00_p4-pl1-sample2-sperm9.tif 4 1 0.9904224277358775 
ch00_p4-pl1-sample3-sperm11.tif 4 2 0.9471054070749255 
ch00_p4-pl1-sample4-sperm10.tif 4 4 0.9787549410648362 
ch00_p4-pl1-sample4-sperm12.tif 4 4 0.8278205621553654 
ch00_p4-pl1-sample4-sperm14.tif 4 1 0.5048490424701347 
ch00_p4-pl1-sample4-sperm9.tif 4 4 0.9130631115289735 
ch00_p4-pl1-sample5-sperm1.tif 4 3 0.9072865965664805 
ch00_p4-pl1-sample5-sperm2.tif 4 4 0.9919495546079387 
ch00_p4-pl1-sample5-sperm9.tif 4 4 0.9958620089556167 
ch00_p4-pl1-sample6-sperm3.tif 4 4 0.6215698073545253 
ch00_p4-pl1-sample7-sperm13.tif 4 3 0.9999517495177727 
ch00_p4-pl1-sample7-sperm17.tif 4 0 0.739201703256428 
ch00_p4-pl1-sample7-sperm4.tif 4 0 0.9926412014660853 
ch00_p4-pl1-sample8-sperm2.tif 4 4 0.7266595849491541 
ch00_p4-pl1-sample8-sperm8.tif 4 4 0.8322729676609032 
ch00_p4-pl1-sample8-sperm9.tif 4 4 0.9999987037317728 
ch00_p4-pl1-sample9-sperm15.tif 4 0 0.43982411453028547 
ch00_p4-pl1-sample9-sperm17.tif 4 2 0.9904511351679577 
ch00_p4-pl1-sample9-sperm6.tif 4 4 0.9860182619173372 
ch00_p4-pl1-sample9-sperm9.tif 4 1 0.6665260580297648 
ch00_p4-pl2-sample1-sperm7.tif 4 4 0.9544603393843224 
ch00_p4-pl2-sample12-sperm9.tif 4 4 0.9066513453629386 
ch00_p4-pl2-sample13-sperm2.tif 4 0 0.7422963455930427 
ch00_p4-pl2-sample13-sperm7.tif 4 4 0.9833978167047455 
ch00_p4-pl2-sample15-sperm6.tif 4 4 0.9979124415556536 
ch00_p4-pl2-sample16-sperm4.tif 4 4 0.9950412164561575 
ch00_p4-pl2-sample16-sperm8.tif 4 2 0.527051078577236 
ch00_p4-pl2-sample17-sperm4.tif 4 1 0.6802037120397133 
ch00_p4-pl2-sample18-sperm2.tif 4 1 0.9015159091323588 
ch00_p4-pl2-sample19-sperm8.tif 4 4 0.980704951981362 
ch00_p4-pl2-sample2-sperm10.tif 4 4 0.7256641321589399 
ch00_p4-pl2-sample2-sperm6.tif 4 3 0.9667533750643851 
ch00_p4-pl2-sample20-sperm2.tif 4 4 0.997535049414653 
ch00_p4-pl2-sample20-sperm5.tif 4 4 0.7433631126486737 
ch00_p4-pl2-sample20-sperm6.tif 4 4 0.9968424609782583 
ch00_p4-pl2-sample3-sperm2.tif 4 1 0.9660360119073111 
ch00_p4-pl2-sample3-sperm3.tif 4 4 0.9717508373313162 
ch00_p4-pl2-sample3-sperm5.tif 4 4 0.9960036815560945 
ch00_p4-pl2-sample4-sperm2.tif 4 4 0.769083497709342 
ch00_p4-pl2-sample4-sperm7.tif 4 4 0.9999986278440526 
ch00_p4-pl2-sample5-sperm4.tif 4 4 0.9983030730366753 
ch00_p4-pl2-sample6-sperm2.tif 4 4 0.6681153127031807 
ch00_p4-pl2-sample6-sperm3.tif 4 4 0.9807897219260241 
ch00_p4-pl2-sample7-sperm3.tif 4 0 0.6899223689817786 
ch00_p4-pl2-sample7-sperm4.tif 4 4 0.99426267307967 
ch00_p4-pl2-sample7-sperm7.tif 4 4 0.9096777835832395 
ch00_p4-pl2-sample8-sperm9.tif 4 3 0.8977533461024246 
ch00_p5-pl1-sample1-sperm13.tif 4 4 0.9719991835385604 
ch00_p5-pl1-sample10-sperm18.tif 4 3 0.9956002545218795 
ch00_p5-pl1-sample10-sperm4.tif 4 4 0.7045059923944679 
ch00_p5-pl1-sample10-sperm6.tif 4 1 0.9967882668965409 
ch00_p5-pl1-sample10-sperm7.tif 4 4 0.8811410198998701 
ch00_p5-pl1-sample11-sperm4.tif 4 1 0.5784664999311493 
ch00_p5-pl1-sample12-sperm13.tif 4 4 0.9626481653943908 
ch00_p5-pl1-sample12-sperm6.tif 4 4 0.6853413888950567 
ch00_p5-pl1-sample13-sperm5.tif 4 4 0.9238960958756663 
ch00_p5-pl1-sample14-sperm6.tif 4 4 0.9087833586498285 
ch00_p5-pl1-sample15-sperm4.tif 4 4 0.5976629656913817 
ch00_p5-pl1-sample17-sperm13.tif 4 4 0.8885367174472355 
ch00_p5-pl1-sample17-sperm2.tif 4 3 0.9365627084931376 
ch00_p5-pl1-sample17-sperm3.tif 4 4 0.9440984010584009 
ch00_p5-pl1-sample19-sperm2.tif 4 4 0.9968151629481088 
ch00_p5-pl1-sample2-sperm10.tif 4 4 0.9601785765066001 
ch00_p5-pl1-sample2-sperm11.tif 4 4 0.8620270259712961 
ch00_p5-pl1-sample2-sperm6.tif 4 4 0.708407711653266 
ch00_p5-pl1-sample20-sperm13.tif 4 4 0.9916193588264923 
ch00_p5-pl1-sample4-sperm10.tif 4 3 0.8912096037336595 
ch00_p5-pl1-sample4-sperm2.tif 4 3 0.9887483933138068 
ch00_p5-pl1-sample4-sperm3.tif 4 4 0.9983785761773204 
ch00_p5-pl1-sample5-sperm9.tif 4 1 0.8496565349872685 
ch00_p5-pl1-sample7-sperm5.tif 4 4 0.7437267530557966 
ch00_p5-pl1-sample9-sperm3.tif 4 4 0.975384318027839 
