ch00_p1-pl2-sample1-sperm3.tif 0 0 0.9998654499449505 
ch00_p1-pl2-sample10-sperm4.tif 0 0 0.7300382459598947 
ch00_p1-pl2-sample12-sperm13.tif 0 4 0.9299532605438698 
ch00_p1-pl2-sample22-sperm5.tif 0 4 0.9401742835057665 
ch00_p1-pl2-sample25-sperm4.tif 0 4 0.9399976597434474 
ch00_p1-pl2-sample3-sperm7.tif 0 4 0.8234597984715804 
ch00_p1-pl2-sample30-sperm2.tif 0 0 0.9983943698052755 
ch00_p1-pl2-sample34-sperm9.tif 0 0 0.9358314757227879 
ch00_p1-pl2-sample4-sperm20.tif 0 4 0.9999976448224073 
ch00_p1-pl2-sample5-sperm3.tif 0 4 0.6447800171988598 
ch00_p1-pl2-sample8-sperm6.tif 0 0 0.9671098936435018 
ch00_p1-pl2-sample9-sperm9.tif 0 0 0.9990896505144043 
ch00_p1-pl3-sample15-sperm13.tif 0 4 0.9946225666213725 
ch00_p1-pl3-sample17-sperm5.tif 0 0 0.9952172072344345 
ch00_p1-pl3-sample2-sperm3.tif 0 0 0.7903364722071547 
ch00_p1-pl3-sample24-sperm4.tif 0 4 0.9879430362453462 
ch00_p1-pl3-sample6-sperm11.tif 0 4 0.9949465194571957 
ch00_p3-pl1-sample21-sperm2.tif 0 0 0.9999779042701854 
ch00_p4-pl1-sample1-sperm3.tif 0 4 0.9487941892797211 
ch00_p4-pl1-sample14-sperm1.tif 0 4 0.997879840212373 
ch00_p4-pl1-sample15-sperm6.tif 0 0 0.9625827344394294 
ch00_p4-pl1-sample17-sperm9.tif 0 0 0.9150488578096887 
ch00_p4-pl1-sample19-sperm1.tif 0 0 0.989565280841568 
ch00_p4-pl1-sample2-sperm4.tif 0 4 0.9960850265134986 
ch00_p4-pl1-sample20-sperm7.tif 0 4 0.9559291304232597 
ch00_p4-pl1-sample6-sperm10.tif 0 4 0.7310965507340668 
ch00_p4-pl2-sample14-sperm7.tif 0 4 0.9619840397815783 
ch00_p5-pl1-sample2-sperm9.tif 0 4 0.9899708554918624 
ch00_p5-pl1-sample5-sperm12.tif 0 4 0.9999993896653723 
ch00_p5-pl1-sample7-sperm9.tif 0 0 0.9922316159570002 
ch00_p1-pl2-sample10-sperm3.tif 1 1 0.9980474854067602 
ch00_p1-pl2-sample11-sperm10.tif 1 1 0.7949138916673696 
ch00_p1-pl2-sample11-sperm12.tif 1 1 0.9989203499417102 
ch00_p1-pl2-sample12-sperm4.tif 1 1 0.5044898175858238 
ch00_p1-pl2-sample13-sperm18.tif 1 1 0.9993677852301974 
ch00_p1-pl2-sample14-sperm13.tif 1 1 0.4992776791613138 
ch00_p1-pl2-sample17-sperm5.tif 1 0 0.583172322540614 
ch00_p1-pl2-sample19-sperm11.tif 1 1 0.9462128777717207 
ch00_p1-pl2-sample19-sperm14.tif 1 4 0.6343795652817806 
ch00_p1-pl2-sample2-sperm3.tif 1 4 0.999999805150967 
ch00_p1-pl2-sample22-sperm1.tif 1 1 0.9997980925415523 
ch00_p1-pl2-sample23-sperm10.tif 1 1 0.9343637233608298 
ch00_p1-pl2-sample23-sperm14.tif 1 4 0.803987120662391 
ch00_p1-pl2-sample25-sperm5.tif 1 4 0.9999981825954345 
ch00_p1-pl2-sample3-sperm17.tif 1 1 0.6652763282965085 
ch00_p1-pl2-sample3-sperm3.tif 1 1 0.9919617278488947 
ch00_p1-pl2-sample30-sperm7.tif 1 4 0.6964265890612583 
ch00_p1-pl2-sample32-sperm7.tif 1 4 0.8166199423747098 
ch00_p1-pl2-sample35-sperm7.tif 1 1 0.942576531226551 
ch00_p1-pl2-sample4-sperm17.tif 1 1 0.9893919839560978 
ch00_p1-pl2-sample4-sperm8.tif 1 4 0.9552972118417628 
ch00_p1-pl2-sample6-sperm7.tif 1 1 0.7766665659205971 
ch00_p1-pl2-sample7-sperm2.tif 1 4 0.9649599796791604 
ch00_p1-pl2-sample9-sperm11.tif 1 1 0.9997514047906294 
ch00_p1-pl2-sample9-sperm12.tif 1 1 0.9881344496117783 
ch00_p1-pl3-sample1-sperm10.tif 1 4 0.9762367376689345 
ch00_p1-pl3-sample10-sperm4.tif 1 4 0.9057154657622201 
ch00_p1-pl3-sample10-sperm6.tif 1 1 0.9999769946387815 
ch00_p1-pl3-sample11-sperm10.tif 1 1 0.9842612062725871 
ch00_p1-pl3-sample12-sperm2.tif 1 4 0.6677898271854933 
ch00_p1-pl3-sample12-sperm5.tif 1 1 0.9408327095737951 
ch00_p1-pl3-sample12-sperm7.tif 1 1 0.41935009654136973 
ch00_p1-pl3-sample15-sperm21.tif 1 4 0.8822221896828484 
ch00_p1-pl3-sample15-sperm6.tif 1 4 0.9302427249057462 
ch00_p1-pl3-sample18-sperm4.tif 1 1 0.9279327022674412 
ch00_p1-pl3-sample19-sperm4.tif 1 4 0.9985746481960582 
ch00_p1-pl3-sample20-sperm3.tif 1 4 0.5000211395622154 
ch00_p1-pl3-sample24-sperm2.tif 1 1 0.8859990623072954 
ch00_p1-pl3-sample7-sperm10.tif 1 1 0.980078912903402 
ch00_p1-pl3-sample9-sperm13.tif 1 2 0.9200970289993687 
ch00_p3-pl1-sample11-sperm2.tif 1 4 0.8650349275592385 
ch00_p3-pl1-sample14-sperm2.tif 1 4 0.9976846528337167 
ch00_p3-pl1-sample17-sperm3.tif 1 4 0.9999999267756959 
ch00_p3-pl1-sample18-sperm1.tif 1 1 0.9496305465145817 
ch00_p3-pl1-sample18-sperm3.tif 1 1 0.97115713257687 
ch00_p3-pl1-sample19-sperm7.tif 1 1 0.9830260592483754 
ch00_p3-pl1-sample22-sperm2.tif 1 4 0.8157203582774064 
ch00_p3-pl1-sample23-sperm11.tif 1 4 0.9972214886543118 
ch00_p3-pl1-sample27-sperm2.tif 1 1 0.980528255302203 
ch00_p3-pl1-sample5-sperm6.tif 1 1 0.9976318062018401 
ch00_p4-pl1-sample12-sperm5.tif 1 1 0.7367953327547215 
ch00_p4-pl1-sample17-sperm3.tif 1 1 0.8690699002103736 
ch00_p4-pl1-sample19-sperm3.tif 1 1 0.8416042522263488 
ch00_p4-pl1-sample20-sperm13.tif 1 1 0.9764279624145291 
ch00_p4-pl1-sample7-sperm16.tif 1 4 0.9999966806256625 
ch00_p4-pl1-sample8-sperm14.tif 1 2 0.6002541498109636 
ch00_p4-pl1-sample9-sperm13.tif 1 1 0.6669961476770735 
ch00_p4-pl2-sample1-sperm6.tif 1 4 0.8921592697594201 
ch00_p4-pl2-sample5-sperm7.tif 1 1 0.9581664546971774 
ch00_p5-pl1-sample16-sperm7.tif 1 4 0.9822444754083763 
ch00_p5-pl1-sample17-sperm15.tif 1 1 0.9766135054726034 
ch00_p5-pl1-sample18-sperm11.tif 1 4 0.7400938697048055 
ch00_p5-pl1-sample2-sperm2.tif 1 1 0.8694176784653285 
ch00_p5-pl1-sample20-sperm11.tif 1 1 0.9943849011218548 
ch00_p5-pl1-sample20-sperm9.tif 1 1 0.9995823088611194 
ch00_p5-pl1-sample5-sperm20.tif 1 1 0.9197490151965262 
ch00_p5-pl1-sample7-sperm6.tif 1 4 0.9999998804377727 
ch00_p5-pl1-sample7-sperm7.tif 1 1 0.998941530673082 
ch00_p1-pl2-sample10-sperm13.tif 2 4 0.9944328680864396 
ch00_p1-pl2-sample17-sperm12.tif 2 4 0.7391142630680526 
ch00_p1-pl2-sample2-sperm6.tif 2 4 0.9309504966276096 
ch00_p1-pl2-sample20-sperm14.tif 2 4 0.999999993236978 
ch00_p1-pl2-sample23-sperm9.tif 2 4 0.9987806732065612 
ch00_p1-pl2-sample31-sperm10.tif 2 4 0.9999999421935432 
ch00_p1-pl2-sample33-sperm13.tif 2 4 0.9668993133622121 
ch00_p1-pl2-sample34-sperm5.tif 2 1 0.9482765246211285 
ch00_p1-pl2-sample35-sperm6.tif 2 2 0.789152583532977 
ch00_p1-pl3-sample1-sperm15.tif 2 4 0.5735765317262304 
ch00_p1-pl3-sample1-sperm9.tif 2 4 0.9999992813680202 
ch00_p1-pl3-sample11-sperm7.tif 2 4 0.9999980184339321 
ch00_p1-pl3-sample12-sperm11.tif 2 2 0.9994825475382091 
ch00_p1-pl3-sample21-sperm10.tif 2 2 0.9105882338225197 
ch00_p1-pl3-sample6-sperm17.tif 2 2 0.9647367944601628 
ch00_p1-pl3-sample6-sperm2.tif 2 1 0.5835021325502329 
ch00_p1-pl3-sample9-sperm4.tif 2 2 0.7586442029733161 
ch00_p4-pl1-sample14-sperm10.tif 2 2 0.970684185580101 
ch00_p4-pl1-sample19-sperm4.tif 2 4 0.8794361677074268 
ch00_p4-pl1-sample3-sperm10.tif 2 2 0.9960844696779501 
ch00_p4-pl1-sample3-sperm7.tif 2 4 0.9999983919121503 
ch00_p4-pl2-sample4-sperm11.tif 2 2 0.9927126646014284 
ch00_p1-pl2-sample11-sperm3.tif 3 4 0.754797671340065 
ch00_p1-pl2-sample18-sperm8.tif 3 3 0.7586040739822376 
ch00_p1-pl2-sample21-sperm7.tif 3 1 0.9981337363803969 
ch00_p1-pl2-sample25-sperm9.tif 3 4 0.8731247535777471 
ch00_p1-pl2-sample27-sperm1.tif 3 0 0.9021738523676552 
ch00_p1-pl2-sample28-sperm2.tif 3 3 0.8789247468391278 
ch00_p1-pl2-sample5-sperm11.tif 3 3 0.8934015082816885 
ch00_p1-pl2-sample5-sperm4.tif 3 4 0.9220693977880364 
ch00_p1-pl3-sample12-sperm9.tif 3 1 0.9661357993476335 
ch00_p1-pl3-sample13-sperm12.tif 3 4 0.5226445738133145 
ch00_p1-pl3-sample15-sperm11.tif 3 0 0.9989381017805262 
ch00_p1-pl3-sample20-sperm9.tif 3 0 0.5871715968416089 
ch00_p1-pl3-sample23-sperm13.tif 3 3 0.7770075575130041 
ch00_p1-pl3-sample23-sperm16.tif 3 4 0.9988007149926912 
ch00_p1-pl3-sample23-sperm7.tif 3 4 0.9862971929397201 
ch00_p1-pl3-sample9-sperm6.tif 3 4 0.561906569304756 
ch00_p3-pl1-sample14-sperm6.tif 3 4 0.9221988265441778 
ch00_p3-pl1-sample28-sperm2.tif 3 4 0.8901868218086016 
ch00_p3-pl1-sample30-sperm1.tif 3 3 0.7968079701932849 
ch00_p4-pl1-sample6-sperm12.tif 3 4 0.6231348986862609 
ch00_p4-pl2-sample12-sperm8.tif 3 3 0.8607471390432095 
ch00_p1-pl2-sample1-sperm2.tif 4 4 0.9999999440250965 
ch00_p1-pl2-sample10-sperm12.tif 4 0 0.9882385990412579 
ch00_p1-pl2-sample10-sperm14.tif 4 4 0.48584478456702523 
ch00_p1-pl2-sample10-sperm2.tif 4 4 0.9999978032333382 
ch00_p1-pl2-sample10-sperm8.tif 4 4 0.6960934192080578 
ch00_p1-pl2-sample12-sperm11.tif 4 4 0.8284121789114246 
ch00_p1-pl2-sample12-sperm12.tif 4 4 0.9999999905397498 
ch00_p1-pl2-sample12-sperm5.tif 4 4 0.999999706985384 
ch00_p1-pl2-sample12-sperm7.tif 4 1 0.9139748668201345 
ch00_p1-pl2-sample13-sperm16.tif 4 4 0.9879570076611598 
ch00_p1-pl2-sample14-sperm14.tif 4 4 0.9977514907125824 
ch00_p1-pl2-sample14-sperm2.tif 4 4 0.8369703963483246 
ch00_p1-pl2-sample14-sperm3.tif 4 4 0.9965630231265731 
ch00_p1-pl2-sample14-sperm4.tif 4 4 0.9999974097084362 
ch00_p1-pl2-sample14-sperm8.tif 4 4 0.8923344051875725 
ch00_p1-pl2-sample15-sperm5.tif 4 0 0.9975021588585312 
ch00_p1-pl2-sample18-sperm6.tif 4 4 0.979349135204536 
ch00_p1-pl2-sample18-sperm9.tif 4 4 0.6120546394830917 
ch00_p1-pl2-sample2-sperm8.tif 4 4 0.9999999497774611 
ch00_p1-pl2-sample22-sperm11.tif 4 0 0.6873581327613628 
ch00_p1-pl2-sample24-sperm13.tif 4 4 0.9978639196647583 
ch00_p1-pl2-sample27-sperm8.tif 4 4 0.822657684644023 
ch00_p1-pl2-sample28-sperm1.tif 4 4 0.999999333642419 
ch00_p1-pl2-sample28-sperm3.tif 4 4 0.9866052068529281 
ch00_p1-pl2-sample28-sperm4.tif 4 4 0.9724155384116151 
ch00_p1-pl2-sample3-sperm13.tif 4 0 0.6134015055020539 
ch00_p1-pl2-sample3-sperm14.tif 4 4 0.9999999960983952 
ch00_p1-pl2-sample30-sperm6.tif 4 4 0.9958206962264634 
ch00_p1-pl2-sample31-sperm11.tif 4 4 0.9740429939898638 
ch00_p1-pl2-sample33-sperm4.tif 4 4 0.9968928578043836 
ch00_p1-pl2-sample34-sperm11.tif 4 4 0.9999988444164505 
ch00_p1-pl2-sample34-sperm3.tif 4 2 0.45530897937811127 
ch00_p1-pl2-sample34-sperm6.tif 4 1 0.5407824374553064 
ch00_p1-pl2-sample34-sperm8.tif 4 4 0.9966887969007344 
ch00_p1-pl2-sample35-sperm12.tif 4 4 0.9602261390542491 
ch00_p1-pl2-sample35-sperm5.tif 4 4 0.5588697779893759 
ch00_p1-pl2-sample4-sperm4.tif 4 4 0.866871331655875 
ch00_p1-pl2-sample7-sperm13.tif 4 4 0.9966005418461356 
ch00_p1-pl2-sample8-sperm5.tif 4 4 0.9724782105810671 
ch00_p1-pl2-sample9-sperm18.tif 4 4 0.9953364099827827 
ch00_p1-pl2-sample9-sperm5.tif 4 1 0.9948776783638613 
ch00_p1-pl3-sample1-sperm4.tif 4 0 0.9306145036485666 
ch00_p1-pl3-sample12-sperm10.tif 4 1 0.5405319799955947 
ch00_p1-pl3-sample12-sperm4.tif 4 4 0.5921147251338555 
ch00_p1-pl3-sample12-sperm8.tif 4 4 0.9999997648647789 
ch00_p1-pl3-sample13-sperm8.tif 4 4 0.9506098647899788 
ch00_p1-pl3-sample14-sperm1.tif 4 3 0.6265047958194003 
ch00_p1-pl3-sample14-sperm13.tif 4 0 0.8305279198374257 
ch00_p1-pl3-sample14-sperm15.tif 4 4 0.9999996837836314 
ch00_p1-pl3-sample15-sperm2.tif 4 4 0.9980960198701299 
ch00_p1-pl3-sample15-sperm3.tif 4 1 0.9865708188938822 
ch00_p1-pl3-sample16-sperm8.tif 4 4 0.9999964948194081 
ch00_p1-pl3-sample17-sperm11.tif 4 4 0.999999999986369 
ch00_p1-pl3-sample17-sperm2.tif 4 4 0.9999999401785086 
ch00_p1-pl3-sample19-sperm1.tif 4 3 0.8734652074180832 
ch00_p1-pl3-sample19-sperm3.tif 4 1 0.6547417090902848 
ch00_p1-pl3-sample2-sperm10.tif 4 4 0.9826311054095467 
ch00_p1-pl3-sample2-sperm11.tif 4 4 0.9999999360071383 
ch00_p1-pl3-sample21-sperm1.tif 4 4 0.9982196963585601 
ch00_p1-pl3-sample22-sperm1.tif 4 1 0.9999504980087498 
ch00_p1-pl3-sample22-sperm6.tif 4 4 0.9855856524862089 
ch00_p1-pl3-sample22-sperm7.tif 4 4 0.8832909889362585 
ch00_p1-pl3-sample22-sperm9.tif 4 4 0.9999998887233474 
ch00_p1-pl3-sample23-sperm2.tif 4 4 0.7377190150461782 
ch00_p1-pl3-sample23-sperm6.tif 4 1 0.9992071427523941 
ch00_p1-pl3-sample24-sperm20.tif 4 1 0.8787486237455798 
ch00_p1-pl3-sample25-sperm2.tif 4 4 0.9999997907573982 
ch00_p1-pl3-sample3-sperm1.tif 4 4 0.6615526115309798 
ch00_p1-pl3-sample3-sperm2.tif 4 3 0.986627832393343 
ch00_p1-pl3-sample3-sperm4.tif 4 4 0.8911566261210568 
ch00_p1-pl3-sample4-sperm3.tif 4 4 0.5649069067441218 
ch00_p1-pl3-sample4-sperm8.tif 4 4 0.9305715338966881 
ch00_p1-pl3-sample7-sperm3.tif 4 4 0.9999999817438492 
ch00_p1-pl3-sample8-sperm17.tif 4 4 0.9620599929498914 
ch00_p1-pl3-sample8-sperm6.tif 4 4 0.9782518816311809 
ch00_p3-pl1-sample1-sperm5.tif 4 1 0.9992381325957408 
ch00_p3-pl1-sample11-sperm1.tif 4 4 0.8864967709209611 
ch00_p3-pl1-sample11-sperm6.tif 4 4 0.9891296066152995 
ch00_p3-pl1-sample12-sperm6.tif 4 4 0.9999997529133574 
ch00_p3-pl1-sample12-sperm7.tif 4 4 0.9999991829139517 
ch00_p3-pl1-sample13-sperm6.tif 4 4 0.9342248185053142 
ch00_p3-pl1-sample15-sperm8.tif 4 4 0.999999905972217 
ch00_p3-pl1-sample16-sperm3.tif 4 0 0.9405220818899168 
ch00_p3-pl1-sample16-sperm5.tif 4 0 0.9790937944866541 
ch00_p3-pl1-sample19-sperm8.tif 4 4 0.9982506710023061 
ch00_p3-pl1-sample2-sperm6.tif 4 3 0.4999024432232546 
ch00_p3-pl1-sample20-sperm1.tif 4 4 0.811199788334757 
ch00_p3-pl1-sample21-sperm8.tif 4 4 0.9557300416731765 
ch00_p3-pl1-sample24-sperm2.tif 4 4 0.9724103371936285 
ch00_p3-pl1-sample25-sperm2.tif 4 4 0.9094705936152182 
ch00_p3-pl1-sample26-sperm1.tif 4 4 0.9999998829632851 
ch00_p3-pl1-sample26-sperm3.tif 4 4 0.9999999727209553 
ch00_p3-pl1-sample26-sperm7.tif 4 4 0.8125412071717903 
ch00_p3-pl1-sample29-sperm8.tif 4 4 0.9500518675634219 
ch00_p3-pl1-sample30-sperm4.tif 4 4 0.9999999978341563 
ch00_p3-pl1-sample30-sperm5.tif 4 4 0.8066396387718927 
ch00_p3-pl1-sample31-sperm2.tif 4 4 0.9999934843398915 
ch00_p3-pl1-sample4-sperm5.tif 4 1 0.621345661368701 
ch00_p3-pl1-sample7-sperm1.tif 4 4 0.9922695101955793 
ch00_p3-pl1-sample7-sperm13.tif 4 0 0.9859692768757932 
ch00_p3-pl1-sample7-sperm6.tif 4 1 0.9163856393379463 
ch00_p3-pl1-sample7-sperm8.tif 4 4 0.9999999678568793 
ch00_p3-pl1-sample9-sperm9.tif 4 4 0.5709353806562096 
ch00_p4-pl1-sample1-sperm8.tif 4 4 0.9479423094664092 
ch00_p4-pl1-sample1-sperm9.tif 4 0 0.6722084881718531 
ch00_p4-pl1-sample10-sperm12.tif 4 3 0.9982704217657075 
ch00_p4-pl1-sample10-sperm21.tif 4 4 0.9999992300051785 
ch00_p4-pl1-sample10-sperm6.tif 4 1 0.9902606157701652 
ch00_p4-pl1-sample11-sperm13.tif 4 4 0.9969708085254527 
ch00_p4-pl1-sample11-sperm8.tif 4 0 0.9999835621786721 
ch00_p4-pl1-sample12-sperm8.tif 4 2 0.9985999876010455 
ch00_p4-pl1-sample12-sperm9.tif 4 4 0.9967183675546631 
ch00_p4-pl1-sample13-sperm3.tif 4 4 0.5467055021670169 
ch00_p4-pl1-sample13-sperm8.tif 4 4 0.6335403228907908 
ch00_p4-pl1-sample14-sperm13.tif 4 4 0.5596820430721992 
ch00_p4-pl1-sample14-sperm3.tif 4 4 0.9026452629267069 
ch00_p4-pl1-sample16-sperm10.tif 4 4 0.5661312551763982 
ch00_p4-pl1-sample16-sperm17.tif 4 4 0.9999999995247949 
ch00_p4-pl1-sample16-sperm3.tif 4 1 0.9975870547824729 
ch00_p4-pl1-sample18-sperm1.tif 4 0 0.9748515176481167 
ch00_p4-pl1-sample18-sperm5.tif 4 4 0.9999994559062725 
ch00_p4-pl1-sample18-sperm6.tif 4 4 0.9999990093439847 
ch00_p4-pl1-sample19-sperm9.tif 4 4 0.9999999998341282 
ch00_p4-pl1-sample2-sperm1.tif 4 4 0.5837768917830561 
ch00_p4-pl1-sample2-sperm9.tif 4 4 0.9370946862987174 
ch00_p4-pl1-sample3-sperm11.tif 4 1 0.6726361689108661 
ch00_p4-pl1-sample4-sperm10.tif 4 4 0.9999996350125842 
ch00_p4-pl1-sample4-sperm12.tif 4 4 0.7973947026175351 
ch00_p4-pl1-sample4-sperm14.tif 4 4 0.9972575771859064 
ch00_p4-pl1-sample4-sperm9.tif 4 4 0.7956148856910532 
ch00_p4-pl1-sample5-sperm1.tif 4 4 0.9791534308291426 
ch00_p4-pl1-sample5-sperm2.tif 4 4 0.9049560228429306 
ch00_p4-pl1-sample5-sperm9.tif 4 4 0.9999997966829933 
ch00_p4-pl1-sample6-sperm3.tif 4 4 0.5100902170097467 
ch00_p4-pl1-sample7-sperm13.tif 4 3 0.9998615433540614 
ch00_p4-pl1-sample7-sperm17.tif 4 4 0.8219352083850479 
ch00_p4-pl1-sample7-sperm4.tif 4 0 0.8137767255104769 
ch00_p4-pl1-sample8-sperm2.tif 4 2 0.4964947099013816 
ch00_p4-pl1-sample8-sperm8.tif 4 1 0.9397516300372193 
ch00_p4-pl1-sample8-sperm9.tif 4 4 0.9999986962840761 
ch00_p4-pl1-sample9-sperm15.tif 4 1 0.976142398488786 
ch00_p4-pl1-sample9-sperm17.tif 4 1 0.5070014098657344 
ch00_p4-pl1-sample9-sperm6.tif 4 4 0.9999999757531315 
ch00_p4-pl1-sample9-sperm9.tif 4 4 0.9849239650839788 
ch00_p4-pl2-sample1-sperm7.tif 4 1 0.7577182611915803 
ch00_p4-pl2-sample12-sperm9.tif 4 1 0.7068302622524367 
ch00_p4-pl2-sample13-sperm2.tif 4 4 0.9513793580757879 
ch00_p4-pl2-sample13-sperm7.tif 4 4 0.9976711996152863 
ch00_p4-pl2-sample15-sperm6.tif 4 4 0.9757283108128197 
ch00_p4-pl2-sample16-sperm4.tif 4 4 0.9999997518112264 
ch00_p4-pl2-sample16-sperm8.tif 4 1 0.9597482682102667 
ch00_p4-pl2-sample17-sperm4.tif 4 1 0.9391865489708383 
ch00_p4-pl2-sample18-sperm2.tif 4 1 0.5429674052578845 
ch00_p4-pl2-sample19-sperm8.tif 4 4 0.9999977002277652 
ch00_p4-pl2-sample2-sperm10.tif 4 4 0.7138173255000648 
ch00_p4-pl2-sample2-sperm6.tif 4 3 0.9864758164995275 
ch00_p4-pl2-sample20-sperm2.tif 4 4 0.9999998702528002 
ch00_p4-pl2-sample20-sperm5.tif 4 0 0.8862434849531231 
ch00_p4-pl2-sample20-sperm6.tif 4 0 0.9915073575360098 
ch00_p4-pl2-sample3-sperm2.tif 4 1 0.9951705946586862 
ch00_p4-pl2-sample3-sperm3.tif 4 4 0.9916858434009549 
ch00_p4-pl2-sample3-sperm5.tif 4 4 0.9748640339015452 
ch00_p4-pl2-sample4-sperm2.tif 4 1 0.960814242196289 
ch00_p4-pl2-sample4-sperm7.tif 4 4 0.9999999988632391 
ch00_p4-pl2-sample5-sperm4.tif 4 4 0.8527819594940154 
ch00_p4-pl2-sample6-sperm2.tif 4 3 0.8329948523262696 
ch00_p4-pl2-sample6-sperm3.tif 4 4 0.9978208290614579 
ch00_p4-pl2-sample7-sperm3.tif 4 4 0.8954598770187319 
ch00_p4-pl2-sample7-sperm4.tif 4 4 0.998492306539848 
ch00_p4-pl2-sample7-sperm7.tif 4 4 0.9748486915624398 
ch00_p4-pl2-sample8-sperm9.tif 4 3 0.9681406312280109 
ch00_p5-pl1-sample1-sperm13.tif 4 4 0.9979954803643758 
ch00_p5-pl1-sample10-sperm18.tif 4 3 0.8369533130759007 
ch00_p5-pl1-sample10-sperm4.tif 4 3 0.5421912201642771 
ch00_p5-pl1-sample10-sperm6.tif 4 1 0.9999148220250275 
ch00_p5-pl1-sample10-sperm7.tif 4 3 0.4606880459792603 
ch00_p5-pl1-sample11-sperm4.tif 4 1 0.9779056013107316 
ch00_p5-pl1-sample12-sperm13.tif 4 4 0.9705072521720893 
ch00_p5-pl1-sample12-sperm6.tif 4 1 0.7288650826349926 
ch00_p5-pl1-sample13-sperm5.tif 4 0 0.9940870345725179 
ch00_p5-pl1-sample14-sperm6.tif 4 4 0.4865781581206041 
ch00_p5-pl1-sample15-sperm4.tif 4 3 0.515672167628345 
ch00_p5-pl1-sample17-sperm13.tif 4 4 0.9939677343060622 
ch00_p5-pl1-sample17-sperm2.tif 4 4 0.8382244815976159 
ch00_p5-pl1-sample17-sperm3.tif 4 1 0.9084274969088691 
ch00_p5-pl1-sample19-sperm2.tif 4 4 0.991601680590225 
ch00_p5-pl1-sample2-sperm10.tif 4 4 0.9512772209116049 
ch00_p5-pl1-sample2-sperm11.tif 4 2 0.8153697583780909 
ch00_p5-pl1-sample2-sperm6.tif 4 4 0.9345780781076848 
ch00_p5-pl1-sample20-sperm13.tif 4 4 0.9948669157226302 
ch00_p5-pl1-sample4-sperm10.tif 4 3 0.5398808331214816 
ch00_p5-pl1-sample4-sperm2.tif 4 3 0.999979185656338 
ch00_p5-pl1-sample4-sperm3.tif 4 4 0.9999999851588325 
ch00_p5-pl1-sample5-sperm9.tif 4 1 0.8285738192793699 
ch00_p5-pl1-sample7-sperm5.tif 4 3 0.5407519827134423 
ch00_p5-pl1-sample9-sperm3.tif 4 4 0.87829885517027 
