ch00_p1-pl2-sample10-sperm10.tif 0 0 0.9885923398178491 
ch00_p1-pl2-sample12-sperm13.tif 0 1 0.9790216000751886 
ch00_p1-pl2-sample12-sperm9.tif 0 0 0.9962669109281358 
ch00_p1-pl2-sample14-sperm9.tif 0 2 0.313533110078405 
ch00_p1-pl2-sample22-sperm5.tif 0 0 0.9474386981214755 
ch00_p1-pl2-sample3-sperm4.tif 0 3 0.5407448248042177 
ch00_p1-pl2-sample32-sperm3.tif 0 0 0.9577002566216668 
ch00_p1-pl2-sample34-sperm9.tif 0 0 0.7758717351966437 
ch00_p1-pl2-sample35-sperm1.tif 0 4 0.7058562319347903 
ch00_p1-pl2-sample5-sperm3.tif 0 4 0.6181855600748783 
ch00_p1-pl2-sample8-sperm6.tif 0 0 0.9869468918284605 
ch00_p1-pl2-sample9-sperm7.tif 0 4 0.9907365371123903 
ch00_p1-pl3-sample1-sperm3.tif 0 0 0.9787793825292174 
ch00_p1-pl3-sample12-sperm1.tif 0 4 0.6123352749969921 
ch00_p1-pl3-sample17-sperm3.tif 0 4 0.8636863347000104 
ch00_p1-pl3-sample6-sperm11.tif 0 4 0.836069457349849 
ch00_p3-pl1-sample13-sperm3.tif 0 2 0.3389284895433336 
ch00_p3-pl1-sample30-sperm6.tif 0 0 0.837100255823866 
ch00_p4-pl1-sample1-sperm13.tif 0 0 0.9566963955112372 
ch00_p4-pl1-sample10-sperm9.tif 0 0 0.9729829773757294 
ch00_p4-pl1-sample15-sperm4.tif 0 0 0.6715617463553337 
ch00_p4-pl1-sample15-sperm7.tif 0 0 0.9725610683139068 
ch00_p4-pl1-sample19-sperm1.tif 0 4 0.7152575368034712 
ch00_p4-pl1-sample6-sperm1.tif 0 0 0.8400627105978749 
ch00_p4-pl1-sample6-sperm10.tif 0 0 0.5820861082969038 
ch00_p4-pl2-sample13-sperm1.tif 0 4 0.9901116124816577 
ch00_p4-pl2-sample16-sperm9.tif 0 0 0.9769332586671221 
ch00_p4-pl2-sample5-sperm6.tif 0 4 0.7638507604026576 
ch00_p4-pl2-sample8-sperm5.tif 0 0 0.9856657931681431 
ch00_p5-pl1-sample5-sperm3.tif 0 4 0.781418518907248 
ch00_p1-pl2-sample1-sperm6.tif 1 4 0.5933639135062913 
ch00_p1-pl2-sample11-sperm4.tif 1 4 0.8483523594338493 
ch00_p1-pl2-sample13-sperm6.tif 1 3 0.9869534276819152 
ch00_p1-pl2-sample14-sperm13.tif 1 4 0.9273804995729171 
ch00_p1-pl2-sample18-sperm3.tif 1 1 0.9985593857970746 
ch00_p1-pl2-sample19-sperm10.tif 1 4 0.8335873797021845 
ch00_p1-pl2-sample19-sperm4.tif 1 1 0.9999009699507926 
ch00_p1-pl2-sample2-sperm3.tif 1 4 0.48839985468345953 
ch00_p1-pl2-sample20-sperm7.tif 1 4 0.994707364495026 
ch00_p1-pl2-sample21-sperm3.tif 1 1 0.9966206757621587 
ch00_p1-pl2-sample21-sperm9.tif 1 1 0.9676383910029869 
ch00_p1-pl2-sample23-sperm10.tif 1 1 0.9968868599000742 
ch00_p1-pl2-sample23-sperm14.tif 1 4 0.8649918019275246 
ch00_p1-pl2-sample23-sperm15.tif 1 4 0.7097121518182882 
ch00_p1-pl2-sample25-sperm8.tif 1 0 0.39520835480554517 
ch00_p1-pl2-sample29-sperm5.tif 1 1 0.9989583554520991 
ch00_p1-pl2-sample3-sperm9.tif 1 1 0.9769282023785328 
ch00_p1-pl2-sample31-sperm4.tif 1 1 0.9854455403814518 
ch00_p1-pl2-sample31-sperm8.tif 1 1 0.9900653992848164 
ch00_p1-pl2-sample32-sperm7.tif 1 4 0.9705562871852443 
ch00_p1-pl2-sample35-sperm7.tif 1 1 0.999598477532279 
ch00_p1-pl2-sample4-sperm11.tif 1 2 0.9674143821358426 
ch00_p1-pl2-sample4-sperm14.tif 1 1 0.9935615277579054 
ch00_p1-pl2-sample4-sperm17.tif 1 2 0.7806522304139019 
ch00_p1-pl2-sample4-sperm5.tif 1 4 0.5853493176266817 
ch00_p1-pl2-sample5-sperm16.tif 1 1 0.9128689354643555 
ch00_p1-pl2-sample6-sperm3.tif 1 1 0.9998105468788346 
ch00_p1-pl2-sample7-sperm11.tif 1 1 0.9999254115570878 
ch00_p1-pl2-sample8-sperm3.tif 1 1 0.9211343427103548 
ch00_p1-pl2-sample9-sperm14.tif 1 1 0.9999759792254975 
ch00_p1-pl2-sample9-sperm15.tif 1 1 0.9995835331311943 
ch00_p1-pl2-sample9-sperm2.tif 1 1 0.966088843968318 
ch00_p1-pl3-sample12-sperm19.tif 1 1 0.9961641349933207 
ch00_p1-pl3-sample12-sperm5.tif 1 1 0.9526626037240228 
ch00_p1-pl3-sample12-sperm7.tif 1 1 0.7829538953405242 
ch00_p1-pl3-sample13-sperm13.tif 1 1 0.999980933021597 
ch00_p1-pl3-sample14-sperm8.tif 1 1 0.9964260770013239 
ch00_p1-pl3-sample19-sperm7.tif 1 4 0.9959964192214652 
ch00_p1-pl3-sample24-sperm17.tif 1 2 0.971172927122619 
ch00_p1-pl3-sample5-sperm2.tif 1 4 0.9681375809656614 
ch00_p1-pl3-sample6-sperm16.tif 1 4 0.9795950208358316 
ch00_p3-pl1-sample12-sperm5.tif 1 1 0.999817809782786 
ch00_p3-pl1-sample15-sperm9.tif 1 1 0.9961927656266683 
ch00_p3-pl1-sample17-sperm2.tif 1 0 0.5652435105561912 
ch00_p3-pl1-sample19-sperm6.tif 1 4 0.9947794234209102 
ch00_p3-pl1-sample2-sperm7.tif 1 1 0.9999223107660461 
ch00_p3-pl1-sample22-sperm2.tif 1 4 0.9603522045255954 
ch00_p3-pl1-sample26-sperm6.tif 1 1 0.9691308270396389 
ch00_p3-pl1-sample27-sperm4.tif 1 1 0.9666276149929086 
ch00_p3-pl1-sample28-sperm7.tif 1 1 0.5312908151541046 
ch00_p3-pl1-sample30-sperm2.tif 1 1 0.9997185058458307 
ch00_p3-pl1-sample31-sperm5.tif 1 1 0.9999473471991273 
ch00_p3-pl1-sample4-sperm2.tif 1 1 0.9985433372373469 
ch00_p3-pl1-sample5-sperm1.tif 1 1 0.9485688925845641 
ch00_p3-pl1-sample8-sperm2.tif 1 1 0.9997347421324262 
ch00_p4-pl1-sample12-sperm7.tif 1 1 0.9342496636535292 
ch00_p4-pl1-sample6-sperm5.tif 1 1 0.9933959738283059 
ch00_p4-pl1-sample7-sperm16.tif 1 1 0.830775217410828 
ch00_p4-pl2-sample4-sperm3.tif 1 4 0.9358202807406322 
ch00_p4-pl2-sample7-sperm11.tif 1 4 0.9944565682363754 
ch00_p4-pl2-sample8-sperm6.tif 1 1 0.9745072851646108 
ch00_p5-pl1-sample11-sperm2.tif 1 1 0.9985429008303421 
ch00_p5-pl1-sample19-sperm11.tif 1 4 0.956603234138033 
ch00_p5-pl1-sample2-sperm2.tif 1 1 0.3783159427854955 
ch00_p5-pl1-sample5-sperm16.tif 1 1 0.9938064656069421 
ch00_p5-pl1-sample5-sperm20.tif 1 1 0.9947124055268957 
ch00_p5-pl1-sample8-sperm2.tif 1 4 0.8985129443319492 
ch00_p5-pl1-sample8-sperm5.tif 1 1 0.8870895762143554 
ch00_p1-pl2-sample13-sperm20.tif 2 2 0.9020826698335493 
ch00_p1-pl2-sample17-sperm10.tif 2 4 0.8598916433399203 
ch00_p1-pl2-sample2-sperm6.tif 2 4 0.9762788897143001 
ch00_p1-pl2-sample24-sperm4.tif 2 4 0.9562946443975596 
ch00_p1-pl2-sample33-sperm13.tif 2 4 0.7005261856109628 
ch00_p1-pl2-sample35-sperm6.tif 2 4 0.7529547433370465 
ch00_p1-pl2-sample8-sperm4.tif 2 2 0.9547777416641509 
ch00_p1-pl3-sample1-sperm15.tif 2 4 0.6037611427285711 
ch00_p1-pl3-sample11-sperm6.tif 2 2 0.9998942078883786 
ch00_p1-pl3-sample12-sperm12.tif 2 2 0.9737401317741973 
ch00_p1-pl3-sample15-sperm14.tif 2 2 0.9991186231222638 
ch00_p1-pl3-sample21-sperm10.tif 2 2 0.9999434068926912 
ch00_p1-pl3-sample22-sperm11.tif 2 2 0.9822510119756296 
ch00_p1-pl3-sample6-sperm17.tif 2 2 0.9998986656974429 
ch00_p3-pl1-sample28-sperm5.tif 2 2 0.9975711661444285 
ch00_p4-pl1-sample10-sperm10.tif 2 1 0.8886502119112003 
ch00_p4-pl1-sample17-sperm4.tif 2 4 0.6032229594738229 
ch00_p4-pl1-sample17-sperm8.tif 2 2 0.7238231811648149 
ch00_p4-pl1-sample3-sperm7.tif 2 4 0.9314422999493336 
ch00_p4-pl1-sample5-sperm10.tif 2 2 0.9998093707440411 
ch00_p4-pl1-sample7-sperm19.tif 2 4 0.9517480200303785 
ch00_p4-pl2-sample3-sperm10.tif 2 2 0.9999612042423262 
ch00_p1-pl2-sample14-sperm12.tif 3 4 0.9999999030907615 
ch00_p1-pl2-sample15-sperm6.tif 3 3 0.992088784233746 
ch00_p1-pl2-sample18-sperm8.tif 3 4 0.9933260954339705 
ch00_p1-pl2-sample5-sperm11.tif 3 3 0.9903687359652077 
ch00_p1-pl2-sample5-sperm4.tif 3 4 0.8580686814619751 
ch00_p1-pl3-sample16-sperm11.tif 3 3 0.9114536871319953 
ch00_p1-pl3-sample17-sperm4.tif 3 3 0.9891875654251674 
ch00_p1-pl3-sample2-sperm13.tif 3 1 0.9183077257503055 
ch00_p1-pl3-sample20-sperm9.tif 3 0 0.5481868772465703 
ch00_p1-pl3-sample21-sperm7.tif 3 3 0.7598391325444405 
ch00_p1-pl3-sample23-sperm15.tif 3 4 0.8691236654709549 
ch00_p1-pl3-sample5-sperm3.tif 3 3 0.9357120135035587 
ch00_p1-pl3-sample9-sperm6.tif 3 3 0.5370067868917368 
ch00_p1-pl3-sample9-sperm9.tif 3 3 0.9987340001446278 
ch00_p3-pl1-sample30-sperm1.tif 3 3 0.757993530068355 
ch00_p3-pl1-sample31-sperm4.tif 3 4 0.6033283866752029 
ch00_p3-pl1-sample32-sperm1.tif 3 4 0.6242542587211741 
ch00_p4-pl1-sample11-sperm3.tif 3 3 0.8945446750551468 
ch00_p4-pl1-sample20-sperm4.tif 3 4 0.9464722909827461 
ch00_p4-pl1-sample5-sperm8.tif 3 4 0.9137637660325055 
ch00_p5-pl1-sample1-sperm4.tif 3 1 0.34481453708022297 
ch00_p1-pl2-sample10-sperm2.tif 4 2 0.47850229869172434 
ch00_p1-pl2-sample12-sperm1.tif 4 4 0.8576874937284681 
ch00_p1-pl2-sample12-sperm5.tif 4 4 0.9912504151911142 
ch00_p1-pl2-sample12-sperm7.tif 4 1 0.7671900355308029 
ch00_p1-pl2-sample12-sperm8.tif 4 4 0.9867345517172589 
ch00_p1-pl2-sample13-sperm1.tif 4 1 0.8152006716280541 
ch00_p1-pl2-sample14-sperm14.tif 4 4 0.9547565802701474 
ch00_p1-pl2-sample14-sperm2.tif 4 1 0.8883361716759494 
ch00_p1-pl2-sample14-sperm8.tif 4 0 0.9723306500560558 
ch00_p1-pl2-sample17-sperm2.tif 4 2 0.6119924849834929 
ch00_p1-pl2-sample18-sperm6.tif 4 0 0.8513782861215976 
ch00_p1-pl2-sample18-sperm9.tif 4 0 0.5940656090955155 
ch00_p1-pl2-sample20-sperm2.tif 4 4 0.9431088423010267 
ch00_p1-pl2-sample21-sperm10.tif 4 4 0.9762628509211991 
ch00_p1-pl2-sample22-sperm11.tif 4 1 0.36726207812511347 
ch00_p1-pl2-sample23-sperm17.tif 4 0 0.555059804916585 
ch00_p1-pl2-sample24-sperm10.tif 4 0 0.7167283068060777 
ch00_p1-pl2-sample24-sperm13.tif 4 4 0.9946297602437263 
ch00_p1-pl2-sample26-sperm7.tif 4 0 0.6593775206303731 
ch00_p1-pl2-sample27-sperm5.tif 4 0 0.6904560891821606 
ch00_p1-pl2-sample28-sperm10.tif 4 4 0.984702011401291 
ch00_p1-pl2-sample28-sperm3.tif 4 4 0.98266993009105 
ch00_p1-pl2-sample28-sperm6.tif 4 2 0.7694053926200817 
ch00_p1-pl2-sample3-sperm14.tif 4 3 0.98621163813545 
ch00_p1-pl2-sample30-sperm1.tif 4 4 0.9255764383960912 
ch00_p1-pl2-sample30-sperm6.tif 4 1 0.9145855953394729 
ch00_p1-pl2-sample31-sperm12.tif 4 3 0.8139036386562639 
ch00_p1-pl2-sample31-sperm3.tif 4 4 0.9090792420515394 
ch00_p1-pl2-sample32-sperm5.tif 4 0 0.9089955322877027 
ch00_p1-pl2-sample33-sperm10.tif 4 4 0.9542372920071053 
ch00_p1-pl2-sample34-sperm3.tif 4 4 0.8510549179157103 
ch00_p1-pl2-sample34-sperm6.tif 4 1 0.8848724157843335 
ch00_p1-pl2-sample34-sperm8.tif 4 4 0.888009672007884 
ch00_p1-pl2-sample35-sperm12.tif 4 4 0.5933792528569599 
ch00_p1-pl2-sample35-sperm9.tif 4 4 0.8496221803988007 
ch00_p1-pl2-sample4-sperm16.tif 4 1 0.9921962022974722 
ch00_p1-pl2-sample7-sperm5.tif 4 4 0.9679912702572766 
ch00_p1-pl2-sample9-sperm5.tif 4 4 0.9846887539148855 
ch00_p1-pl3-sample1-sperm1.tif 4 1 0.9997508030519253 
ch00_p1-pl3-sample1-sperm7.tif 4 4 0.9321045836153397 
ch00_p1-pl3-sample10-sperm1.tif 4 4 0.988248750905592 
ch00_p1-pl3-sample10-sperm3.tif 4 0 0.8653368641455925 
ch00_p1-pl3-sample12-sperm4.tif 4 1 0.991430470051837 
ch00_p1-pl3-sample12-sperm6.tif 4 3 0.758124554298128 
ch00_p1-pl3-sample13-sperm5.tif 4 1 0.7517585575445632 
ch00_p1-pl3-sample14-sperm11.tif 4 3 0.9959213302814601 
ch00_p1-pl3-sample14-sperm6.tif 4 3 0.6512402086150025 
ch00_p1-pl3-sample15-sperm19.tif 4 4 0.9905411160699725 
ch00_p1-pl3-sample15-sperm20.tif 4 4 0.9261481727018763 
ch00_p1-pl3-sample15-sperm7.tif 4 4 0.9259653744373192 
ch00_p1-pl3-sample15-sperm8.tif 4 1 0.9781432983999366 
ch00_p1-pl3-sample16-sperm17.tif 4 4 0.8287612927104638 
ch00_p1-pl3-sample17-sperm11.tif 4 4 0.9079375303019072 
ch00_p1-pl3-sample19-sperm1.tif 4 4 0.9724920107568479 
ch00_p1-pl3-sample2-sperm11.tif 4 4 0.9963563684791966 
ch00_p1-pl3-sample2-sperm4.tif 4 1 0.5927952593954472 
ch00_p1-pl3-sample20-sperm8.tif 4 4 0.9277968561547612 
ch00_p1-pl3-sample21-sperm11.tif 4 4 0.9611486050441119 
ch00_p1-pl3-sample21-sperm4.tif 4 1 0.9485800352927666 
ch00_p1-pl3-sample21-sperm9.tif 4 1 0.7044571438650775 
ch00_p1-pl3-sample22-sperm1.tif 4 4 0.9969720748086711 
ch00_p1-pl3-sample22-sperm3.tif 4 2 0.9961809491881531 
ch00_p1-pl3-sample23-sperm14.tif 4 1 0.999487228772072 
ch00_p1-pl3-sample24-sperm11.tif 4 3 0.8488068205641643 
ch00_p1-pl3-sample24-sperm13.tif 4 1 0.7037864089760948 
ch00_p1-pl3-sample24-sperm14.tif 4 2 0.8921470504796861 
ch00_p1-pl3-sample24-sperm22.tif 4 1 0.9750141990979271 
ch00_p1-pl3-sample24-sperm5.tif 4 4 0.9187407115823362 
ch00_p1-pl3-sample25-sperm1.tif 4 0 0.8865435405400832 
ch00_p1-pl3-sample25-sperm10.tif 4 1 0.9713174621705009 
ch00_p1-pl3-sample25-sperm11.tif 4 4 0.9958812939393186 
ch00_p1-pl3-sample25-sperm13.tif 4 1 0.9224272893919943 
ch00_p1-pl3-sample25-sperm4.tif 4 4 0.8903009715023503 
ch00_p1-pl3-sample25-sperm8.tif 4 0 0.9212498604600684 
ch00_p1-pl3-sample3-sperm4.tif 4 4 0.8126090739468538 
ch00_p1-pl3-sample4-sperm8.tif 4 1 0.6658133753078915 
ch00_p1-pl3-sample4-sperm9.tif 4 4 0.9906778270010919 
ch00_p1-pl3-sample5-sperm4.tif 4 4 0.6217655082724665 
ch00_p1-pl3-sample6-sperm3.tif 4 1 0.9896738243799008 
ch00_p1-pl3-sample6-sperm5.tif 4 4 0.9511877653054774 
ch00_p1-pl3-sample6-sperm6.tif 4 4 0.7146523694393146 
ch00_p1-pl3-sample7-sperm14.tif 4 1 0.7586905622845902 
ch00_p1-pl3-sample7-sperm3.tif 4 4 0.9664750782209829 
ch00_p1-pl3-sample7-sperm7.tif 4 4 0.6363637207873113 
ch00_p1-pl3-sample8-sperm11.tif 4 1 0.9997075379400576 
ch00_p1-pl3-sample8-sperm6.tif 4 0 0.9376962065830389 
ch00_p1-pl3-sample9-sperm8.tif 4 4 0.9700269921292285 
ch00_p3-pl1-sample1-sperm4.tif 4 3 0.5950428640239693 
ch00_p3-pl1-sample11-sperm5.tif 4 1 0.7416572481700192 
ch00_p3-pl1-sample12-sperm2.tif 4 0 0.9957199934491332 
ch00_p3-pl1-sample15-sperm4.tif 4 4 0.9289103111340631 
ch00_p3-pl1-sample15-sperm8.tif 4 4 0.9754597531013122 
ch00_p3-pl1-sample16-sperm3.tif 4 3 0.702611988985934 
ch00_p3-pl1-sample16-sperm4.tif 4 3 0.9317386074749444 
ch00_p3-pl1-sample18-sperm2.tif 4 0 0.8953508339993733 
ch00_p3-pl1-sample19-sperm8.tif 4 4 0.997276741926605 
ch00_p3-pl1-sample19-sperm9.tif 4 4 0.9813432372858527 
ch00_p3-pl1-sample23-sperm7.tif 4 4 0.856060248761404 
ch00_p3-pl1-sample23-sperm9.tif 4 0 0.9822221763941358 
ch00_p3-pl1-sample25-sperm10.tif 4 1 0.9997043515452669 
ch00_p3-pl1-sample25-sperm5.tif 4 4 0.9972028887611445 
ch00_p3-pl1-sample25-sperm8.tif 4 3 0.9947422553276576 
ch00_p3-pl1-sample26-sperm1.tif 4 4 0.9889484556199113 
ch00_p3-pl1-sample29-sperm9.tif 4 4 0.9726130594015266 
ch00_p3-pl1-sample4-sperm1.tif 4 1 0.5120322574886812 
ch00_p3-pl1-sample4-sperm5.tif 4 4 0.5166968860974703 
ch00_p3-pl1-sample6-sperm4.tif 4 4 0.9485012111115512 
ch00_p3-pl1-sample8-sperm3.tif 4 1 0.8398390715315258 
ch00_p4-pl1-sample1-sperm12.tif 4 1 0.6743374806613712 
ch00_p4-pl1-sample1-sperm6.tif 4 4 0.5274746341552315 
ch00_p4-pl1-sample1-sperm8.tif 4 4 0.6859441983956923 
ch00_p4-pl1-sample10-sperm12.tif 4 3 0.559032742851642 
ch00_p4-pl1-sample10-sperm22.tif 4 1 0.9399118627382859 
ch00_p4-pl1-sample11-sperm13.tif 4 2 0.628183438873313 
ch00_p4-pl1-sample11-sperm4.tif 4 4 0.9900608020250891 
ch00_p4-pl1-sample12-sperm11.tif 4 4 0.8442377916376754 
ch00_p4-pl1-sample12-sperm3.tif 4 4 0.9455581546546401 
ch00_p4-pl1-sample12-sperm6.tif 4 4 0.9739289942850585 
ch00_p4-pl1-sample14-sperm12.tif 4 4 0.9610715985116418 
ch00_p4-pl1-sample14-sperm4.tif 4 0 0.9716988153980544 
ch00_p4-pl1-sample14-sperm5.tif 4 4 0.9657908224393998 
ch00_p4-pl1-sample16-sperm15.tif 4 2 0.4649804514687226 
ch00_p4-pl1-sample17-sperm10.tif 4 4 0.6505134573852566 
ch00_p4-pl1-sample19-sperm6.tif 4 4 0.9343129842991377 
ch00_p4-pl1-sample2-sperm13.tif 4 2 0.9789703272361254 
ch00_p4-pl1-sample4-sperm14.tif 4 4 0.9041430236047936 
ch00_p4-pl1-sample5-sperm9.tif 4 4 0.49585686355948067 
ch00_p4-pl1-sample6-sperm11.tif 4 4 0.9872224286079185 
ch00_p4-pl1-sample6-sperm8.tif 4 4 0.9525888523731635 
ch00_p4-pl1-sample7-sperm10.tif 4 4 0.5629814924001422 
ch00_p4-pl1-sample7-sperm13.tif 4 3 0.9045104994613138 
ch00_p4-pl1-sample7-sperm2.tif 4 4 0.9891448085936253 
ch00_p4-pl1-sample7-sperm8.tif 4 0 0.964503398537941 
ch00_p4-pl1-sample8-sperm1.tif 4 1 0.5775395587863789 
ch00_p4-pl1-sample8-sperm2.tif 4 4 0.9107588543771497 
ch00_p4-pl1-sample8-sperm8.tif 4 4 0.8306917181062927 
ch00_p4-pl1-sample9-sperm11.tif 4 1 0.9452068359734414 
ch00_p4-pl1-sample9-sperm12.tif 4 4 0.8222421520863336 
ch00_p4-pl1-sample9-sperm4.tif 4 4 0.990313937734121 
ch00_p4-pl1-sample9-sperm6.tif 4 3 0.9830876969082392 
ch00_p4-pl2-sample10-sperm1.tif 4 4 0.7713960835603101 
ch00_p4-pl2-sample10-sperm10.tif 4 3 0.5766693663908129 
ch00_p4-pl2-sample10-sperm11.tif 4 4 0.9938052894772872 
ch00_p4-pl2-sample10-sperm8.tif 4 1 0.8422641624748199 
ch00_p4-pl2-sample10-sperm9.tif 4 1 0.9295367465843088 
ch00_p4-pl2-sample11-sperm3.tif 4 4 0.9711350047726434 
ch00_p4-pl2-sample12-sperm11.tif 4 2 0.9781751027774639 
ch00_p4-pl2-sample12-sperm7.tif 4 4 0.9145318384361648 
ch00_p4-pl2-sample12-sperm9.tif 4 4 0.8465677322653238 
ch00_p4-pl2-sample13-sperm10.tif 4 4 0.9858330072706512 
ch00_p4-pl2-sample13-sperm2.tif 4 0 0.981483310435383 
ch00_p4-pl2-sample13-sperm9.tif 4 4 0.6595416257323561 
ch00_p4-pl2-sample14-sperm9.tif 4 4 0.9958437821909789 
ch00_p4-pl2-sample19-sperm1.tif 4 4 0.9936995698367083 
ch00_p4-pl2-sample19-sperm8.tif 4 4 0.9615137854582592 
ch00_p4-pl2-sample2-sperm3.tif 4 2 0.6829979207230062 
ch00_p4-pl2-sample2-sperm5.tif 4 4 0.9907597545639134 
ch00_p4-pl2-sample2-sperm7.tif 4 4 0.9956969291772421 
ch00_p4-pl2-sample20-sperm2.tif 4 4 0.9941143073885854 
ch00_p4-pl2-sample20-sperm4.tif 4 2 0.9999744559007603 
ch00_p4-pl2-sample3-sperm3.tif 4 4 0.9921270968474141 
ch00_p4-pl2-sample3-sperm5.tif 4 4 0.9933369925641713 
ch00_p4-pl2-sample3-sperm6.tif 4 1 0.41835855612003386 
ch00_p4-pl2-sample3-sperm7.tif 4 4 0.9949064575718244 
ch00_p4-pl2-sample4-sperm4.tif 4 4 0.9598977563187224 
ch00_p4-pl2-sample5-sperm4.tif 4 3 0.723617845433406 
ch00_p4-pl2-sample6-sperm3.tif 4 4 0.9676204692077331 
ch00_p4-pl2-sample7-sperm4.tif 4 4 0.91968958348796 
ch00_p4-pl2-sample7-sperm5.tif 4 4 0.9937250033371213 
ch00_p4-pl2-sample7-sperm6.tif 4 0 0.9665535028948505 
ch00_p4-pl2-sample7-sperm7.tif 4 1 0.5741323050741891 
ch00_p4-pl2-sample7-sperm8.tif 4 0 0.9626151678224195 
ch00_p4-pl2-sample8-sperm9.tif 4 3 0.9624645247629365 
ch00_p4-pl2-sample9-sperm7.tif 4 4 0.9750774843619496 
ch00_p5-pl1-sample1-sperm12.tif 4 4 0.9225056680810553 
ch00_p5-pl1-sample10-sperm6.tif 4 1 0.8991836540796636 
ch00_p5-pl1-sample10-sperm7.tif 4 1 0.8988648834806229 
ch00_p5-pl1-sample12-sperm13.tif 4 3 0.5205441496708755 
ch00_p5-pl1-sample12-sperm16.tif 4 4 0.7062510601990735 
ch00_p5-pl1-sample12-sperm7.tif 4 2 0.8403991366202574 
ch00_p5-pl1-sample17-sperm13.tif 4 1 0.5872119888703233 
ch00_p5-pl1-sample17-sperm2.tif 4 4 0.9962376547876568 
ch00_p5-pl1-sample17-sperm3.tif 4 4 0.5084140808797281 
ch00_p5-pl1-sample19-sperm2.tif 4 1 0.9661291436615503 
ch00_p5-pl1-sample2-sperm13.tif 4 4 0.9862791813758996 
ch00_p5-pl1-sample20-sperm12.tif 4 4 0.9841630964405028 
ch00_p5-pl1-sample20-sperm13.tif 4 1 0.8188131282681681 
ch00_p5-pl1-sample20-sperm2.tif 4 4 0.861928500034741 
ch00_p5-pl1-sample20-sperm5.tif 4 4 0.9314057753911784 
ch00_p5-pl1-sample20-sperm6.tif 4 4 0.8301797030931761 
ch00_p5-pl1-sample20-sperm7.tif 4 4 0.8378082339456263 
ch00_p5-pl1-sample3-sperm7.tif 4 1 0.9999401819391976 
ch00_p5-pl1-sample4-sperm8.tif 4 3 0.5099784903510713 
ch00_p5-pl1-sample5-sperm10.tif 4 4 0.8375417276098243 
ch00_p5-pl1-sample9-sperm1.tif 4 4 0.989235951431858 
ch00_p5-pl1-sample9-sperm3.tif 4 1 0.8829552542719634 
