ch00_p1-pl2-sample10-sperm10.tif 0 4 0.5120593225966794 
ch00_p1-pl2-sample12-sperm13.tif 0 1 0.5161193491758745 
ch00_p1-pl2-sample12-sperm9.tif 0 4 0.743537123574863 
ch00_p1-pl2-sample14-sperm9.tif 0 2 0.8842559904753053 
ch00_p1-pl2-sample22-sperm5.tif 0 2 0.9459777655772624 
ch00_p1-pl2-sample3-sperm4.tif 0 0 0.9959315959090692 
ch00_p1-pl2-sample32-sperm3.tif 0 4 0.7745024043566957 
ch00_p1-pl2-sample34-sperm9.tif 0 4 0.9623919781453422 
ch00_p1-pl2-sample35-sperm1.tif 0 0 0.7983371332657049 
ch00_p1-pl2-sample5-sperm3.tif 0 4 0.9957236384069479 
ch00_p1-pl2-sample8-sperm6.tif 0 0 0.9979758443478132 
ch00_p1-pl2-sample9-sperm7.tif 0 0 0.6029889187201688 
ch00_p1-pl3-sample1-sperm3.tif 0 2 0.9782915760180848 
ch00_p1-pl3-sample12-sperm1.tif 0 4 0.9798696156058765 
ch00_p1-pl3-sample17-sperm3.tif 0 4 0.4143077115286657 
ch00_p1-pl3-sample6-sperm11.tif 0 0 0.9218439041045038 
ch00_p3-pl1-sample13-sperm3.tif 0 2 0.6668572035619623 
ch00_p3-pl1-sample30-sperm6.tif 0 4 0.7411606787911577 
ch00_p4-pl1-sample1-sperm13.tif 0 4 0.8842210660018797 
ch00_p4-pl1-sample10-sperm9.tif 0 4 0.9860656602876426 
ch00_p4-pl1-sample15-sperm4.tif 0 4 0.9926470871216947 
ch00_p4-pl1-sample15-sperm7.tif 0 4 0.9999999863850317 
ch00_p4-pl1-sample19-sperm1.tif 0 4 0.7315885412221353 
ch00_p4-pl1-sample6-sperm1.tif 0 0 0.9462877719002025 
ch00_p4-pl1-sample6-sperm10.tif 0 4 0.8679853997699909 
ch00_p4-pl2-sample13-sperm1.tif 0 4 0.9999984624330164 
ch00_p4-pl2-sample16-sperm9.tif 0 4 0.9999979602962091 
ch00_p4-pl2-sample5-sperm6.tif 0 4 0.9999999999508578 
ch00_p4-pl2-sample8-sperm5.tif 0 0 0.6381079035348068 
ch00_p5-pl1-sample5-sperm3.tif 0 4 0.9134651868140762 
ch00_p1-pl2-sample1-sperm6.tif 1 4 0.48128990924556025 
ch00_p1-pl2-sample11-sperm4.tif 1 1 0.7015924607790673 
ch00_p1-pl2-sample13-sperm6.tif 1 1 0.7024681136708067 
ch00_p1-pl2-sample14-sperm13.tif 1 4 0.999996807150635 
ch00_p1-pl2-sample18-sperm3.tif 1 1 0.9992518282912022 
ch00_p1-pl2-sample19-sperm10.tif 1 4 0.6980217683534526 
ch00_p1-pl2-sample19-sperm4.tif 1 1 0.9872365575513293 
ch00_p1-pl2-sample2-sperm3.tif 1 4 0.996359856745743 
ch00_p1-pl2-sample20-sperm7.tif 1 4 0.9999999995969903 
ch00_p1-pl2-sample21-sperm3.tif 1 1 0.999998577633553 
ch00_p1-pl2-sample21-sperm9.tif 1 1 0.9999466085347305 
ch00_p1-pl2-sample23-sperm10.tif 1 1 0.9521175426365611 
ch00_p1-pl2-sample23-sperm14.tif 1 4 0.5147112791308174 
ch00_p1-pl2-sample23-sperm15.tif 1 1 0.6527013369777775 
ch00_p1-pl2-sample25-sperm8.tif 1 1 0.5159932978525795 
ch00_p1-pl2-sample29-sperm5.tif 1 4 0.9584169133202843 
ch00_p1-pl2-sample3-sperm9.tif 1 1 0.9999954937689711 
ch00_p1-pl2-sample31-sperm4.tif 1 1 0.9991257619269749 
ch00_p1-pl2-sample31-sperm8.tif 1 1 0.8960905515870888 
ch00_p1-pl2-sample32-sperm7.tif 1 1 0.9997685751968743 
ch00_p1-pl2-sample35-sperm7.tif 1 4 0.7477150779727653 
ch00_p1-pl2-sample4-sperm11.tif 1 2 0.994503245269126 
ch00_p1-pl2-sample4-sperm14.tif 1 4 0.9632254993181442 
ch00_p1-pl2-sample4-sperm17.tif 1 1 0.997549232443563 
ch00_p1-pl2-sample4-sperm5.tif 1 1 0.9708049648973563 
ch00_p1-pl2-sample5-sperm16.tif 1 1 0.8346724397670992 
ch00_p1-pl2-sample6-sperm3.tif 1 1 0.9452343149002856 
ch00_p1-pl2-sample7-sperm11.tif 1 1 0.9995659567851767 
ch00_p1-pl2-sample8-sperm3.tif 1 1 0.9999937597218432 
ch00_p1-pl2-sample9-sperm14.tif 1 1 0.9998075082938814 
ch00_p1-pl2-sample9-sperm15.tif 1 4 0.5732515439898855 
ch00_p1-pl2-sample9-sperm2.tif 1 1 0.9977146314826689 
ch00_p1-pl3-sample12-sperm19.tif 1 1 0.9999385404687091 
ch00_p1-pl3-sample12-sperm5.tif 1 1 0.6127099079435205 
ch00_p1-pl3-sample12-sperm7.tif 1 1 0.6520368822917717 
ch00_p1-pl3-sample13-sperm13.tif 1 4 0.6000789629292048 
ch00_p1-pl3-sample14-sperm8.tif 1 1 0.9354907655434505 
ch00_p1-pl3-sample19-sperm7.tif 1 4 0.9525631241411723 
ch00_p1-pl3-sample24-sperm17.tif 1 2 0.999177499081011 
ch00_p1-pl3-sample5-sperm2.tif 1 4 0.999997942166628 
ch00_p1-pl3-sample6-sperm16.tif 1 1 0.997515727830765 
ch00_p3-pl1-sample12-sperm5.tif 1 4 0.4254606404616854 
ch00_p3-pl1-sample15-sperm9.tif 1 1 0.6825640024024463 
ch00_p3-pl1-sample17-sperm2.tif 1 1 0.9398651801515561 
ch00_p3-pl1-sample19-sperm6.tif 1 1 0.9998258080015198 
ch00_p3-pl1-sample2-sperm7.tif 1 4 0.8842880419500512 
ch00_p3-pl1-sample22-sperm2.tif 1 1 0.9791349261627769 
ch00_p3-pl1-sample26-sperm6.tif 1 1 0.9999917598710268 
ch00_p3-pl1-sample27-sperm4.tif 1 1 0.9981847244241284 
ch00_p3-pl1-sample28-sperm7.tif 1 1 0.983595559321597 
ch00_p3-pl1-sample30-sperm2.tif 1 4 0.6470179354610622 
ch00_p3-pl1-sample31-sperm5.tif 1 1 0.9999226039000945 
ch00_p3-pl1-sample4-sperm2.tif 1 4 0.8418532962425557 
ch00_p3-pl1-sample5-sperm1.tif 1 1 0.7896552039844283 
ch00_p3-pl1-sample8-sperm2.tif 1 4 0.5837532574539923 
ch00_p4-pl1-sample12-sperm7.tif 1 1 0.5012935806360419 
ch00_p4-pl1-sample6-sperm5.tif 1 2 0.9138369212337611 
ch00_p4-pl1-sample7-sperm16.tif 1 4 0.6214279162034728 
ch00_p4-pl2-sample4-sperm3.tif 1 2 0.9326240354989378 
ch00_p4-pl2-sample7-sperm11.tif 1 4 0.9979209195390387 
ch00_p4-pl2-sample8-sperm6.tif 1 2 0.9526556137976973 
ch00_p5-pl1-sample11-sperm2.tif 1 1 0.9973646155985941 
ch00_p5-pl1-sample19-sperm11.tif 1 1 0.9992347393279568 
ch00_p5-pl1-sample2-sperm2.tif 1 1 0.9157759550712695 
ch00_p5-pl1-sample5-sperm16.tif 1 1 0.9999455987505569 
ch00_p5-pl1-sample5-sperm20.tif 1 1 0.9994114294861758 
ch00_p5-pl1-sample8-sperm2.tif 1 1 0.5997294741836504 
ch00_p5-pl1-sample8-sperm5.tif 1 1 0.9902994444331213 
ch00_p1-pl2-sample13-sperm20.tif 2 4 0.9924524841048832 
ch00_p1-pl2-sample17-sperm10.tif 2 4 0.9981421384270551 
ch00_p1-pl2-sample2-sperm6.tif 2 4 0.887373114725597 
ch00_p1-pl2-sample24-sperm4.tif 2 4 0.9852249116855043 
ch00_p1-pl2-sample33-sperm13.tif 2 4 0.8570540723144395 
ch00_p1-pl2-sample35-sperm6.tif 2 4 0.9964534105838452 
ch00_p1-pl2-sample8-sperm4.tif 2 2 0.9996498434904451 
ch00_p1-pl3-sample1-sperm15.tif 2 2 0.9985386729949619 
ch00_p1-pl3-sample11-sperm6.tif 2 2 0.9992937118326638 
ch00_p1-pl3-sample12-sperm12.tif 2 2 0.976292304397504 
ch00_p1-pl3-sample15-sperm14.tif 2 2 0.9955513293080293 
ch00_p1-pl3-sample21-sperm10.tif 2 2 0.9723998553323826 
ch00_p1-pl3-sample22-sperm11.tif 2 2 0.901959412968566 
ch00_p1-pl3-sample6-sperm17.tif 2 2 0.9999959159834092 
ch00_p3-pl1-sample28-sperm5.tif 2 2 0.9999617486047411 
ch00_p4-pl1-sample10-sperm10.tif 2 1 0.6399523365895518 
ch00_p4-pl1-sample17-sperm4.tif 2 2 0.532079020728297 
ch00_p4-pl1-sample17-sperm8.tif 2 4 0.8141961509333404 
ch00_p4-pl1-sample3-sperm7.tif 2 0 0.9372299830908151 
ch00_p4-pl1-sample5-sperm10.tif 2 4 0.9784274403172182 
ch00_p4-pl1-sample7-sperm19.tif 2 2 0.9379086585641658 
ch00_p4-pl2-sample3-sperm10.tif 2 4 0.9476535124223568 
ch00_p1-pl2-sample14-sperm12.tif 3 4 0.999999999031087 
ch00_p1-pl2-sample15-sperm6.tif 3 4 0.819590685773351 
ch00_p1-pl2-sample18-sperm8.tif 3 3 0.6522215288505187 
ch00_p1-pl2-sample5-sperm11.tif 3 4 0.4019288363945922 
ch00_p1-pl2-sample5-sperm4.tif 3 4 0.9869430194885254 
ch00_p1-pl3-sample16-sperm11.tif 3 4 0.6233228954039272 
ch00_p1-pl3-sample17-sperm4.tif 3 3 0.9683268915239344 
ch00_p1-pl3-sample2-sperm13.tif 3 1 0.9960686505060679 
ch00_p1-pl3-sample20-sperm9.tif 3 3 0.55753112273335 
ch00_p1-pl3-sample21-sperm7.tif 3 3 0.944596672968787 
ch00_p1-pl3-sample23-sperm15.tif 3 4 0.9999999998741939 
ch00_p1-pl3-sample5-sperm3.tif 3 4 0.5353091564725881 
ch00_p1-pl3-sample9-sperm6.tif 3 4 0.9953482065984154 
ch00_p1-pl3-sample9-sperm9.tif 3 4 0.9460882594583628 
ch00_p3-pl1-sample30-sperm1.tif 3 3 0.8395710809919829 
ch00_p3-pl1-sample31-sperm4.tif 3 3 0.9027507336759988 
ch00_p3-pl1-sample32-sperm1.tif 3 4 0.5214918042697884 
ch00_p4-pl1-sample11-sperm3.tif 3 3 0.932220436506144 
ch00_p4-pl1-sample20-sperm4.tif 3 4 0.9949211945150812 
ch00_p4-pl1-sample5-sperm8.tif 3 4 0.8803208421072519 
ch00_p5-pl1-sample1-sperm4.tif 3 4 0.9999999406074548 
ch00_p1-pl2-sample10-sperm2.tif 4 2 0.9989060398767895 
ch00_p1-pl2-sample12-sperm1.tif 4 4 0.9999999889090561 
ch00_p1-pl2-sample12-sperm5.tif 4 4 0.9999998686975035 
ch00_p1-pl2-sample12-sperm7.tif 4 1 0.9895614005530025 
ch00_p1-pl2-sample12-sperm8.tif 4 4 0.6000641361940331 
ch00_p1-pl2-sample13-sperm1.tif 4 4 0.9751379238652029 
ch00_p1-pl2-sample14-sperm14.tif 4 1 0.5338109841940403 
ch00_p1-pl2-sample14-sperm2.tif 4 4 0.8689573612064702 
ch00_p1-pl2-sample14-sperm8.tif 4 4 0.4964459767534373 
ch00_p1-pl2-sample17-sperm2.tif 4 4 0.7429963237427352 
ch00_p1-pl2-sample18-sperm6.tif 4 1 0.9895337157416975 
ch00_p1-pl2-sample18-sperm9.tif 4 4 0.996333227086414 
ch00_p1-pl2-sample20-sperm2.tif 4 4 0.9999999532043959 
ch00_p1-pl2-sample21-sperm10.tif 4 4 0.9999998839460678 
ch00_p1-pl2-sample22-sperm11.tif 4 3 0.5456197953914337 
ch00_p1-pl2-sample23-sperm17.tif 4 4 0.7236075528146534 
ch00_p1-pl2-sample24-sperm10.tif 4 0 0.7631532653345023 
ch00_p1-pl2-sample24-sperm13.tif 4 1 0.9745401519554419 
ch00_p1-pl2-sample26-sperm7.tif 4 2 0.5763253165682826 
ch00_p1-pl2-sample27-sperm5.tif 4 4 0.8923547380217247 
ch00_p1-pl2-sample28-sperm10.tif 4 4 0.8986467656630521 
ch00_p1-pl2-sample28-sperm3.tif 4 1 0.9957956830763841 
ch00_p1-pl2-sample28-sperm6.tif 4 4 0.6150357419587531 
ch00_p1-pl2-sample3-sperm14.tif 4 4 0.4943439165477568 
ch00_p1-pl2-sample30-sperm1.tif 4 4 0.4140136532142844 
ch00_p1-pl2-sample30-sperm6.tif 4 1 0.9960386168370942 
ch00_p1-pl2-sample31-sperm12.tif 4 4 0.9015241139776127 
ch00_p1-pl2-sample31-sperm3.tif 4 1 0.42274962779391584 
ch00_p1-pl2-sample32-sperm5.tif 4 4 0.45272290618448263 
ch00_p1-pl2-sample33-sperm10.tif 4 4 0.9965446635651325 
ch00_p1-pl2-sample34-sperm3.tif 4 4 0.9999999898512976 
ch00_p1-pl2-sample34-sperm6.tif 4 4 0.33316630254925456 
ch00_p1-pl2-sample34-sperm8.tif 4 4 0.9226064046896545 
ch00_p1-pl2-sample35-sperm12.tif 4 4 0.5938008496661052 
ch00_p1-pl2-sample35-sperm9.tif 4 4 0.977690746168943 
ch00_p1-pl2-sample4-sperm16.tif 4 1 0.9428077743733182 
ch00_p1-pl2-sample7-sperm5.tif 4 4 0.9999973170535167 
ch00_p1-pl2-sample9-sperm5.tif 4 1 0.8185357785562223 
ch00_p1-pl3-sample1-sperm1.tif 4 1 0.9944246708698978 
ch00_p1-pl3-sample1-sperm7.tif 4 4 0.99999987870421 
ch00_p1-pl3-sample10-sperm1.tif 4 4 0.9929803480765235 
ch00_p1-pl3-sample10-sperm3.tif 4 0 0.9313621941801069 
ch00_p1-pl3-sample12-sperm4.tif 4 4 0.9169794632150329 
ch00_p1-pl3-sample12-sperm6.tif 4 3 0.7928869979892209 
ch00_p1-pl3-sample13-sperm5.tif 4 2 0.914646995831348 
ch00_p1-pl3-sample14-sperm11.tif 4 4 0.9352290902367205 
ch00_p1-pl3-sample14-sperm6.tif 4 4 0.9919913447881085 
ch00_p1-pl3-sample15-sperm19.tif 4 4 0.9649533766009517 
ch00_p1-pl3-sample15-sperm20.tif 4 4 0.48506407713376276 
ch00_p1-pl3-sample15-sperm7.tif 4 4 0.9700361272981475 
ch00_p1-pl3-sample15-sperm8.tif 4 2 0.4765306769566011 
ch00_p1-pl3-sample16-sperm17.tif 4 4 0.943551107780429 
ch00_p1-pl3-sample17-sperm11.tif 4 1 0.5497012046369742 
ch00_p1-pl3-sample19-sperm1.tif 4 4 0.9999999999540141 
ch00_p1-pl3-sample2-sperm11.tif 4 4 0.9999999959754396 
ch00_p1-pl3-sample2-sperm4.tif 4 0 0.6491958342371719 
ch00_p1-pl3-sample20-sperm8.tif 4 4 0.9846211359956587 
ch00_p1-pl3-sample21-sperm11.tif 4 1 0.985862726728271 
ch00_p1-pl3-sample21-sperm4.tif 4 4 0.5526377869440251 
ch00_p1-pl3-sample21-sperm9.tif 4 4 0.9867817547502108 
ch00_p1-pl3-sample22-sperm1.tif 4 4 0.9970311581966553 
ch00_p1-pl3-sample22-sperm3.tif 4 2 0.9660980661779016 
ch00_p1-pl3-sample23-sperm14.tif 4 4 0.734402190855075 
ch00_p1-pl3-sample24-sperm11.tif 4 4 0.7012973197521871 
ch00_p1-pl3-sample24-sperm13.tif 4 1 0.6676902073789194 
ch00_p1-pl3-sample24-sperm14.tif 4 2 0.7102331342588566 
ch00_p1-pl3-sample24-sperm22.tif 4 1 0.9163871547059488 
ch00_p1-pl3-sample24-sperm5.tif 4 4 0.9905909946016908 
ch00_p1-pl3-sample25-sperm1.tif 4 2 0.9714357649281924 
ch00_p1-pl3-sample25-sperm10.tif 4 2 0.9609030689652204 
ch00_p1-pl3-sample25-sperm11.tif 4 4 0.9990021924772661 
ch00_p1-pl3-sample25-sperm13.tif 4 4 0.9801028691350343 
ch00_p1-pl3-sample25-sperm4.tif 4 2 0.8509071228334162 
ch00_p1-pl3-sample25-sperm8.tif 4 4 0.5528120768383721 
ch00_p1-pl3-sample3-sperm4.tif 4 4 0.9927245703829551 
ch00_p1-pl3-sample4-sperm8.tif 4 4 0.9839698470247669 
ch00_p1-pl3-sample4-sperm9.tif 4 2 0.9903139300480359 
ch00_p1-pl3-sample5-sperm4.tif 4 4 0.9999997516003923 
ch00_p1-pl3-sample6-sperm3.tif 4 1 0.995029020683935 
ch00_p1-pl3-sample6-sperm5.tif 4 2 0.45166609072471764 
ch00_p1-pl3-sample6-sperm6.tif 4 3 0.9026033775552069 
ch00_p1-pl3-sample7-sperm14.tif 4 4 0.9982585240370937 
ch00_p1-pl3-sample7-sperm3.tif 4 4 0.9999983467070196 
ch00_p1-pl3-sample7-sperm7.tif 4 2 0.9836629392983164 
ch00_p1-pl3-sample8-sperm11.tif 4 1 0.9995556753118578 
ch00_p1-pl3-sample8-sperm6.tif 4 4 0.5355326232065173 
ch00_p1-pl3-sample9-sperm8.tif 4 4 0.9439460212954952 
ch00_p3-pl1-sample1-sperm4.tif 4 4 0.9999999968285201 
ch00_p3-pl1-sample11-sperm5.tif 4 4 0.9999984623812173 
ch00_p3-pl1-sample12-sperm2.tif 4 1 0.36228681759468634 
ch00_p3-pl1-sample15-sperm4.tif 4 4 0.999999999642913 
ch00_p3-pl1-sample15-sperm8.tif 4 4 0.9536509399172629 
ch00_p3-pl1-sample16-sperm3.tif 4 4 0.9999999488834935 
ch00_p3-pl1-sample16-sperm4.tif 4 4 0.9999999999418215 
ch00_p3-pl1-sample18-sperm2.tif 4 0 0.9999809430461919 
ch00_p3-pl1-sample19-sperm8.tif 4 1 0.971127779878508 
ch00_p3-pl1-sample19-sperm9.tif 4 4 0.9962153264279104 
ch00_p3-pl1-sample23-sperm7.tif 4 4 0.7801818263361225 
ch00_p3-pl1-sample23-sperm9.tif 4 0 0.9095768049940842 
ch00_p3-pl1-sample25-sperm10.tif 4 1 0.9963538151164587 
ch00_p3-pl1-sample25-sperm5.tif 4 4 0.9999999999846709 
ch00_p3-pl1-sample25-sperm8.tif 4 4 0.9952865913400926 
ch00_p3-pl1-sample26-sperm1.tif 4 4 0.9869711440988118 
ch00_p3-pl1-sample29-sperm9.tif 4 1 0.77868125663186 
ch00_p3-pl1-sample4-sperm1.tif 4 2 0.8299218719053953 
ch00_p3-pl1-sample4-sperm5.tif 4 1 0.959327440682846 
ch00_p3-pl1-sample6-sperm4.tif 4 4 0.9999998968831532 
ch00_p3-pl1-sample8-sperm3.tif 4 2 0.5763981112118548 
ch00_p4-pl1-sample1-sperm12.tif 4 4 0.7337627164700568 
ch00_p4-pl1-sample1-sperm6.tif 4 4 0.9813289850711732 
ch00_p4-pl1-sample1-sperm8.tif 4 4 0.9999999999997052 
ch00_p4-pl1-sample10-sperm12.tif 4 3 0.5723943362924174 
ch00_p4-pl1-sample10-sperm22.tif 4 1 0.6536743452500663 
ch00_p4-pl1-sample11-sperm13.tif 4 4 0.998818990828298 
ch00_p4-pl1-sample11-sperm4.tif 4 4 0.9999998135588909 
ch00_p4-pl1-sample12-sperm11.tif 4 4 0.9999999995235795 
ch00_p4-pl1-sample12-sperm3.tif 4 4 0.8797055239572938 
ch00_p4-pl1-sample12-sperm6.tif 4 4 0.9999999984942293 
ch00_p4-pl1-sample14-sperm12.tif 4 4 0.9999999650119381 
ch00_p4-pl1-sample14-sperm4.tif 4 4 0.979452731201737 
ch00_p4-pl1-sample14-sperm5.tif 4 4 0.9805373898968471 
ch00_p4-pl1-sample16-sperm15.tif 4 4 0.9877116461730765 
ch00_p4-pl1-sample17-sperm10.tif 4 4 0.8350743315908676 
ch00_p4-pl1-sample19-sperm6.tif 4 4 0.7519107565558739 
ch00_p4-pl1-sample2-sperm13.tif 4 4 0.8202665867760429 
ch00_p4-pl1-sample4-sperm14.tif 4 4 0.9922430367340898 
ch00_p4-pl1-sample5-sperm9.tif 4 4 0.9982066290425673 
ch00_p4-pl1-sample6-sperm11.tif 4 4 0.9999999999847935 
ch00_p4-pl1-sample6-sperm8.tif 4 4 0.9999999843607901 
ch00_p4-pl1-sample7-sperm10.tif 4 0 0.7945507297564445 
ch00_p4-pl1-sample7-sperm13.tif 4 4 0.9999980839977456 
ch00_p4-pl1-sample7-sperm2.tif 4 4 0.9999999596624486 
ch00_p4-pl1-sample7-sperm8.tif 4 4 0.929965199683194 
ch00_p4-pl1-sample8-sperm1.tif 4 4 0.9958358771026137 
ch00_p4-pl1-sample8-sperm2.tif 4 4 0.9768034662240821 
ch00_p4-pl1-sample8-sperm8.tif 4 4 0.9557997465378899 
ch00_p4-pl1-sample9-sperm11.tif 4 4 0.9906920216522668 
ch00_p4-pl1-sample9-sperm12.tif 4 4 0.9948206997662621 
ch00_p4-pl1-sample9-sperm4.tif 4 4 0.9865183594951628 
ch00_p4-pl1-sample9-sperm6.tif 4 1 0.8472318868697689 
ch00_p4-pl2-sample10-sperm1.tif 4 4 0.5190112298158938 
ch00_p4-pl2-sample10-sperm10.tif 4 4 0.9964901130525423 
ch00_p4-pl2-sample10-sperm11.tif 4 4 0.9999999999016811 
ch00_p4-pl2-sample10-sperm8.tif 4 4 0.9999999649837934 
ch00_p4-pl2-sample10-sperm9.tif 4 4 0.5799431327550268 
ch00_p4-pl2-sample11-sperm3.tif 4 4 0.9999999999998915 
ch00_p4-pl2-sample12-sperm11.tif 4 4 0.8314104785795475 
ch00_p4-pl2-sample12-sperm7.tif 4 4 0.9766640416505912 
ch00_p4-pl2-sample12-sperm9.tif 4 4 0.8347412217883028 
ch00_p4-pl2-sample13-sperm10.tif 4 4 0.9393820711802164 
ch00_p4-pl2-sample13-sperm2.tif 4 2 0.9135208391010935 
ch00_p4-pl2-sample13-sperm9.tif 4 4 0.9999999999993707 
ch00_p4-pl2-sample14-sperm9.tif 4 4 0.9665235141308485 
ch00_p4-pl2-sample19-sperm1.tif 4 4 0.9936146441074011 
ch00_p4-pl2-sample19-sperm8.tif 4 4 0.9949631479226817 
ch00_p4-pl2-sample2-sperm3.tif 4 4 0.9865359567884537 
ch00_p4-pl2-sample2-sperm5.tif 4 4 0.9999999999998909 
ch00_p4-pl2-sample2-sperm7.tif 4 4 0.9999997279414345 
ch00_p4-pl2-sample20-sperm2.tif 4 4 0.9058101202209012 
ch00_p4-pl2-sample20-sperm4.tif 4 2 0.9955897699139217 
ch00_p4-pl2-sample3-sperm3.tif 4 2 0.5962858299905487 
ch00_p4-pl2-sample3-sperm5.tif 4 4 0.9999999841447803 
ch00_p4-pl2-sample3-sperm6.tif 4 4 0.9982451788311028 
ch00_p4-pl2-sample3-sperm7.tif 4 4 0.8679243221867278 
ch00_p4-pl2-sample4-sperm4.tif 4 4 0.9999999996262453 
ch00_p4-pl2-sample5-sperm4.tif 4 3 0.5534271031300366 
ch00_p4-pl2-sample6-sperm3.tif 4 4 0.9999999999746187 
ch00_p4-pl2-sample7-sperm4.tif 4 4 0.9999993512640382 
ch00_p4-pl2-sample7-sperm5.tif 4 4 0.9999969128398223 
ch00_p4-pl2-sample7-sperm6.tif 4 4 0.9944636527896371 
ch00_p4-pl2-sample7-sperm7.tif 4 1 0.8176785302511166 
ch00_p4-pl2-sample7-sperm8.tif 4 4 0.9999999989853238 
ch00_p4-pl2-sample8-sperm9.tif 4 3 0.997843832283311 
ch00_p4-pl2-sample9-sperm7.tif 4 4 0.9999993671684881 
ch00_p5-pl1-sample1-sperm12.tif 4 1 0.9952407689477416 
ch00_p5-pl1-sample10-sperm6.tif 4 4 0.9999999960712688 
ch00_p5-pl1-sample10-sperm7.tif 4 1 0.9799673806210161 
ch00_p5-pl1-sample12-sperm13.tif 4 4 0.9618168390081719 
ch00_p5-pl1-sample12-sperm16.tif 4 1 0.9877842526188388 
ch00_p5-pl1-sample12-sperm7.tif 4 0 0.9960997606667341 
ch00_p5-pl1-sample17-sperm13.tif 4 1 0.9990946349864828 
ch00_p5-pl1-sample17-sperm2.tif 4 4 0.9952633394550291 
ch00_p5-pl1-sample17-sperm3.tif 4 4 0.8868927967003699 
ch00_p5-pl1-sample19-sperm2.tif 4 1 0.9642660003237933 
ch00_p5-pl1-sample2-sperm13.tif 4 4 0.974476597936162 
ch00_p5-pl1-sample20-sperm12.tif 4 4 0.9999991386061394 
ch00_p5-pl1-sample20-sperm13.tif 4 4 0.9984891609690282 
ch00_p5-pl1-sample20-sperm2.tif 4 1 0.9444504734601881 
ch00_p5-pl1-sample20-sperm5.tif 4 4 0.9607885357712771 
ch00_p5-pl1-sample20-sperm6.tif 4 4 0.984899738953046 
ch00_p5-pl1-sample20-sperm7.tif 4 4 0.6444620547976052 
ch00_p5-pl1-sample3-sperm7.tif 4 1 0.9999969623220561 
ch00_p5-pl1-sample4-sperm8.tif 4 4 0.8642659017540454 
ch00_p5-pl1-sample5-sperm10.tif 4 1 0.7515978170425149 
ch00_p5-pl1-sample9-sperm1.tif 4 4 0.9592667698585516 
ch00_p5-pl1-sample9-sperm3.tif 4 1 0.9257487991221137 
