ch00_p1-pl2-sample3-sperm12.tif 0 4 0.9830847901058328 
ch00_p1-pl2-sample34-sperm9.tif 0 4 0.6370236709283074 
ch00_p1-pl2-sample35-sperm1.tif 0 4 0.7524464259889476 
ch00_p1-pl3-sample10-sperm2.tif 0 4 0.99999999343633 
ch00_p1-pl3-sample13-sperm3.tif 0 4 0.8633654762673197 
ch00_p1-pl3-sample15-sperm10.tif 0 4 0.9812793851240778 
ch00_p1-pl3-sample15-sperm22.tif 0 4 0.999999999983718 
ch00_p1-pl3-sample16-sperm10.tif 0 0 0.992227570340362 
ch00_p1-pl3-sample17-sperm3.tif 0 4 0.9811448242430234 
ch00_p1-pl3-sample2-sperm3.tif 0 4 0.9885192905197235 
ch00_p1-pl3-sample6-sperm11.tif 0 4 0.99999999999989 
ch00_p3-pl1-sample16-sperm2.tif 0 4 0.8775178141282406 
ch00_p3-pl1-sample17-sperm7.tif 0 4 0.9999999834828011 
ch00_p3-pl1-sample19-sperm2.tif 0 0 0.9630048644557647 
ch00_p3-pl1-sample25-sperm13.tif 0 4 0.992629048508543 
ch00_p3-pl1-sample30-sperm6.tif 0 0 0.9905729010112044 
ch00_p3-pl1-sample4-sperm4.tif 0 0 0.5390953215528973 
ch00_p4-pl1-sample1-sperm13.tif 0 0 0.7552807748624771 
ch00_p4-pl1-sample1-sperm3.tif 0 0 0.483610580303352 
ch00_p4-pl1-sample10-sperm9.tif 0 0 0.9040743802218933 
ch00_p4-pl1-sample13-sperm6.tif 0 4 0.571723694322193 
ch00_p4-pl1-sample15-sperm7.tif 0 0 0.9703903192445663 
ch00_p4-pl1-sample18-sperm4.tif 0 0 0.9081948860648484 
ch00_p4-pl1-sample20-sperm7.tif 0 4 0.7466217640860969 
ch00_p4-pl1-sample9-sperm3.tif 0 0 0.7877647137803961 
ch00_p4-pl1-sample9-sperm5.tif 0 4 0.9718026440351226 
ch00_p4-pl2-sample5-sperm6.tif 0 4 0.9999999101182325 
ch00_p5-pl1-sample2-sperm9.tif 0 3 0.8867648915840901 
ch00_p5-pl1-sample5-sperm3.tif 0 4 0.9999964647350564 
ch00_p5-pl1-sample8-sperm7.tif 0 4 0.7687675659930744 
ch00_p1-pl2-sample11-sperm2.tif 1 1 0.9304669966764265 
ch00_p1-pl2-sample11-sperm4.tif 1 1 0.8003692112545074 
ch00_p1-pl2-sample12-sperm3.tif 1 1 0.9513240611448682 
ch00_p1-pl2-sample19-sperm10.tif 1 4 0.5570940759700733 
ch00_p1-pl2-sample19-sperm11.tif 1 1 0.9172729117783569 
ch00_p1-pl2-sample19-sperm14.tif 1 1 0.7656858722994156 
ch00_p1-pl2-sample2-sperm12.tif 1 1 0.7962171297359814 
ch00_p1-pl2-sample20-sperm7.tif 1 4 0.9999999999998678 
ch00_p1-pl2-sample21-sperm9.tif 1 1 0.5377684235082395 
ch00_p1-pl2-sample22-sperm6.tif 1 4 0.7925274167965141 
ch00_p1-pl2-sample25-sperm8.tif 1 1 0.5128667223161414 
ch00_p1-pl2-sample26-sperm5.tif 1 4 0.99859327876131 
ch00_p1-pl2-sample29-sperm6.tif 1 4 0.999999999823111 
ch00_p1-pl2-sample3-sperm17.tif 1 4 0.946882344007337 
ch00_p1-pl2-sample3-sperm3.tif 1 1 0.7414836714288207 
ch00_p1-pl2-sample30-sperm7.tif 1 1 0.9849776548013777 
ch00_p1-pl2-sample35-sperm7.tif 1 1 0.9850125337851917 
ch00_p1-pl2-sample4-sperm8.tif 1 4 0.9979578048542944 
ch00_p1-pl2-sample5-sperm5.tif 1 4 0.8469805893073694 
ch00_p1-pl2-sample6-sperm10.tif 1 1 0.935874541449892 
ch00_p1-pl2-sample7-sperm11.tif 1 1 0.9589586672738469 
ch00_p1-pl2-sample7-sperm3.tif 1 1 0.8380248731530824 
ch00_p1-pl2-sample8-sperm1.tif 1 4 0.9999999999798457 
ch00_p1-pl2-sample9-sperm11.tif 1 1 0.9847602709236505 
ch00_p1-pl2-sample9-sperm12.tif 1 4 0.9394475646765906 
ch00_p1-pl2-sample9-sperm15.tif 1 4 0.9960045169209878 
ch00_p1-pl2-sample9-sperm2.tif 1 4 0.9999985222807688 
ch00_p1-pl2-sample9-sperm8.tif 1 4 0.9552852744982255 
ch00_p1-pl3-sample1-sperm5.tif 1 4 0.9999988642127247 
ch00_p1-pl3-sample10-sperm4.tif 1 4 0.7868865622982735 
ch00_p1-pl3-sample11-sperm9.tif 1 1 0.9828312001176313 
ch00_p1-pl3-sample12-sperm19.tif 1 1 0.8410664343377822 
ch00_p1-pl3-sample15-sperm6.tif 1 4 0.49123658272220583 
ch00_p1-pl3-sample17-sperm8.tif 1 0 0.8049889610711389 
ch00_p1-pl3-sample18-sperm3.tif 1 1 0.965868325790029 
ch00_p1-pl3-sample19-sperm4.tif 1 1 0.7082433537633507 
ch00_p1-pl3-sample5-sperm2.tif 1 4 0.998523795896325 
ch00_p1-pl3-sample7-sperm12.tif 1 1 0.9579395172094501 
ch00_p3-pl1-sample10-sperm2.tif 1 1 0.9822940204213823 
ch00_p3-pl1-sample12-sperm4.tif 1 1 0.9628220936008098 
ch00_p3-pl1-sample17-sperm4.tif 1 4 0.9600112826406999 
ch00_p3-pl1-sample18-sperm1.tif 1 1 0.9198243928559265 
ch00_p3-pl1-sample21-sperm7.tif 1 1 0.9870154653354261 
ch00_p3-pl1-sample23-sperm11.tif 1 1 0.9692581680773965 
ch00_p3-pl1-sample23-sperm4.tif 1 4 0.9349578079283808 
ch00_p3-pl1-sample27-sperm2.tif 1 1 0.9849009895480966 
ch00_p3-pl1-sample29-sperm6.tif 1 1 0.9870077229530977 
ch00_p3-pl1-sample30-sperm2.tif 1 1 0.9890572568826271 
ch00_p3-pl1-sample31-sperm6.tif 1 1 0.9560618837542005 
ch00_p3-pl1-sample6-sperm5.tif 1 4 0.9948095035212958 
ch00_p3-pl1-sample7-sperm14.tif 1 1 0.8885726291918279 
ch00_p4-pl1-sample1-sperm11.tif 1 1 0.9719117087447829 
ch00_p4-pl1-sample1-sperm4.tif 1 1 0.7311408334993876 
ch00_p4-pl1-sample19-sperm3.tif 1 1 0.5656812103715245 
ch00_p4-pl1-sample2-sperm7.tif 1 4 0.9176507431297111 
ch00_p4-pl1-sample3-sperm8.tif 1 1 0.9257447597220553 
ch00_p4-pl1-sample9-sperm16.tif 1 1 0.9572502952551168 
ch00_p4-pl2-sample10-sperm2.tif 1 4 0.5163984315498964 
ch00_p4-pl2-sample11-sperm1.tif 1 4 0.9901158553445888 
ch00_p5-pl1-sample11-sperm2.tif 1 1 0.8025416866496369 
ch00_p5-pl1-sample14-sperm5.tif 1 1 0.6334881130389926 
ch00_p5-pl1-sample18-sperm11.tif 1 0 0.507490537689492 
ch00_p5-pl1-sample2-sperm2.tif 1 1 0.7975221829491175 
ch00_p5-pl1-sample20-sperm11.tif 1 2 0.4181752805971448 
ch00_p5-pl1-sample4-sperm9.tif 1 3 0.48668217812817693 
ch00_p5-pl1-sample6-sperm13.tif 1 1 0.9435836303536124 
ch00_p5-pl1-sample7-sperm10.tif 1 1 0.9477782592368214 
ch00_p5-pl1-sample8-sperm2.tif 1 1 0.9211751908782894 
ch00_p1-pl2-sample10-sperm7.tif 2 4 0.9860063506236201 
ch00_p1-pl2-sample17-sperm10.tif 2 4 0.9954687147231636 
ch00_p1-pl2-sample17-sperm12.tif 2 2 0.7690355956654483 
ch00_p1-pl2-sample24-sperm4.tif 2 4 0.8577423421247437 
ch00_p1-pl2-sample31-sperm2.tif 2 2 0.740952596935407 
ch00_p1-pl2-sample35-sperm14.tif 2 1 0.9617404816106695 
ch00_p1-pl2-sample9-sperm17.tif 2 4 0.9999999999104006 
ch00_p1-pl3-sample1-sperm15.tif 2 4 0.5674122972032851 
ch00_p1-pl3-sample10-sperm5.tif 2 2 0.6883700398879266 
ch00_p1-pl3-sample11-sperm6.tif 2 2 0.5956822371114853 
ch00_p1-pl3-sample17-sperm9.tif 2 2 0.9361719686737452 
ch00_p1-pl3-sample5-sperm12.tif 2 4 0.9999998699711589 
ch00_p1-pl3-sample7-sperm5.tif 2 2 0.8038167429630835 
ch00_p1-pl3-sample9-sperm4.tif 2 2 0.9791785045254408 
ch00_p4-pl1-sample10-sperm10.tif 2 4 0.5289239706615605 
ch00_p4-pl1-sample12-sperm15.tif 2 4 0.7843933470741336 
ch00_p4-pl1-sample13-sperm4.tif 2 1 0.6523438366537005 
ch00_p4-pl1-sample19-sperm7.tif 2 4 0.8834788499471717 
ch00_p4-pl1-sample3-sperm10.tif 2 1 0.9664112967657869 
ch00_p4-pl2-sample11-sperm5.tif 2 2 0.9380617223509715 
ch00_p4-pl2-sample17-sperm6.tif 2 4 0.9999999999993512 
ch00_p4-pl2-sample3-sperm10.tif 2 4 0.9037193475815621 
ch00_p1-pl2-sample13-sperm13.tif 3 3 0.8939324238503217 
ch00_p1-pl2-sample15-sperm6.tif 3 3 0.9228381384369991 
ch00_p1-pl2-sample18-sperm4.tif 3 0 0.697400730299084 
ch00_p1-pl2-sample22-sperm10.tif 3 4 0.9999999999998822 
ch00_p1-pl2-sample28-sperm2.tif 3 3 0.9254880604559497 
ch00_p1-pl2-sample7-sperm4.tif 3 4 0.9999999999239634 
ch00_p1-pl3-sample12-sperm9.tif 3 1 0.3871059771252926 
ch00_p1-pl3-sample15-sperm11.tif 3 0 0.9835642919325024 
ch00_p1-pl3-sample16-sperm11.tif 3 3 0.5094561216065554 
ch00_p1-pl3-sample16-sperm16.tif 3 4 0.9999995859411133 
ch00_p1-pl3-sample23-sperm13.tif 3 4 0.9626137396631225 
ch00_p1-pl3-sample24-sperm1.tif 3 3 0.6532260165941786 
ch00_p1-pl3-sample25-sperm14.tif 3 3 0.9840619767094969 
ch00_p1-pl3-sample5-sperm10.tif 3 2 0.4334694831149974 
ch00_p1-pl3-sample9-sperm6.tif 3 4 0.9999999999998881 
ch00_p3-pl1-sample31-sperm3.tif 3 4 0.9999993564444966 
ch00_p3-pl1-sample32-sperm1.tif 3 0 0.9311381964624221 
ch00_p4-pl1-sample4-sperm13.tif 3 3 0.8390393230499725 
ch00_p4-pl1-sample9-sperm14.tif 3 3 0.98953957051305 
ch00_p4-pl2-sample8-sperm3.tif 3 1 0.6306668830513702 
ch00_p5-pl1-sample18-sperm1.tif 3 4 0.9999996242957229 
ch00_p1-pl2-sample1-sperm12.tif 4 4 0.9999999996973941 
ch00_p1-pl2-sample1-sperm4.tif 4 1 0.9429636306477394 
ch00_p1-pl2-sample10-sperm12.tif 4 4 0.9999999872078555 
ch00_p1-pl2-sample10-sperm8.tif 4 1 0.9334809655126409 
ch00_p1-pl2-sample12-sperm1.tif 4 4 0.9999999999998925 
ch00_p1-pl2-sample12-sperm2.tif 4 4 0.9072010501642821 
ch00_p1-pl2-sample12-sperm5.tif 4 4 0.9999999999535193 
ch00_p1-pl2-sample12-sperm7.tif 4 4 0.5991686113236022 
ch00_p1-pl2-sample13-sperm1.tif 4 4 0.9999999980146895 
ch00_p1-pl2-sample13-sperm5.tif 4 4 0.7572901818143756 
ch00_p1-pl2-sample14-sperm1.tif 4 4 0.9999999999998912 
ch00_p1-pl2-sample14-sperm11.tif 4 4 0.9999999999803807 
ch00_p1-pl2-sample14-sperm14.tif 4 4 0.711078888031596 
ch00_p1-pl2-sample14-sperm2.tif 4 4 0.9304237112105969 
ch00_p1-pl2-sample15-sperm5.tif 4 4 0.9999999999825929 
ch00_p1-pl2-sample16-sperm5.tif 4 4 0.9999999999996675 
ch00_p1-pl2-sample17-sperm2.tif 4 1 0.6703688761542833 
ch00_p1-pl2-sample18-sperm2.tif 4 4 0.9999999999888145 
ch00_p1-pl2-sample2-sperm11.tif 4 4 0.999999999999882 
ch00_p1-pl2-sample20-sperm10.tif 4 2 0.8860972785503222 
ch00_p1-pl2-sample25-sperm3.tif 4 4 0.9999999470452766 
ch00_p1-pl2-sample26-sperm1.tif 4 4 0.5747271889012058 
ch00_p1-pl2-sample26-sperm12.tif 4 4 0.9999999999998669 
ch00_p1-pl2-sample27-sperm5.tif 4 4 0.9999999996052648 
ch00_p1-pl2-sample28-sperm1.tif 4 4 0.9714468361462003 
ch00_p1-pl2-sample28-sperm10.tif 4 1 0.6122153755205423 
ch00_p1-pl2-sample29-sperm1.tif 4 4 0.9999999999998986 
ch00_p1-pl2-sample3-sperm8.tif 4 4 0.6790236139251659 
ch00_p1-pl2-sample30-sperm1.tif 4 4 0.5228225748863741 
ch00_p1-pl2-sample30-sperm6.tif 4 1 0.46629635826896065 
ch00_p1-pl2-sample31-sperm3.tif 4 1 0.9669228956349466 
ch00_p1-pl2-sample31-sperm6.tif 4 4 0.990887105862592 
ch00_p1-pl2-sample32-sperm1.tif 4 4 0.7046174595104954 
ch00_p1-pl2-sample32-sperm9.tif 4 4 0.9999999947277676 
ch00_p1-pl2-sample33-sperm2.tif 4 4 0.9972957142132982 
ch00_p1-pl2-sample34-sperm8.tif 4 4 0.7036050585534397 
ch00_p1-pl2-sample35-sperm10.tif 4 1 0.9374779237561962 
ch00_p1-pl2-sample4-sperm16.tif 4 1 0.8859927796501748 
ch00_p1-pl2-sample7-sperm13.tif 4 4 0.5759385151728942 
ch00_p1-pl2-sample9-sperm18.tif 4 4 0.9999999608577115 
ch00_p1-pl3-sample10-sperm7.tif 4 4 0.9999998467012644 
ch00_p1-pl3-sample12-sperm6.tif 4 4 0.9968123575819406 
ch00_p1-pl3-sample12-sperm8.tif 4 4 0.7988991699630157 
ch00_p1-pl3-sample14-sperm1.tif 4 4 0.9999998763580509 
ch00_p1-pl3-sample14-sperm16.tif 4 4 0.9127723344986517 
ch00_p1-pl3-sample14-sperm6.tif 4 4 0.9999999999998829 
ch00_p1-pl3-sample14-sperm7.tif 4 4 0.7866849862782507 
ch00_p1-pl3-sample15-sperm12.tif 4 2 0.9318591864457082 
ch00_p1-pl3-sample15-sperm20.tif 4 4 0.9784037245777271 
ch00_p1-pl3-sample15-sperm5.tif 4 2 0.8058369021812877 
ch00_p1-pl3-sample15-sperm9.tif 4 1 0.9660335014867842 
ch00_p1-pl3-sample17-sperm2.tif 4 4 0.5270030780574381 
ch00_p1-pl3-sample19-sperm8.tif 4 0 0.6677873404032009 
ch00_p1-pl3-sample20-sperm7.tif 4 1 0.9578371560896275 
ch00_p1-pl3-sample20-sperm8.tif 4 4 0.99999999999917 
ch00_p1-pl3-sample21-sperm11.tif 4 1 0.8182651973325156 
ch00_p1-pl3-sample21-sperm3.tif 4 4 0.9783364526034409 
ch00_p1-pl3-sample21-sperm4.tif 4 1 0.9117493432184978 
ch00_p1-pl3-sample21-sperm6.tif 4 4 0.9072359117556837 
ch00_p1-pl3-sample23-sperm18.tif 4 4 0.9999999999927915 
ch00_p1-pl3-sample23-sperm19.tif 4 4 0.9999969938827764 
ch00_p1-pl3-sample23-sperm2.tif 4 4 0.6752021802570455 
ch00_p1-pl3-sample24-sperm11.tif 4 4 0.9462965805283594 
ch00_p1-pl3-sample24-sperm14.tif 4 4 0.9999999068683388 
ch00_p1-pl3-sample24-sperm24.tif 4 4 0.8290937166649517 
ch00_p1-pl3-sample25-sperm11.tif 4 4 0.9877727957620007 
ch00_p1-pl3-sample3-sperm5.tif 4 4 0.9999999949948692 
ch00_p1-pl3-sample3-sperm8.tif 4 3 0.8107435603282728 
ch00_p1-pl3-sample4-sperm3.tif 4 4 0.991808719510242 
ch00_p1-pl3-sample4-sperm8.tif 4 4 0.9999999999985942 
ch00_p1-pl3-sample4-sperm9.tif 4 4 0.8858097107690059 
ch00_p1-pl3-sample5-sperm13.tif 4 4 0.9339099115243032 
ch00_p1-pl3-sample5-sperm4.tif 4 4 0.999999999999872 
ch00_p1-pl3-sample5-sperm9.tif 4 1 0.5640111752334003 
ch00_p1-pl3-sample6-sperm4.tif 4 3 0.9725327865864276 
ch00_p1-pl3-sample6-sperm5.tif 4 4 0.9999999994768562 
ch00_p1-pl3-sample8-sperm6.tif 4 4 0.8602417677855974 
ch00_p1-pl3-sample9-sperm12.tif 4 4 0.9999999999998687 
ch00_p1-pl3-sample9-sperm14.tif 4 4 0.9795469684172107 
ch00_p3-pl1-sample1-sperm5.tif 4 1 0.9432413442158384 
ch00_p3-pl1-sample11-sperm7.tif 4 1 0.9801407154299235 
ch00_p3-pl1-sample12-sperm7.tif 4 4 0.9609214064139043 
ch00_p3-pl1-sample13-sperm1.tif 4 1 0.9666537260667182 
ch00_p3-pl1-sample16-sperm4.tif 4 4 0.9999999999998966 
ch00_p3-pl1-sample19-sperm3.tif 4 4 0.9587994187768177 
ch00_p3-pl1-sample19-sperm4.tif 4 4 0.999999999999893 
ch00_p3-pl1-sample19-sperm9.tif 4 4 0.9609370435499635 
ch00_p3-pl1-sample20-sperm4.tif 4 1 0.9650611484396202 
ch00_p3-pl1-sample21-sperm4.tif 4 3 0.8695034263107388 
ch00_p3-pl1-sample23-sperm2.tif 4 4 0.9999999999998622 
ch00_p3-pl1-sample23-sperm7.tif 4 4 0.9999999999998452 
ch00_p3-pl1-sample25-sperm10.tif 4 1 0.9956735594731735 
ch00_p3-pl1-sample25-sperm2.tif 4 4 0.5028446550465899 
ch00_p3-pl1-sample26-sperm3.tif 4 1 0.8159560982989698 
ch00_p3-pl1-sample3-sperm2.tif 4 3 0.8365385128379318 
ch00_p3-pl1-sample3-sperm6.tif 4 4 0.9999999988531423 
ch00_p3-pl1-sample3-sperm9.tif 4 1 0.9732875058901787 
ch00_p3-pl1-sample32-sperm4.tif 4 1 0.7396048071273956 
ch00_p3-pl1-sample32-sperm7.tif 4 1 0.965529117354171 
ch00_p3-pl1-sample4-sperm1.tif 4 1 0.877320209398171 
ch00_p3-pl1-sample6-sperm3.tif 4 4 0.9999997084357272 
ch00_p3-pl1-sample7-sperm13.tif 4 4 0.9277417466575293 
ch00_p3-pl1-sample7-sperm6.tif 4 1 0.9576784845192389 
ch00_p3-pl1-sample7-sperm8.tif 4 4 0.9999999999993159 
ch00_p3-pl1-sample8-sperm3.tif 4 1 0.9442503945860651 
ch00_p4-pl1-sample1-sperm1.tif 4 0 0.9526926974005071 
ch00_p4-pl1-sample1-sperm8.tif 4 4 0.9999999999469806 
ch00_p4-pl1-sample10-sperm12.tif 4 3 0.9990855635136642 
ch00_p4-pl1-sample10-sperm16.tif 4 4 0.6624742460146764 
ch00_p4-pl1-sample10-sperm20.tif 4 2 0.8361384222113749 
ch00_p4-pl1-sample11-sperm8.tif 4 0 0.9978316990037482 
ch00_p4-pl1-sample12-sperm6.tif 4 4 0.9989525706686163 
ch00_p4-pl1-sample13-sperm3.tif 4 4 0.9947231843297102 
ch00_p4-pl1-sample13-sperm8.tif 4 4 0.9999999872559033 
ch00_p4-pl1-sample14-sperm13.tif 4 4 0.9999999999869356 
ch00_p4-pl1-sample14-sperm4.tif 4 4 0.9940953863274796 
ch00_p4-pl1-sample14-sperm5.tif 4 1 0.8636874967815488 
ch00_p4-pl1-sample16-sperm13.tif 4 4 0.9999999584541112 
ch00_p4-pl1-sample16-sperm17.tif 4 4 0.9999999999998672 
ch00_p4-pl1-sample16-sperm7.tif 4 4 0.9914497054630868 
ch00_p4-pl1-sample18-sperm1.tif 4 4 0.9999971240614377 
ch00_p4-pl1-sample19-sperm6.tif 4 4 0.9946482476342605 
ch00_p4-pl1-sample2-sperm1.tif 4 4 0.9449832428297362 
ch00_p4-pl1-sample20-sperm10.tif 4 4 0.9623272101262916 
ch00_p4-pl1-sample3-sperm11.tif 4 1 0.5915197900244064 
ch00_p4-pl1-sample3-sperm6.tif 4 2 0.9644820921255286 
ch00_p4-pl1-sample3-sperm9.tif 4 0 0.609086772952771 
ch00_p4-pl1-sample4-sperm10.tif 4 4 0.9999999859909454 
ch00_p4-pl1-sample4-sperm12.tif 4 1 0.7919300771561839 
ch00_p4-pl1-sample4-sperm14.tif 4 4 0.999999987854499 
ch00_p4-pl1-sample4-sperm16.tif 4 4 0.9725531444522931 
ch00_p4-pl1-sample5-sperm1.tif 4 4 0.9750183208740391 
ch00_p4-pl1-sample5-sperm7.tif 4 0 0.5075655225116766 
ch00_p4-pl1-sample6-sperm3.tif 4 4 0.9206120887249452 
ch00_p4-pl1-sample6-sperm7.tif 4 4 0.9999999999998588 
ch00_p4-pl1-sample6-sperm9.tif 4 2 0.6992723915734012 
ch00_p4-pl1-sample7-sperm13.tif 4 4 0.9999995546247586 
ch00_p4-pl1-sample7-sperm2.tif 4 4 0.9808187561451575 
ch00_p4-pl1-sample8-sperm1.tif 4 4 0.880516301533631 
ch00_p4-pl1-sample8-sperm7.tif 4 4 0.8032006184082393 
ch00_p4-pl1-sample8-sperm9.tif 4 4 0.9923158713997808 
ch00_p4-pl1-sample9-sperm15.tif 4 4 0.9999998492531882 
ch00_p4-pl1-sample9-sperm2.tif 4 4 0.9972625327008373 
ch00_p4-pl1-sample9-sperm4.tif 4 4 0.9999999972276303 
ch00_p4-pl1-sample9-sperm6.tif 4 2 0.7460287900068167 
ch00_p4-pl2-sample10-sperm1.tif 4 0 0.8257120063792203 
ch00_p4-pl2-sample11-sperm2.tif 4 1 0.9354814693612591 
ch00_p4-pl2-sample12-sperm10.tif 4 0 0.7543580264664549 
ch00_p4-pl2-sample12-sperm9.tif 4 4 0.9192493704404288 
ch00_p4-pl2-sample13-sperm10.tif 4 4 0.9999999999998747 
ch00_p4-pl2-sample13-sperm2.tif 4 4 0.5902616717829591 
ch00_p4-pl2-sample13-sperm7.tif 4 4 0.9999985553897444 
ch00_p4-pl2-sample14-sperm10.tif 4 0 0.8201522867191474 
ch00_p4-pl2-sample14-sperm8.tif 4 4 0.9779165135433694 
ch00_p4-pl2-sample15-sperm1.tif 4 2 0.9571771925915851 
ch00_p4-pl2-sample17-sperm3.tif 4 4 0.9968095419073136 
ch00_p4-pl2-sample18-sperm7.tif 4 4 0.9983873834540894 
ch00_p4-pl2-sample18-sperm8.tif 4 4 0.5970492220415639 
ch00_p4-pl2-sample18-sperm9.tif 4 4 0.9999999978860772 
ch00_p4-pl2-sample19-sperm1.tif 4 4 0.9999999789703181 
ch00_p4-pl2-sample19-sperm4.tif 4 4 0.99999990176578 
ch00_p4-pl2-sample19-sperm7.tif 4 4 0.9760437597159448 
ch00_p4-pl2-sample2-sperm5.tif 4 4 0.9999999999998929 
ch00_p4-pl2-sample20-sperm2.tif 4 4 0.999999999999871 
ch00_p4-pl2-sample20-sperm5.tif 4 0 0.9558603434243379 
ch00_p4-pl2-sample20-sperm8.tif 4 4 0.9999996851942683 
ch00_p4-pl2-sample5-sperm1.tif 4 4 0.9999999999998059 
ch00_p4-pl2-sample5-sperm5.tif 4 3 0.8898941536761023 
ch00_p4-pl2-sample6-sperm6.tif 4 4 0.8247512233620178 
ch00_p4-pl2-sample7-sperm5.tif 4 3 0.7234876089778227 
ch00_p4-pl2-sample7-sperm6.tif 4 4 0.9159276776632744 
ch00_p4-pl2-sample8-sperm9.tif 4 4 0.9999999994079882 
ch00_p5-pl1-sample1-sperm3.tif 4 4 0.999999997002434 
ch00_p5-pl1-sample1-sperm5.tif 4 4 0.9999999999998799 
ch00_p5-pl1-sample1-sperm6.tif 4 0 0.47227786741212163 
ch00_p5-pl1-sample12-sperm13.tif 4 4 0.9755358820839618 
ch00_p5-pl1-sample12-sperm14.tif 4 4 0.9999996777983349 
ch00_p5-pl1-sample15-sperm4.tif 4 3 0.7009407662134105 
ch00_p5-pl1-sample15-sperm7.tif 4 1 0.9376888173994454 
ch00_p5-pl1-sample16-sperm3.tif 4 0 0.4899777161576221 
ch00_p5-pl1-sample17-sperm13.tif 4 4 0.9017573705405425 
ch00_p5-pl1-sample18-sperm6.tif 4 3 0.5605392662983355 
ch00_p5-pl1-sample2-sperm10.tif 4 1 0.8100673390643349 
ch00_p5-pl1-sample2-sperm13.tif 4 4 0.9851614053526675 
ch00_p5-pl1-sample2-sperm6.tif 4 4 0.9999999999998642 
ch00_p5-pl1-sample20-sperm6.tif 4 4 0.9910489880913628 
ch00_p5-pl1-sample3-sperm15.tif 4 4 0.9988776011504014 
ch00_p5-pl1-sample3-sperm23.tif 4 2 0.6334655740075714 
ch00_p5-pl1-sample3-sperm5.tif 4 4 0.9251263951398727 
ch00_p5-pl1-sample3-sperm7.tif 4 1 0.9448347849584574 
ch00_p5-pl1-sample4-sperm5.tif 4 4 0.9999999999998864 
ch00_p5-pl1-sample5-sperm15.tif 4 3 0.8772306036052258 
ch00_p5-pl1-sample6-sperm9.tif 4 3 0.9632519482713965 
ch00_p5-pl1-sample9-sperm1.tif 4 1 0.8511185536861944 
ch00_p5-pl1-sample9-sperm4.tif 4 4 0.6389723955290617 
ch00_p5-pl1-sample9-sperm5.tif 4 3 0.9990880320422014 
