ch00_p1-pl2-sample3-sperm12.tif 0 0 0.7819102769238417 
ch00_p1-pl2-sample34-sperm9.tif 0 0 0.9926183486471358 
ch00_p1-pl2-sample35-sperm1.tif 0 4 0.8406086488678177 
ch00_p1-pl3-sample10-sperm2.tif 0 4 0.9999988965644999 
ch00_p1-pl3-sample13-sperm3.tif 0 2 0.8275372339367213 
ch00_p1-pl3-sample15-sperm10.tif 0 4 0.9967518887599228 
ch00_p1-pl3-sample15-sperm22.tif 0 0 0.931602772293218 
ch00_p1-pl3-sample16-sperm10.tif 0 0 0.9739956286242564 
ch00_p1-pl3-sample17-sperm3.tif 0 0 0.8924998799723719 
ch00_p1-pl3-sample2-sperm3.tif 0 4 0.9075106653840203 
ch00_p1-pl3-sample6-sperm11.tif 0 4 0.9973443969740906 
ch00_p3-pl1-sample16-sperm2.tif 0 4 0.9953256771782047 
ch00_p3-pl1-sample17-sperm7.tif 0 4 0.9999998764110145 
ch00_p3-pl1-sample19-sperm2.tif 0 0 0.894798037311109 
ch00_p3-pl1-sample25-sperm13.tif 0 3 0.6540790997889007 
ch00_p3-pl1-sample30-sperm6.tif 0 0 0.9882766521733632 
ch00_p3-pl1-sample4-sperm4.tif 0 0 0.9619185924230799 
ch00_p4-pl1-sample1-sperm13.tif 0 0 0.6971428585569037 
ch00_p4-pl1-sample1-sperm3.tif 0 4 0.5418670424735621 
ch00_p4-pl1-sample10-sperm9.tif 0 0 0.963700754962363 
ch00_p4-pl1-sample13-sperm6.tif 0 0 0.7192220510643882 
ch00_p4-pl1-sample15-sperm7.tif 0 0 0.9957518850055618 
ch00_p4-pl1-sample18-sperm4.tif 0 0 0.9534955522528681 
ch00_p4-pl1-sample20-sperm7.tif 0 4 0.9101750910532367 
ch00_p4-pl1-sample9-sperm3.tif 0 0 0.8444035950681289 
ch00_p4-pl1-sample9-sperm5.tif 0 4 0.9220732523247205 
ch00_p4-pl2-sample5-sperm6.tif 0 4 0.9999998406608283 
ch00_p5-pl1-sample2-sperm9.tif 0 4 0.5521866812433323 
ch00_p5-pl1-sample5-sperm3.tif 0 3 0.9008604374319228 
ch00_p5-pl1-sample8-sperm7.tif 0 3 0.9765922912814966 
ch00_p1-pl2-sample11-sperm2.tif 1 1 0.9576574710226097 
ch00_p1-pl2-sample11-sperm4.tif 1 1 0.6799928639336438 
ch00_p1-pl2-sample12-sperm3.tif 1 4 0.8625558657050897 
ch00_p1-pl2-sample19-sperm10.tif 1 4 0.9906086084662031 
ch00_p1-pl2-sample19-sperm11.tif 1 1 0.8379350923586557 
ch00_p1-pl2-sample19-sperm14.tif 1 2 0.9825518034893255 
ch00_p1-pl2-sample2-sperm12.tif 1 1 0.8652220641156543 
ch00_p1-pl2-sample20-sperm7.tif 1 4 0.9999999360367603 
ch00_p1-pl2-sample21-sperm9.tif 1 1 0.6166478991340354 
ch00_p1-pl2-sample22-sperm6.tif 1 4 0.984066858401247 
ch00_p1-pl2-sample25-sperm8.tif 1 4 0.668445264166897 
ch00_p1-pl2-sample26-sperm5.tif 1 1 0.8206296188834495 
ch00_p1-pl2-sample29-sperm6.tif 1 4 0.9999990137292125 
ch00_p1-pl2-sample3-sperm17.tif 1 4 0.8156452392833469 
ch00_p1-pl2-sample3-sperm3.tif 1 4 0.9071022418593351 
ch00_p1-pl2-sample30-sperm7.tif 1 1 0.9966894712581946 
ch00_p1-pl2-sample35-sperm7.tif 1 1 0.8597596083716008 
ch00_p1-pl2-sample4-sperm8.tif 1 4 0.9872953767755281 
ch00_p1-pl2-sample5-sperm5.tif 1 1 0.934803003870648 
ch00_p1-pl2-sample6-sperm10.tif 1 1 0.9966628496928683 
ch00_p1-pl2-sample7-sperm11.tif 1 4 0.790018660884864 
ch00_p1-pl2-sample7-sperm3.tif 1 4 0.5183835405946537 
ch00_p1-pl2-sample8-sperm1.tif 1 4 0.999999600963719 
ch00_p1-pl2-sample9-sperm11.tif 1 1 0.9990646290216953 
ch00_p1-pl2-sample9-sperm12.tif 1 0 0.6257118151801423 
ch00_p1-pl2-sample9-sperm15.tif 1 4 0.9982172714040954 
ch00_p1-pl2-sample9-sperm2.tif 1 4 0.9979613933009125 
ch00_p1-pl2-sample9-sperm8.tif 1 1 0.9919889021539562 
ch00_p1-pl3-sample1-sperm5.tif 1 4 0.9013242902394841 
ch00_p1-pl3-sample10-sperm4.tif 1 4 0.9999990219851026 
ch00_p1-pl3-sample11-sperm9.tif 1 1 0.9990747821340787 
ch00_p1-pl3-sample12-sperm19.tif 1 1 0.7943402308333607 
ch00_p1-pl3-sample15-sperm6.tif 1 4 0.8072201851472846 
ch00_p1-pl3-sample17-sperm8.tif 1 0 0.6914478658845546 
ch00_p1-pl3-sample18-sperm3.tif 1 1 0.9517311953621945 
ch00_p1-pl3-sample19-sperm4.tif 1 4 0.9984902740143359 
ch00_p1-pl3-sample5-sperm2.tif 1 4 0.9964579724335664 
ch00_p1-pl3-sample7-sperm12.tif 1 1 0.9845075579125543 
ch00_p3-pl1-sample10-sperm2.tif 1 1 0.9917252416480937 
ch00_p3-pl1-sample12-sperm4.tif 1 1 0.9932603085664631 
ch00_p3-pl1-sample17-sperm4.tif 1 4 0.5016641795384839 
ch00_p3-pl1-sample18-sperm1.tif 1 1 0.9432408381356392 
ch00_p3-pl1-sample21-sperm7.tif 1 1 0.99981263643501 
ch00_p3-pl1-sample23-sperm11.tif 1 1 0.8548920751519389 
ch00_p3-pl1-sample23-sperm4.tif 1 4 0.9857805801227923 
ch00_p3-pl1-sample27-sperm2.tif 1 1 0.9890716690994515 
ch00_p3-pl1-sample29-sperm6.tif 1 1 0.9992078635606796 
ch00_p3-pl1-sample30-sperm2.tif 1 1 0.9995815729913596 
ch00_p3-pl1-sample31-sperm6.tif 1 1 0.9578618888804465 
ch00_p3-pl1-sample6-sperm5.tif 1 1 0.588462934865301 
ch00_p3-pl1-sample7-sperm14.tif 1 1 0.967031830904094 
ch00_p4-pl1-sample1-sperm11.tif 1 4 0.6556673116390969 
ch00_p4-pl1-sample1-sperm4.tif 1 1 0.9450129800516421 
ch00_p4-pl1-sample19-sperm3.tif 1 1 0.8446823004989125 
ch00_p4-pl1-sample2-sperm7.tif 1 1 0.8530083361800048 
ch00_p4-pl1-sample3-sperm8.tif 1 1 0.8913538271586495 
ch00_p4-pl1-sample9-sperm16.tif 1 1 0.9888014947281297 
ch00_p4-pl2-sample10-sperm2.tif 1 1 0.7726894287186942 
ch00_p4-pl2-sample11-sperm1.tif 1 4 0.9999954404945304 
ch00_p5-pl1-sample11-sperm2.tif 1 1 0.8363959477625109 
ch00_p5-pl1-sample14-sperm5.tif 1 1 0.9961039555504906 
ch00_p5-pl1-sample18-sperm11.tif 1 4 0.9493889986013989 
ch00_p5-pl1-sample2-sperm2.tif 1 1 0.9577006677778136 
ch00_p5-pl1-sample20-sperm11.tif 1 2 0.9511616751247886 
ch00_p5-pl1-sample4-sperm9.tif 1 3 0.967253943685298 
ch00_p5-pl1-sample6-sperm13.tif 1 1 0.999961194347397 
ch00_p5-pl1-sample7-sperm10.tif 1 1 0.9733695498424484 
ch00_p5-pl1-sample8-sperm2.tif 1 4 0.9905523248016954 
ch00_p1-pl2-sample10-sperm7.tif 2 4 0.9981755551464028 
ch00_p1-pl2-sample17-sperm10.tif 2 4 0.8582433155974754 
ch00_p1-pl2-sample17-sperm12.tif 2 4 0.9999999816014093 
ch00_p1-pl2-sample24-sperm4.tif 2 4 0.5928169073658897 
ch00_p1-pl2-sample31-sperm2.tif 2 4 0.5822074901197591 
ch00_p1-pl2-sample35-sperm14.tif 2 1 0.9753626629845398 
ch00_p1-pl2-sample9-sperm17.tif 2 4 0.8923640484553377 
ch00_p1-pl3-sample1-sperm15.tif 2 4 0.9942532773228153 
ch00_p1-pl3-sample10-sperm5.tif 2 2 0.9311211363469282 
ch00_p1-pl3-sample11-sperm6.tif 2 1 0.8522360630448452 
ch00_p1-pl3-sample17-sperm9.tif 2 2 0.9883184320339938 
ch00_p1-pl3-sample5-sperm12.tif 2 4 0.9989130835344546 
ch00_p1-pl3-sample7-sperm5.tif 2 2 0.9701002966006725 
ch00_p1-pl3-sample9-sperm4.tif 2 2 0.9848875556220106 
ch00_p4-pl1-sample10-sperm10.tif 2 1 0.6131210940887211 
ch00_p4-pl1-sample12-sperm15.tif 2 4 0.9534359625934453 
ch00_p4-pl1-sample13-sperm4.tif 2 2 0.9357423954158347 
ch00_p4-pl1-sample19-sperm7.tif 2 2 0.9705393014518828 
ch00_p4-pl1-sample3-sperm10.tif 2 1 0.9679577437350847 
ch00_p4-pl2-sample11-sperm5.tif 2 2 0.959583031980677 
ch00_p4-pl2-sample17-sperm6.tif 2 4 0.9954506863418382 
ch00_p4-pl2-sample3-sperm10.tif 2 2 0.6543659741557659 
ch00_p1-pl2-sample13-sperm13.tif 3 3 0.9626827527030996 
ch00_p1-pl2-sample15-sperm6.tif 3 4 0.9100941910843884 
ch00_p1-pl2-sample18-sperm4.tif 3 4 0.5755099704818484 
ch00_p1-pl2-sample22-sperm10.tif 3 4 0.993402465227649 
ch00_p1-pl2-sample28-sperm2.tif 3 3 0.8894695156328163 
ch00_p1-pl2-sample7-sperm4.tif 3 4 0.9989077868000017 
ch00_p1-pl3-sample12-sperm9.tif 3 4 0.9954794643576788 
ch00_p1-pl3-sample15-sperm11.tif 3 3 0.7367304708639457 
ch00_p1-pl3-sample16-sperm11.tif 3 4 0.6043600224990935 
ch00_p1-pl3-sample16-sperm16.tif 3 4 0.8621145001158508 
ch00_p1-pl3-sample23-sperm13.tif 3 4 0.980748609868095 
ch00_p1-pl3-sample24-sperm1.tif 3 0 0.9372117886887733 
ch00_p1-pl3-sample25-sperm14.tif 3 3 0.9914664034235331 
ch00_p1-pl3-sample5-sperm10.tif 3 4 0.9568226445372663 
ch00_p1-pl3-sample9-sperm6.tif 3 3 0.8158583104759137 
ch00_p3-pl1-sample31-sperm3.tif 3 4 0.7843347517952769 
ch00_p3-pl1-sample32-sperm1.tif 3 0 0.9254390860719578 
ch00_p4-pl1-sample4-sperm13.tif 3 0 0.5372262351319342 
ch00_p4-pl1-sample9-sperm14.tif 3 3 0.8317763862692787 
ch00_p4-pl2-sample8-sperm3.tif 3 4 0.999998879254639 
ch00_p5-pl1-sample18-sperm1.tif 3 4 0.9738266943692018 
ch00_p1-pl2-sample1-sperm12.tif 4 4 0.9999976502772994 
ch00_p1-pl2-sample1-sperm4.tif 4 1 0.9925816773591742 
ch00_p1-pl2-sample10-sperm12.tif 4 4 0.7766935452378073 
ch00_p1-pl2-sample10-sperm8.tif 4 4 0.807653889995965 
ch00_p1-pl2-sample12-sperm1.tif 4 4 0.9987982953990965 
ch00_p1-pl2-sample12-sperm2.tif 4 4 0.9985871999637673 
ch00_p1-pl2-sample12-sperm5.tif 4 4 0.7656673633740861 
ch00_p1-pl2-sample12-sperm7.tif 4 1 0.8561383718188116 
ch00_p1-pl2-sample13-sperm1.tif 4 4 0.9999975186112159 
ch00_p1-pl2-sample13-sperm5.tif 4 4 0.9837901398744097 
ch00_p1-pl2-sample14-sperm1.tif 4 4 0.9961840172893753 
ch00_p1-pl2-sample14-sperm11.tif 4 1 0.9623493591918907 
ch00_p1-pl2-sample14-sperm14.tif 4 2 0.9654550927765576 
ch00_p1-pl2-sample14-sperm2.tif 4 4 0.9999999118279519 
ch00_p1-pl2-sample15-sperm5.tif 4 0 0.9611832596732449 
ch00_p1-pl2-sample16-sperm5.tif 4 4 0.9947710427969542 
ch00_p1-pl2-sample17-sperm2.tif 4 1 0.9590734941466146 
ch00_p1-pl2-sample18-sperm2.tif 4 4 0.9946259930783963 
ch00_p1-pl2-sample2-sperm11.tif 4 4 0.9941472677879475 
ch00_p1-pl2-sample20-sperm10.tif 4 4 0.9337857778703234 
ch00_p1-pl2-sample25-sperm3.tif 4 4 0.9999999376282223 
ch00_p1-pl2-sample26-sperm1.tif 4 0 0.5136597145624888 
ch00_p1-pl2-sample26-sperm12.tif 4 4 0.9995785303382609 
ch00_p1-pl2-sample27-sperm5.tif 4 4 0.9999999600508709 
ch00_p1-pl2-sample28-sperm1.tif 4 4 0.9897048254677122 
ch00_p1-pl2-sample28-sperm10.tif 4 4 0.9958128498811117 
ch00_p1-pl2-sample29-sperm1.tif 4 4 0.9995405854812695 
ch00_p1-pl2-sample3-sperm8.tif 4 4 0.9480529509156879 
ch00_p1-pl2-sample30-sperm1.tif 4 4 0.9794835803670043 
ch00_p1-pl2-sample30-sperm6.tif 4 4 0.8819056466923143 
ch00_p1-pl2-sample31-sperm3.tif 4 4 0.9897676240314752 
ch00_p1-pl2-sample31-sperm6.tif 4 4 0.9925911747474551 
ch00_p1-pl2-sample32-sperm1.tif 4 4 0.9130301496208223 
ch00_p1-pl2-sample32-sperm9.tif 4 4 0.9999999362423883 
ch00_p1-pl2-sample33-sperm2.tif 4 4 0.9999991936501703 
ch00_p1-pl2-sample34-sperm8.tif 4 4 0.9563889922497557 
ch00_p1-pl2-sample35-sperm10.tif 4 1 0.9974785281655545 
ch00_p1-pl2-sample4-sperm16.tif 4 4 0.9056430630448005 
ch00_p1-pl2-sample7-sperm13.tif 4 4 0.9941198763122242 
ch00_p1-pl2-sample9-sperm18.tif 4 0 0.7533406005519482 
ch00_p1-pl3-sample10-sperm7.tif 4 4 0.9985524012961724 
ch00_p1-pl3-sample12-sperm6.tif 4 0 0.9205512638286902 
ch00_p1-pl3-sample12-sperm8.tif 4 4 0.6546058660513423 
ch00_p1-pl3-sample14-sperm1.tif 4 4 0.999492011891805 
ch00_p1-pl3-sample14-sperm16.tif 4 4 0.7599323174008352 
ch00_p1-pl3-sample14-sperm6.tif 4 4 0.9999981509782099 
ch00_p1-pl3-sample14-sperm7.tif 4 1 0.5916654423293031 
ch00_p1-pl3-sample15-sperm12.tif 4 2 0.9426469381508011 
ch00_p1-pl3-sample15-sperm20.tif 4 3 0.9822544826672699 
ch00_p1-pl3-sample15-sperm5.tif 4 4 0.9921016834238133 
ch00_p1-pl3-sample15-sperm9.tif 4 2 0.859235425594815 
ch00_p1-pl3-sample17-sperm2.tif 4 4 0.9917630363130386 
ch00_p1-pl3-sample19-sperm8.tif 4 4 0.9866688772047774 
ch00_p1-pl3-sample20-sperm7.tif 4 1 0.9072931260390957 
ch00_p1-pl3-sample20-sperm8.tif 4 4 0.9999999298540456 
ch00_p1-pl3-sample21-sperm11.tif 4 1 0.610170927840341 
ch00_p1-pl3-sample21-sperm3.tif 4 4 0.7933097172274205 
ch00_p1-pl3-sample21-sperm4.tif 4 4 0.9946912553559668 
ch00_p1-pl3-sample21-sperm6.tif 4 4 0.9560991774143083 
ch00_p1-pl3-sample23-sperm18.tif 4 4 0.9985076276455963 
ch00_p1-pl3-sample23-sperm19.tif 4 4 0.9999985837877943 
ch00_p1-pl3-sample23-sperm2.tif 4 4 0.9821789592887333 
ch00_p1-pl3-sample24-sperm11.tif 4 0 0.6127850664589324 
ch00_p1-pl3-sample24-sperm14.tif 4 4 0.9999992816690371 
ch00_p1-pl3-sample24-sperm24.tif 4 4 0.9999972619143452 
ch00_p1-pl3-sample25-sperm11.tif 4 4 0.9987601232447572 
ch00_p1-pl3-sample3-sperm5.tif 4 4 0.9970780159765047 
ch00_p1-pl3-sample3-sperm8.tif 4 3 0.9941440869506385 
ch00_p1-pl3-sample4-sperm3.tif 4 3 0.9902593241546066 
ch00_p1-pl3-sample4-sperm8.tif 4 4 0.9986612269724584 
ch00_p1-pl3-sample4-sperm9.tif 4 2 0.9937104311240397 
ch00_p1-pl3-sample5-sperm13.tif 4 2 0.9465853313202927 
ch00_p1-pl3-sample5-sperm4.tif 4 4 0.9999994890700246 
ch00_p1-pl3-sample5-sperm9.tif 4 1 0.9204917404992065 
ch00_p1-pl3-sample6-sperm4.tif 4 3 0.9918752800016023 
ch00_p1-pl3-sample6-sperm5.tif 4 4 0.9982959313363662 
ch00_p1-pl3-sample8-sperm6.tif 4 4 0.9978019021129678 
ch00_p1-pl3-sample9-sperm12.tif 4 4 0.992810441496309 
ch00_p1-pl3-sample9-sperm14.tif 4 4 0.9985732642568423 
ch00_p3-pl1-sample1-sperm5.tif 4 1 0.9088040849340373 
ch00_p3-pl1-sample11-sperm7.tif 4 1 0.9454666961038442 
ch00_p3-pl1-sample12-sperm7.tif 4 4 0.9969913408432303 
ch00_p3-pl1-sample13-sperm1.tif 4 1 0.7585074048597803 
ch00_p3-pl1-sample16-sperm4.tif 4 4 0.9997332428190174 
ch00_p3-pl1-sample19-sperm3.tif 4 4 0.7685448811244848 
ch00_p3-pl1-sample19-sperm4.tif 4 4 0.9999989525485333 
ch00_p3-pl1-sample19-sperm9.tif 4 3 0.7344149368123741 
ch00_p3-pl1-sample20-sperm4.tif 4 1 0.8879750076152926 
ch00_p3-pl1-sample21-sperm4.tif 4 0 0.8511136158174324 
ch00_p3-pl1-sample23-sperm2.tif 4 4 0.9985173651730818 
ch00_p3-pl1-sample23-sperm7.tif 4 4 0.9511776821410505 
ch00_p3-pl1-sample25-sperm10.tif 4 1 0.997195832489797 
ch00_p3-pl1-sample25-sperm2.tif 4 1 0.5489038144955393 
ch00_p3-pl1-sample26-sperm3.tif 4 1 0.9706100105058892 
ch00_p3-pl1-sample3-sperm2.tif 4 0 0.8469608337745028 
ch00_p3-pl1-sample3-sperm6.tif 4 4 0.9999998335301191 
ch00_p3-pl1-sample3-sperm9.tif 4 4 0.9669181734783846 
ch00_p3-pl1-sample32-sperm4.tif 4 1 0.7871205355791507 
ch00_p3-pl1-sample32-sperm7.tif 4 0 0.39256834033188115 
ch00_p3-pl1-sample4-sperm1.tif 4 1 0.8112854097374256 
ch00_p3-pl1-sample6-sperm3.tif 4 1 0.9853809601294781 
ch00_p3-pl1-sample7-sperm13.tif 4 0 0.9537997848429598 
ch00_p3-pl1-sample7-sperm6.tif 4 4 0.8222174966974996 
ch00_p3-pl1-sample7-sperm8.tif 4 4 0.9526583225325301 
ch00_p3-pl1-sample8-sperm3.tif 4 1 0.9755539364062914 
ch00_p4-pl1-sample1-sperm1.tif 4 0 0.9799899179785866 
ch00_p4-pl1-sample1-sperm8.tif 4 4 0.9930475181201529 
ch00_p4-pl1-sample10-sperm12.tif 4 3 0.9978601018778928 
ch00_p4-pl1-sample10-sperm16.tif 4 0 0.7604036768991799 
ch00_p4-pl1-sample10-sperm20.tif 4 2 0.7506768975314232 
ch00_p4-pl1-sample11-sperm8.tif 4 0 0.9763966945411957 
ch00_p4-pl1-sample12-sperm6.tif 4 4 0.9412413293381406 
ch00_p4-pl1-sample13-sperm3.tif 4 4 0.8254795627207385 
ch00_p4-pl1-sample13-sperm8.tif 4 4 0.9999997020358229 
ch00_p4-pl1-sample14-sperm13.tif 4 4 0.9977721285234916 
ch00_p4-pl1-sample14-sperm4.tif 4 4 0.9955260142120982 
ch00_p4-pl1-sample14-sperm5.tif 4 1 0.7337481494511656 
ch00_p4-pl1-sample16-sperm13.tif 4 4 0.9999988012177823 
ch00_p4-pl1-sample16-sperm17.tif 4 4 0.9999980451984205 
ch00_p4-pl1-sample16-sperm7.tif 4 4 0.50779105958755 
ch00_p4-pl1-sample18-sperm1.tif 4 4 0.9990943294998368 
ch00_p4-pl1-sample19-sperm6.tif 4 2 0.9885951972241569 
ch00_p4-pl1-sample2-sperm1.tif 4 4 0.9172800745784667 
ch00_p4-pl1-sample20-sperm10.tif 4 4 0.9681233696279341 
ch00_p4-pl1-sample3-sperm11.tif 4 4 0.7172152624755924 
ch00_p4-pl1-sample3-sperm6.tif 4 2 0.9869471049938403 
ch00_p4-pl1-sample3-sperm9.tif 4 4 0.6270103514218346 
ch00_p4-pl1-sample4-sperm10.tif 4 4 0.9982209310978143 
ch00_p4-pl1-sample4-sperm12.tif 4 4 0.5960464327963774 
ch00_p4-pl1-sample4-sperm14.tif 4 4 0.9988620404034053 
ch00_p4-pl1-sample4-sperm16.tif 4 4 0.6682654378228368 
ch00_p4-pl1-sample5-sperm1.tif 4 4 0.99776885425184 
ch00_p4-pl1-sample5-sperm7.tif 4 4 0.9615653572869937 
ch00_p4-pl1-sample6-sperm3.tif 4 4 0.743099864879463 
ch00_p4-pl1-sample6-sperm7.tif 4 4 0.9999976127161616 
ch00_p4-pl1-sample6-sperm9.tif 4 4 0.523288688003225 
ch00_p4-pl1-sample7-sperm13.tif 4 3 0.7334097116515665 
ch00_p4-pl1-sample7-sperm2.tif 4 4 0.9999995803267382 
ch00_p4-pl1-sample8-sperm1.tif 4 4 0.7734930864596189 
ch00_p4-pl1-sample8-sperm7.tif 4 4 0.7519049537436712 
ch00_p4-pl1-sample8-sperm9.tif 4 4 0.8293095487777218 
ch00_p4-pl1-sample9-sperm15.tif 4 1 0.9933315319588707 
ch00_p4-pl1-sample9-sperm2.tif 4 3 0.6818419212569711 
ch00_p4-pl1-sample9-sperm4.tif 4 4 0.9999980112444409 
ch00_p4-pl1-sample9-sperm6.tif 4 2 0.8296196336946818 
ch00_p4-pl2-sample10-sperm1.tif 4 0 0.9943234190183631 
ch00_p4-pl2-sample11-sperm2.tif 4 1 0.96589466624526 
ch00_p4-pl2-sample12-sperm10.tif 4 4 0.9323365088493477 
ch00_p4-pl2-sample12-sperm9.tif 4 4 0.8007554302331652 
ch00_p4-pl2-sample13-sperm10.tif 4 4 0.9999994366693957 
ch00_p4-pl2-sample13-sperm2.tif 4 4 0.8278254030844084 
ch00_p4-pl2-sample13-sperm7.tif 4 4 0.7528445340216148 
ch00_p4-pl2-sample14-sperm10.tif 4 0 0.9912130534086325 
ch00_p4-pl2-sample14-sperm8.tif 4 1 0.7214156796983748 
ch00_p4-pl2-sample15-sperm1.tif 4 4 0.9202273130806118 
ch00_p4-pl2-sample17-sperm3.tif 4 4 0.9739581220246414 
ch00_p4-pl2-sample18-sperm7.tif 4 4 0.9982950222254272 
ch00_p4-pl2-sample18-sperm8.tif 4 4 0.7400765604196687 
ch00_p4-pl2-sample18-sperm9.tif 4 4 0.9961330267249106 
ch00_p4-pl2-sample19-sperm1.tif 4 4 0.9967412869907717 
ch00_p4-pl2-sample19-sperm4.tif 4 4 0.9769282457477646 
ch00_p4-pl2-sample19-sperm7.tif 4 4 0.9893353619004819 
ch00_p4-pl2-sample2-sperm5.tif 4 4 0.9958424534802033 
ch00_p4-pl2-sample20-sperm2.tif 4 4 0.9999998844779252 
ch00_p4-pl2-sample20-sperm5.tif 4 4 0.9999993719347313 
ch00_p4-pl2-sample20-sperm8.tif 4 4 0.9999995821047946 
ch00_p4-pl2-sample5-sperm1.tif 4 4 0.9999997626807465 
ch00_p4-pl2-sample5-sperm5.tif 4 0 0.9446767644909839 
ch00_p4-pl2-sample6-sperm6.tif 4 4 0.9988048477553457 
ch00_p4-pl2-sample7-sperm5.tif 4 4 0.9591503636848285 
ch00_p4-pl2-sample7-sperm6.tif 4 4 0.9999984362801037 
ch00_p4-pl2-sample8-sperm9.tif 4 4 0.9999999869628534 
ch00_p5-pl1-sample1-sperm3.tif 4 4 0.9999991569150212 
ch00_p5-pl1-sample1-sperm5.tif 4 4 0.9904313273237857 
ch00_p5-pl1-sample1-sperm6.tif 4 0 0.5369225586056963 
ch00_p5-pl1-sample12-sperm13.tif 4 4 0.6177725509738324 
ch00_p5-pl1-sample12-sperm14.tif 4 4 0.9759648040073221 
ch00_p5-pl1-sample15-sperm4.tif 4 4 0.998847885107478 
ch00_p5-pl1-sample15-sperm7.tif 4 4 0.7853470984222334 
ch00_p5-pl1-sample16-sperm3.tif 4 4 0.8774421099634793 
ch00_p5-pl1-sample17-sperm13.tif 4 0 0.9864767840298411 
ch00_p5-pl1-sample18-sperm6.tif 4 4 0.987042917000728 
ch00_p5-pl1-sample2-sperm10.tif 4 4 0.9986627567949069 
ch00_p5-pl1-sample2-sperm13.tif 4 4 0.661051310911348 
ch00_p5-pl1-sample2-sperm6.tif 4 4 0.9972543224865515 
ch00_p5-pl1-sample20-sperm6.tif 4 4 0.9999972130180386 
ch00_p5-pl1-sample3-sperm15.tif 4 4 0.96576703850757 
ch00_p5-pl1-sample3-sperm23.tif 4 2 0.8673086722266177 
ch00_p5-pl1-sample3-sperm5.tif 4 4 0.5046641904014644 
ch00_p5-pl1-sample3-sperm7.tif 4 1 0.9997628263543437 
ch00_p5-pl1-sample4-sperm5.tif 4 4 0.9999998945015615 
ch00_p5-pl1-sample5-sperm15.tif 4 4 0.9976776117139922 
ch00_p5-pl1-sample6-sperm9.tif 4 3 0.9983195258605103 
ch00_p5-pl1-sample9-sperm1.tif 4 4 0.9987897398430129 
ch00_p5-pl1-sample9-sperm4.tif 4 3 0.554548696867756 
ch00_p5-pl1-sample9-sperm5.tif 4 3 0.9931629520566548 
