ch00_p1-pl2-sample10-sperm10.tif 0 4 0.9919528155782023 
ch00_p1-pl2-sample10-sperm4.tif 0 0 0.823989307769392 
ch00_p1-pl2-sample3-sperm4.tif 0 4 0.4134762136175336 
ch00_p1-pl2-sample34-sperm9.tif 0 4 0.5356981822708007 
ch00_p1-pl2-sample4-sperm15.tif 0 4 0.9548505968651922 
ch00_p1-pl2-sample4-sperm20.tif 0 4 0.996297681208344 
ch00_p1-pl2-sample8-sperm6.tif 0 2 0.6560414986883288 
ch00_p1-pl3-sample10-sperm2.tif 0 4 0.68298388655259 
ch00_p1-pl3-sample17-sperm5.tif 0 4 0.8764375968650524 
ch00_p3-pl1-sample13-sperm2.tif 0 4 0.9999989627461471 
ch00_p3-pl1-sample2-sperm4.tif 0 0 0.8686271238084476 
ch00_p3-pl1-sample3-sperm4.tif 0 0 0.9578298926641678 
ch00_p3-pl1-sample30-sperm6.tif 0 0 0.5064396929591923 
ch00_p4-pl1-sample1-sperm13.tif 0 4 0.9975133917929385 
ch00_p4-pl1-sample1-sperm3.tif 0 4 0.5999669334960595 
ch00_p4-pl1-sample10-sperm7.tif 0 3 0.997662969255582 
ch00_p4-pl1-sample13-sperm9.tif 0 4 0.9999999482544963 
ch00_p4-pl1-sample14-sperm1.tif 0 4 0.9898814505545485 
ch00_p4-pl1-sample14-sperm2.tif 0 4 0.7777388686809038 
ch00_p4-pl1-sample15-sperm6.tif 0 3 0.3203312494692458 
ch00_p4-pl1-sample17-sperm2.tif 0 4 0.9999998557228368 
ch00_p4-pl1-sample17-sperm9.tif 0 3 0.3273216657943806 
ch00_p4-pl1-sample19-sperm1.tif 0 1 0.7041202990876033 
ch00_p4-pl1-sample2-sperm11.tif 0 4 0.999997748673986 
ch00_p4-pl1-sample20-sperm7.tif 0 4 0.9999995877050867 
ch00_p4-pl2-sample17-sperm5.tif 0 4 0.9870587872240189 
ch00_p4-pl2-sample5-sperm6.tif 0 4 0.997228959857737 
ch00_p4-pl2-sample8-sperm5.tif 0 4 0.9999963764662686 
ch00_p5-pl1-sample15-sperm10.tif 0 4 0.9999996455133193 
ch00_p5-pl1-sample2-sperm9.tif 0 4 0.989619199815801 
ch00_p1-pl2-sample10-sperm3.tif 1 1 0.9978558379879418 
ch00_p1-pl2-sample11-sperm12.tif 1 1 0.9986989321570244 
ch00_p1-pl2-sample11-sperm2.tif 1 1 0.9998838994048997 
ch00_p1-pl2-sample13-sperm6.tif 1 2 0.7237241802803828 
ch00_p1-pl2-sample13-sperm7.tif 1 4 0.8395146779334627 
ch00_p1-pl2-sample14-sperm13.tif 1 2 0.570193379645411 
ch00_p1-pl2-sample17-sperm5.tif 1 1 0.7085192615123866 
ch00_p1-pl2-sample18-sperm10.tif 1 1 0.7403040456747289 
ch00_p1-pl2-sample18-sperm3.tif 1 1 0.9984504884916774 
ch00_p1-pl2-sample18-sperm5.tif 1 1 0.9999571707540308 
ch00_p1-pl2-sample19-sperm8.tif 1 3 0.8772393663142016 
ch00_p1-pl2-sample21-sperm6.tif 1 4 0.5445663401502939 
ch00_p1-pl2-sample22-sperm3.tif 1 2 0.990851804021432 
ch00_p1-pl2-sample22-sperm6.tif 1 2 0.7498021474306363 
ch00_p1-pl2-sample23-sperm10.tif 1 1 0.9946778581802743 
ch00_p1-pl2-sample23-sperm14.tif 1 4 0.7907489696504065 
ch00_p1-pl2-sample24-sperm6.tif 1 2 0.8975629243689707 
ch00_p1-pl2-sample24-sperm7.tif 1 1 0.9985411854138475 
ch00_p1-pl2-sample26-sperm5.tif 1 1 0.9995219841671388 
ch00_p1-pl2-sample29-sperm5.tif 1 1 0.9958210036406605 
ch00_p1-pl2-sample3-sperm10.tif 1 1 0.99988013931552 
ch00_p1-pl2-sample3-sperm3.tif 1 1 0.9996994064312178 
ch00_p1-pl2-sample30-sperm5.tif 1 1 0.9997250196344646 
ch00_p1-pl2-sample30-sperm7.tif 1 1 0.9952394817096661 
ch00_p1-pl2-sample31-sperm8.tif 1 4 0.48546796383421925 
ch00_p1-pl2-sample32-sperm2.tif 1 4 0.789097886003276 
ch00_p1-pl2-sample32-sperm4.tif 1 4 0.887583511643219 
ch00_p1-pl2-sample32-sperm6.tif 1 1 0.9135777739438091 
ch00_p1-pl2-sample33-sperm12.tif 1 1 0.9999715636686239 
ch00_p1-pl2-sample6-sperm11.tif 1 1 0.9474303493312944 
ch00_p1-pl2-sample7-sperm11.tif 1 1 0.995838642829546 
ch00_p1-pl2-sample7-sperm9.tif 1 2 0.9759017627007909 
ch00_p1-pl2-sample8-sperm1.tif 1 4 0.6719659426179413 
ch00_p1-pl2-sample8-sperm2.tif 1 1 0.9897267296754914 
ch00_p1-pl2-sample9-sperm12.tif 1 4 0.8173245849943632 
ch00_p1-pl2-sample9-sperm13.tif 1 1 0.9999691239052324 
ch00_p1-pl3-sample13-sperm13.tif 1 4 0.9518939105794201 
ch00_p1-pl3-sample15-sperm6.tif 1 4 0.5133289388260956 
ch00_p1-pl3-sample18-sperm1.tif 1 1 0.9962268315000646 
ch00_p1-pl3-sample5-sperm2.tif 1 4 0.9964401369421964 
ch00_p1-pl3-sample7-sperm12.tif 1 1 0.9868132537179317 
ch00_p1-pl3-sample8-sperm10.tif 1 2 0.6920026086528213 
ch00_p3-pl1-sample10-sperm6.tif 1 1 0.9756358087336996 
ch00_p3-pl1-sample12-sperm5.tif 1 1 0.7847823904858142 
ch00_p3-pl1-sample17-sperm3.tif 1 4 0.9839968646446308 
ch00_p3-pl1-sample18-sperm1.tif 1 1 0.9593573762812944 
ch00_p3-pl1-sample21-sperm6.tif 1 4 0.973250338188624 
ch00_p3-pl1-sample22-sperm2.tif 1 1 0.9839101708242799 
ch00_p3-pl1-sample25-sperm11.tif 1 1 0.999556078497449 
ch00_p3-pl1-sample27-sperm5.tif 1 1 0.9999118741088119 
ch00_p3-pl1-sample29-sperm5.tif 1 4 0.9426401151625213 
ch00_p3-pl1-sample5-sperm6.tif 1 1 0.9999091391715418 
ch00_p4-pl1-sample1-sperm5.tif 1 4 0.61926110969628 
ch00_p4-pl1-sample16-sperm6.tif 1 1 0.9999404820531578 
ch00_p4-pl1-sample17-sperm3.tif 1 1 0.730265927045536 
ch00_p4-pl1-sample19-sperm3.tif 1 4 0.9825143624706453 
ch00_p4-pl1-sample4-sperm2.tif 1 4 0.36630561131279993 
ch00_p4-pl1-sample9-sperm16.tif 1 4 0.37626556792326454 
ch00_p4-pl2-sample10-sperm2.tif 1 1 0.9970102156537697 
ch00_p4-pl2-sample4-sperm3.tif 1 4 0.9999989647158629 
ch00_p5-pl1-sample1-sperm9.tif 1 1 0.9961876686558044 
ch00_p5-pl1-sample16-sperm7.tif 1 4 0.9966165286592961 
ch00_p5-pl1-sample19-sperm11.tif 1 1 0.9410339762330108 
ch00_p5-pl1-sample2-sperm2.tif 1 1 0.9312803313547066 
ch00_p5-pl1-sample4-sperm9.tif 1 4 0.7778838832708556 
ch00_p5-pl1-sample6-sperm13.tif 1 1 0.9976456250456903 
ch00_p5-pl1-sample8-sperm2.tif 1 4 0.63600457392629 
ch00_p5-pl1-sample8-sperm5.tif 1 1 0.9295742805620192 
ch00_p1-pl2-sample2-sperm15.tif 2 2 0.5357623560858372 
ch00_p1-pl2-sample2-sperm6.tif 2 1 0.9853374971106065 
ch00_p1-pl2-sample2-sperm9.tif 2 2 0.8087109901901152 
ch00_p1-pl2-sample23-sperm9.tif 2 4 0.9999993776028762 
ch00_p1-pl2-sample27-sperm7.tif 2 2 0.9754954958925498 
ch00_p1-pl2-sample31-sperm2.tif 2 4 0.543166717172927 
ch00_p1-pl3-sample1-sperm9.tif 2 4 0.46759072341739727 
ch00_p1-pl3-sample11-sperm6.tif 2 2 0.9854873821054617 
ch00_p1-pl3-sample11-sperm7.tif 2 4 0.980252890896387 
ch00_p1-pl3-sample20-sperm4.tif 2 2 0.9024315125327294 
ch00_p1-pl3-sample22-sperm11.tif 2 2 0.8331167396732925 
ch00_p1-pl3-sample6-sperm2.tif 2 1 0.9960503203032502 
ch00_p1-pl3-sample9-sperm4.tif 2 2 0.9894527503974136 
ch00_p4-pl1-sample12-sperm4.tif 2 2 0.9185289471738883 
ch00_p4-pl1-sample13-sperm4.tif 2 4 0.9813695184266018 
ch00_p4-pl1-sample14-sperm10.tif 2 1 0.4882925227208925 
ch00_p4-pl1-sample17-sperm8.tif 2 2 0.6363167922600584 
ch00_p4-pl1-sample19-sperm7.tif 2 4 0.7100965603390385 
ch00_p4-pl1-sample3-sperm10.tif 2 2 0.9914088513342406 
ch00_p4-pl1-sample4-sperm15.tif 2 2 0.9891535725230548 
ch00_p4-pl2-sample17-sperm6.tif 2 4 0.9978393813986137 
ch00_p4-pl2-sample4-sperm11.tif 2 2 0.9948717180450181 
ch00_p1-pl2-sample15-sperm6.tif 3 1 0.4119579515702666 
ch00_p1-pl2-sample22-sperm2.tif 3 0 0.6841839461007906 
ch00_p1-pl2-sample23-sperm11.tif 3 4 0.4969424217265902 
ch00_p1-pl2-sample23-sperm8.tif 3 3 0.9148577455434341 
ch00_p1-pl2-sample24-sperm3.tif 3 3 0.5109382195038442 
ch00_p1-pl2-sample25-sperm9.tif 3 4 0.9788028831918795 
ch00_p1-pl2-sample27-sperm1.tif 3 0 0.6548245882467244 
ch00_p1-pl2-sample5-sperm4.tif 3 4 0.9467566273026438 
ch00_p1-pl2-sample5-sperm6.tif 3 4 0.6786816454485454 
ch00_p1-pl3-sample13-sperm12.tif 3 4 0.3853140366841326 
ch00_p1-pl3-sample20-sperm9.tif 3 3 0.9675353554451879 
ch00_p1-pl3-sample23-sperm16.tif 3 4 0.9906244422867375 
ch00_p1-pl3-sample24-sperm1.tif 3 3 0.910035304939335 
ch00_p1-pl3-sample25-sperm14.tif 3 3 0.9899527141761174 
ch00_p1-pl3-sample4-sperm4.tif 3 3 0.930707628168137 
ch00_p1-pl3-sample5-sperm10.tif 3 4 0.6212045773160448 
ch00_p3-pl1-sample1-sperm3.tif 3 4 0.45266000690456437 
ch00_p3-pl1-sample30-sperm1.tif 3 3 0.5875899307917449 
ch00_p3-pl1-sample31-sperm3.tif 3 4 0.9633595753842555 
ch00_p4-pl2-sample8-sperm4.tif 3 4 0.999035789819245 
ch00_p5-pl1-sample10-sperm3.tif 3 4 0.9018922068110178 
ch00_p1-pl2-sample10-sperm15.tif 4 4 0.9270536569917164 
ch00_p1-pl2-sample13-sperm1.tif 4 4 0.9999999666389189 
ch00_p1-pl2-sample14-sperm2.tif 4 4 0.9999995715898948 
ch00_p1-pl2-sample14-sperm4.tif 4 4 0.3842959887024173 
ch00_p1-pl2-sample16-sperm7.tif 4 4 0.9871043817813765 
ch00_p1-pl2-sample17-sperm2.tif 4 2 0.6681409977379632 
ch00_p1-pl2-sample17-sperm3.tif 4 4 0.9907382224912807 
ch00_p1-pl2-sample18-sperm2.tif 4 0 0.4539937382188601 
ch00_p1-pl2-sample18-sperm6.tif 4 1 0.8258341137663239 
ch00_p1-pl2-sample2-sperm16.tif 4 0 0.9950378785890172 
ch00_p1-pl2-sample2-sperm8.tif 4 4 0.9999969853081498 
ch00_p1-pl2-sample23-sperm13.tif 4 4 0.9576114351991232 
ch00_p1-pl2-sample24-sperm12.tif 4 4 0.9830079676104669 
ch00_p1-pl2-sample24-sperm13.tif 4 1 0.9997112680004716 
ch00_p1-pl2-sample26-sperm3.tif 4 3 0.9780459799584372 
ch00_p1-pl2-sample27-sperm5.tif 4 4 0.8571477378662545 
ch00_p1-pl2-sample27-sperm8.tif 4 1 0.8067966095518012 
ch00_p1-pl2-sample28-sperm1.tif 4 4 0.8857654614223374 
ch00_p1-pl2-sample29-sperm1.tif 4 4 0.9999999143589702 
ch00_p1-pl2-sample3-sperm1.tif 4 4 0.999336251236018 
ch00_p1-pl2-sample3-sperm15.tif 4 2 0.9084755190791926 
ch00_p1-pl2-sample3-sperm6.tif 4 4 0.554491750021623 
ch00_p1-pl2-sample31-sperm12.tif 4 4 0.9671347798776081 
ch00_p1-pl2-sample31-sperm6.tif 4 1 0.8092611349183726 
ch00_p1-pl2-sample32-sperm1.tif 4 2 0.5352368965485884 
ch00_p1-pl2-sample32-sperm5.tif 4 2 0.750788719260585 
ch00_p1-pl2-sample33-sperm10.tif 4 4 0.9999998436580319 
ch00_p1-pl2-sample33-sperm2.tif 4 4 0.8703466538100092 
ch00_p1-pl2-sample33-sperm3.tif 4 4 0.9999981046611053 
ch00_p1-pl2-sample34-sperm10.tif 4 4 0.9999996016728847 
ch00_p1-pl2-sample34-sperm12.tif 4 4 0.541090765845493 
ch00_p1-pl2-sample34-sperm7.tif 4 4 0.999999687609326 
ch00_p1-pl2-sample35-sperm10.tif 4 1 0.9927200878898854 
ch00_p1-pl2-sample35-sperm12.tif 4 3 0.8136270524940121 
ch00_p1-pl2-sample35-sperm8.tif 4 0 0.9998938734959301 
ch00_p1-pl2-sample4-sperm16.tif 4 4 0.6512496155159162 
ch00_p1-pl2-sample7-sperm5.tif 4 4 0.9913382467807926 
ch00_p1-pl3-sample10-sperm1.tif 4 4 0.9999987197580288 
ch00_p1-pl3-sample12-sperm17.tif 4 4 0.9999999550989571 
ch00_p1-pl3-sample12-sperm3.tif 4 1 0.8499082952581128 
ch00_p1-pl3-sample12-sperm6.tif 4 2 0.4871623267353627 
ch00_p1-pl3-sample12-sperm8.tif 4 4 0.9999996004909395 
ch00_p1-pl3-sample13-sperm9.tif 4 4 0.49685256555819723 
ch00_p1-pl3-sample14-sperm1.tif 4 2 0.6529195875025325 
ch00_p1-pl3-sample14-sperm11.tif 4 4 0.9895674291484545 
ch00_p1-pl3-sample15-sperm2.tif 4 4 0.9999999670846301 
ch00_p1-pl3-sample15-sperm20.tif 4 4 0.6600531654530241 
ch00_p1-pl3-sample17-sperm11.tif 4 1 0.9170288191096605 
ch00_p1-pl3-sample17-sperm2.tif 4 4 0.9999991438932295 
ch00_p1-pl3-sample17-sperm7.tif 4 4 0.9999987817153664 
ch00_p1-pl3-sample19-sperm1.tif 4 4 0.555744951022139 
ch00_p1-pl3-sample19-sperm8.tif 4 4 0.5028217612742412 
ch00_p1-pl3-sample2-sperm12.tif 4 2 0.9389602058128845 
ch00_p1-pl3-sample20-sperm12.tif 4 4 0.9961888162378131 
ch00_p1-pl3-sample20-sperm8.tif 4 4 0.9999995949251504 
ch00_p1-pl3-sample21-sperm9.tif 4 4 0.9999999843314824 
ch00_p1-pl3-sample23-sperm11.tif 4 1 0.7887915724366642 
ch00_p1-pl3-sample24-sperm11.tif 4 4 0.9879461162089128 
ch00_p1-pl3-sample24-sperm13.tif 4 4 0.9999999986188579 
ch00_p1-pl3-sample24-sperm14.tif 4 2 0.9672356583534708 
ch00_p1-pl3-sample24-sperm21.tif 4 1 0.9084348008210712 
ch00_p1-pl3-sample24-sperm24.tif 4 4 0.5903559707127287 
ch00_p1-pl3-sample24-sperm5.tif 4 1 0.9582523191179525 
ch00_p1-pl3-sample24-sperm9.tif 4 2 0.9925097818308263 
ch00_p1-pl3-sample25-sperm10.tif 4 2 0.6320920612076876 
ch00_p1-pl3-sample25-sperm3.tif 4 1 0.9619458351351448 
ch00_p1-pl3-sample25-sperm4.tif 4 4 0.4761051849148513 
ch00_p1-pl3-sample25-sperm8.tif 4 3 0.7055458563177427 
ch00_p1-pl3-sample3-sperm8.tif 4 4 0.9808336833800101 
ch00_p1-pl3-sample4-sperm3.tif 4 3 0.9950090095276118 
ch00_p1-pl3-sample6-sperm3.tif 4 4 0.8827794093904417 
ch00_p1-pl3-sample6-sperm6.tif 4 3 0.9601355995152447 
ch00_p1-pl3-sample7-sperm14.tif 4 4 0.9344819691848066 
ch00_p1-pl3-sample7-sperm3.tif 4 4 0.9999996956225037 
ch00_p1-pl3-sample8-sperm11.tif 4 1 0.9995785101716452 
ch00_p1-pl3-sample8-sperm6.tif 4 4 0.9999958562106084 
ch00_p1-pl3-sample9-sperm14.tif 4 4 0.9999974054086578 
ch00_p1-pl3-sample9-sperm8.tif 4 4 0.970130375204775 
ch00_p3-pl1-sample10-sperm4.tif 4 0 0.27655257286034896 
ch00_p3-pl1-sample11-sperm1.tif 4 4 0.9954557986193519 
ch00_p3-pl1-sample11-sperm5.tif 4 4 0.9960054370494918 
ch00_p3-pl1-sample11-sperm6.tif 4 4 0.9990590937244493 
ch00_p3-pl1-sample12-sperm6.tif 4 4 0.5118404451747997 
ch00_p3-pl1-sample13-sperm6.tif 4 4 0.9986430603239476 
ch00_p3-pl1-sample16-sperm3.tif 4 4 0.9999998374950388 
ch00_p3-pl1-sample16-sperm5.tif 4 0 0.9998511999488677 
ch00_p3-pl1-sample18-sperm2.tif 4 4 0.9711765678080865 
ch00_p3-pl1-sample19-sperm4.tif 4 4 0.9920940393827766 
ch00_p3-pl1-sample19-sperm8.tif 4 4 0.8395580795281631 
ch00_p3-pl1-sample20-sperm1.tif 4 1 0.9986440404546911 
ch00_p3-pl1-sample22-sperm8.tif 4 0 0.90587133585841 
ch00_p3-pl1-sample25-sperm2.tif 4 4 0.9917188929258035 
ch00_p3-pl1-sample25-sperm5.tif 4 4 0.9999999926139975 
ch00_p3-pl1-sample26-sperm1.tif 4 4 0.9974771113656631 
ch00_p3-pl1-sample29-sperm8.tif 4 4 0.9809754931621861 
ch00_p3-pl1-sample29-sperm9.tif 4 4 0.9999978497530093 
ch00_p3-pl1-sample3-sperm6.tif 4 4 0.9999999999718043 
ch00_p3-pl1-sample31-sperm2.tif 4 1 0.9852702234334382 
ch00_p3-pl1-sample31-sperm7.tif 4 4 0.9161258921142118 
ch00_p3-pl1-sample32-sperm6.tif 4 4 0.9990497143673218 
ch00_p3-pl1-sample4-sperm1.tif 4 4 0.9497766275671801 
ch00_p3-pl1-sample4-sperm5.tif 4 4 0.7909919391744908 
ch00_p3-pl1-sample7-sperm1.tif 4 4 0.9942877143782246 
ch00_p3-pl1-sample7-sperm11.tif 4 4 0.9859330936647618 
ch00_p3-pl1-sample7-sperm6.tif 4 4 0.9842129030607659 
ch00_p3-pl1-sample9-sperm9.tif 4 4 0.9973581062963249 
ch00_p4-pl1-sample1-sperm9.tif 4 4 0.999998801315811 
ch00_p4-pl1-sample10-sperm11.tif 4 2 0.6754942486131205 
ch00_p4-pl1-sample10-sperm15.tif 4 4 0.462395259794976 
ch00_p4-pl1-sample10-sperm20.tif 4 2 0.6318201137179315 
ch00_p4-pl1-sample10-sperm22.tif 4 4 0.9952145221040145 
ch00_p4-pl1-sample10-sperm6.tif 4 3 0.6329463336066257 
ch00_p4-pl1-sample11-sperm12.tif 4 4 0.9992769631352034 
ch00_p4-pl1-sample11-sperm8.tif 4 0 0.9983912829165139 
ch00_p4-pl1-sample12-sperm11.tif 4 4 0.9963694605298543 
ch00_p4-pl1-sample12-sperm3.tif 4 4 0.9384304515985349 
ch00_p4-pl1-sample12-sperm6.tif 4 4 0.9990656057372885 
ch00_p4-pl1-sample12-sperm8.tif 4 1 0.6789307370330613 
ch00_p4-pl1-sample12-sperm9.tif 4 4 0.9999995034213552 
ch00_p4-pl1-sample13-sperm2.tif 4 4 0.9999999858722071 
ch00_p4-pl1-sample13-sperm7.tif 4 4 0.9999999913464618 
ch00_p4-pl1-sample16-sperm13.tif 4 4 0.3688408430946121 
ch00_p4-pl1-sample17-sperm10.tif 4 0 0.4362710761037512 
ch00_p4-pl1-sample2-sperm1.tif 4 4 0.9252193889499704 
ch00_p4-pl1-sample2-sperm12.tif 4 4 0.9999999328960967 
ch00_p4-pl1-sample2-sperm5.tif 4 2 0.9853770748223967 
ch00_p4-pl1-sample20-sperm6.tif 4 4 0.6143807621344578 
ch00_p4-pl1-sample5-sperm9.tif 4 4 0.9999988882648 
ch00_p4-pl1-sample6-sperm3.tif 4 3 0.6919840438024271 
ch00_p4-pl1-sample6-sperm4.tif 4 4 0.967543120380295 
ch00_p4-pl1-sample7-sperm12.tif 4 3 0.8979696759147998 
ch00_p4-pl1-sample7-sperm2.tif 4 4 0.9999999387207176 
ch00_p4-pl1-sample7-sperm3.tif 4 4 0.8037109082340352 
ch00_p4-pl1-sample7-sperm4.tif 4 4 0.9992702908612816 
ch00_p4-pl1-sample7-sperm8.tif 4 4 0.5829331953350889 
ch00_p4-pl1-sample8-sperm10.tif 4 2 0.9551908856982818 
ch00_p4-pl1-sample8-sperm6.tif 4 1 0.8681203474334246 
ch00_p4-pl1-sample9-sperm11.tif 4 4 0.9999962149276407 
ch00_p4-pl1-sample9-sperm15.tif 4 3 0.41214603635225805 
ch00_p4-pl1-sample9-sperm6.tif 4 4 0.9985181900930563 
ch00_p4-pl2-sample10-sperm1.tif 4 1 0.7817722189450395 
ch00_p4-pl2-sample10-sperm11.tif 4 4 0.9955956013995235 
ch00_p4-pl2-sample10-sperm12.tif 4 4 0.9999996734796894 
ch00_p4-pl2-sample10-sperm8.tif 4 4 0.9999971065102569 
ch00_p4-pl2-sample12-sperm1.tif 4 4 0.9999977371351974 
ch00_p4-pl2-sample12-sperm10.tif 4 4 0.9893431099943987 
ch00_p4-pl2-sample12-sperm9.tif 4 4 0.9987466747109326 
ch00_p4-pl2-sample13-sperm9.tif 4 4 0.9653167957953389 
ch00_p4-pl2-sample15-sperm4.tif 4 4 0.9946954379604854 
ch00_p4-pl2-sample15-sperm6.tif 4 4 0.789546118077058 
ch00_p4-pl2-sample16-sperm4.tif 4 4 0.9922421130890247 
ch00_p4-pl2-sample17-sperm4.tif 4 4 0.9999994243229102 
ch00_p4-pl2-sample18-sperm2.tif 4 1 0.8150334953905795 
ch00_p4-pl2-sample18-sperm3.tif 4 4 0.9939733582703251 
ch00_p4-pl2-sample18-sperm5.tif 4 0 0.886501465991047 
ch00_p4-pl2-sample18-sperm6.tif 4 4 0.9900129689608015 
ch00_p4-pl2-sample18-sperm9.tif 4 4 0.9999975989342069 
ch00_p4-pl2-sample19-sperm4.tif 4 4 0.9411643204547444 
ch00_p4-pl2-sample2-sperm3.tif 4 4 0.9215996108850313 
ch00_p4-pl2-sample2-sperm6.tif 4 4 0.9999999984967786 
ch00_p4-pl2-sample2-sperm7.tif 4 4 0.9986769710607035 
ch00_p4-pl2-sample20-sperm5.tif 4 4 0.997947760867159 
ch00_p4-pl2-sample3-sperm3.tif 4 4 0.9999993559403482 
ch00_p4-pl2-sample3-sperm5.tif 4 4 0.9999999280143732 
ch00_p4-pl2-sample4-sperm2.tif 4 4 0.7170329707109275 
ch00_p4-pl2-sample4-sperm4.tif 4 4 0.9980040262851745 
ch00_p4-pl2-sample4-sperm9.tif 4 0 0.9539023806853711 
ch00_p4-pl2-sample5-sperm3.tif 4 4 0.9999999942045839 
ch00_p4-pl2-sample5-sperm5.tif 4 3 0.2943435347210644 
ch00_p4-pl2-sample6-sperm2.tif 4 4 0.6457656050708014 
ch00_p4-pl2-sample6-sperm3.tif 4 4 0.9999999448821336 
ch00_p4-pl2-sample7-sperm4.tif 4 4 0.9989834058475404 
ch00_p4-pl2-sample7-sperm6.tif 4 4 0.9984434430732585 
ch00_p4-pl2-sample7-sperm8.tif 4 4 0.9991018111467749 
ch00_p4-pl2-sample7-sperm9.tif 4 4 0.9975482123354533 
ch00_p4-pl2-sample8-sperm1.tif 4 3 0.9654192585621002 
ch00_p4-pl2-sample8-sperm2.tif 4 2 0.8397000493142917 
ch00_p4-pl2-sample8-sperm9.tif 4 4 0.9767732477498546 
ch00_p4-pl2-sample9-sperm4.tif 4 4 0.9999999997591694 
ch00_p5-pl1-sample1-sperm6.tif 4 4 0.8621252413530968 
ch00_p5-pl1-sample14-sperm8.tif 4 4 0.9708990199563287 
ch00_p5-pl1-sample15-sperm4.tif 4 4 0.9927232503035888 
ch00_p5-pl1-sample15-sperm6.tif 4 4 0.9130411072926932 
ch00_p5-pl1-sample17-sperm10.tif 4 4 0.9200492784725012 
ch00_p5-pl1-sample17-sperm5.tif 4 4 0.9979612321328257 
ch00_p5-pl1-sample19-sperm13.tif 4 4 0.9941594743341355 
ch00_p5-pl1-sample2-sperm6.tif 4 4 0.9992041936692873 
ch00_p5-pl1-sample20-sperm6.tif 4 4 0.9999984817387674 
ch00_p5-pl1-sample3-sperm13.tif 4 4 0.6351431569949002 
ch00_p5-pl1-sample3-sperm17.tif 4 1 0.9230789681557166 
ch00_p5-pl1-sample4-sperm7.tif 4 4 0.9999976498795575 
ch00_p5-pl1-sample5-sperm15.tif 4 4 0.8955214426222063 
ch00_p5-pl1-sample5-sperm18.tif 4 4 0.7107148303497225 
ch00_p5-pl1-sample5-sperm4.tif 4 4 0.525127326258515 
ch00_p5-pl1-sample7-sperm5.tif 4 4 0.7893032573605142 
ch00_p5-pl1-sample9-sperm6.tif 4 4 0.9191171331571378 
