ch00_p1-pl2-sample10-sperm10.tif 0 0 0.9724168192042691 
ch00_p1-pl2-sample10-sperm4.tif 0 0 0.997508023770607 
ch00_p1-pl2-sample3-sperm4.tif 0 0 0.9113020785821594 
ch00_p1-pl2-sample34-sperm9.tif 0 0 0.9969178328619798 
ch00_p1-pl2-sample4-sperm15.tif 0 0 0.5976998841213279 
ch00_p1-pl2-sample4-sperm20.tif 0 4 0.953839753757765 
ch00_p1-pl2-sample8-sperm6.tif 0 0 0.9718821196551573 
ch00_p1-pl3-sample10-sperm2.tif 0 0 0.8586047210156901 
ch00_p1-pl3-sample17-sperm5.tif 0 4 0.8201593469489264 
ch00_p3-pl1-sample13-sperm2.tif 0 4 0.751238858757085 
ch00_p3-pl1-sample2-sperm4.tif 0 0 0.818938793038777 
ch00_p3-pl1-sample3-sperm4.tif 0 0 0.960053873750479 
ch00_p3-pl1-sample30-sperm6.tif 0 0 0.9955349635844792 
ch00_p4-pl1-sample1-sperm13.tif 0 4 0.528986534059821 
ch00_p4-pl1-sample1-sperm3.tif 0 0 0.9480856656024423 
ch00_p4-pl1-sample10-sperm7.tif 0 0 0.9926814990360053 
ch00_p4-pl1-sample13-sperm9.tif 0 4 0.9495026679588937 
ch00_p4-pl1-sample14-sperm1.tif 0 4 0.9588079637033873 
ch00_p4-pl1-sample14-sperm2.tif 0 0 0.3974889246217952 
ch00_p4-pl1-sample15-sperm6.tif 0 3 0.8949683736578992 
ch00_p4-pl1-sample17-sperm2.tif 0 0 0.891838032860899 
ch00_p4-pl1-sample17-sperm9.tif 0 0 0.7227891826929496 
ch00_p4-pl1-sample19-sperm1.tif 0 0 0.9805782433198204 
ch00_p4-pl1-sample2-sperm11.tif 0 0 0.8041651210705426 
ch00_p4-pl1-sample20-sperm7.tif 0 2 0.460480785735363 
ch00_p4-pl2-sample17-sperm5.tif 0 3 0.9153246330651783 
ch00_p4-pl2-sample5-sperm6.tif 0 4 0.9948088760782573 
ch00_p4-pl2-sample8-sperm5.tif 0 0 0.9566665562701964 
ch00_p5-pl1-sample15-sperm10.tif 0 4 0.9438338525807239 
ch00_p5-pl1-sample2-sperm9.tif 0 4 0.7777307966989432 
ch00_p1-pl2-sample10-sperm3.tif 1 1 0.9927728536214975 
ch00_p1-pl2-sample11-sperm12.tif 1 1 0.99557511290747 
ch00_p1-pl2-sample11-sperm2.tif 1 1 0.9949896105439728 
ch00_p1-pl2-sample13-sperm6.tif 1 3 0.8216371667027429 
ch00_p1-pl2-sample13-sperm7.tif 1 4 0.8147976943362732 
ch00_p1-pl2-sample14-sperm13.tif 1 1 0.5654262427484855 
ch00_p1-pl2-sample17-sperm5.tif 1 1 0.9849394810657088 
ch00_p1-pl2-sample18-sperm10.tif 1 0 0.7692876399927014 
ch00_p1-pl2-sample18-sperm3.tif 1 1 0.556696744915894 
ch00_p1-pl2-sample18-sperm5.tif 1 1 0.9860137362530104 
ch00_p1-pl2-sample19-sperm8.tif 1 3 0.8803239854674273 
ch00_p1-pl2-sample21-sperm6.tif 1 1 0.846340065834659 
ch00_p1-pl2-sample22-sperm3.tif 1 2 0.6132783732031855 
ch00_p1-pl2-sample22-sperm6.tif 1 4 0.5079592784828102 
ch00_p1-pl2-sample23-sperm10.tif 1 1 0.9902901776951912 
ch00_p1-pl2-sample23-sperm14.tif 1 0 0.9860971102606175 
ch00_p1-pl2-sample24-sperm6.tif 1 2 0.8323033017565656 
ch00_p1-pl2-sample24-sperm7.tif 1 1 0.9082344202110112 
ch00_p1-pl2-sample26-sperm5.tif 1 4 0.6893273591073791 
ch00_p1-pl2-sample29-sperm5.tif 1 1 0.9968535090874081 
ch00_p1-pl2-sample3-sperm10.tif 1 1 0.7843720420955835 
ch00_p1-pl2-sample3-sperm3.tif 1 1 0.9915666190366142 
ch00_p1-pl2-sample30-sperm5.tif 1 1 0.9820989253450525 
ch00_p1-pl2-sample30-sperm7.tif 1 4 0.6341732555124902 
ch00_p1-pl2-sample31-sperm8.tif 1 4 0.5957222762439064 
ch00_p1-pl2-sample32-sperm2.tif 1 4 0.9053866600457302 
ch00_p1-pl2-sample32-sperm4.tif 1 1 0.8465799698071046 
ch00_p1-pl2-sample32-sperm6.tif 1 4 0.8291833021193751 
ch00_p1-pl2-sample33-sperm12.tif 1 1 0.9909051265535573 
ch00_p1-pl2-sample6-sperm11.tif 1 1 0.9798007096047314 
ch00_p1-pl2-sample7-sperm11.tif 1 1 0.9778189054051937 
ch00_p1-pl2-sample7-sperm9.tif 1 2 0.9704101445323419 
ch00_p1-pl2-sample8-sperm1.tif 1 4 0.9599039225522252 
ch00_p1-pl2-sample8-sperm2.tif 1 1 0.9501777122340191 
ch00_p1-pl2-sample9-sperm12.tif 1 0 0.8649315453580151 
ch00_p1-pl2-sample9-sperm13.tif 1 4 0.6742963199485591 
ch00_p1-pl3-sample13-sperm13.tif 1 1 0.9809215820065937 
ch00_p1-pl3-sample15-sperm6.tif 1 0 0.9501474500055047 
ch00_p1-pl3-sample18-sperm1.tif 1 4 0.9604060195466759 
ch00_p1-pl3-sample5-sperm2.tif 1 4 0.9952933718631514 
ch00_p1-pl3-sample7-sperm12.tif 1 1 0.9466466307656174 
ch00_p1-pl3-sample8-sperm10.tif 1 4 0.5619933214395618 
ch00_p3-pl1-sample10-sperm6.tif 1 1 0.9962282227617234 
ch00_p3-pl1-sample12-sperm5.tif 1 1 0.9883721831108064 
ch00_p3-pl1-sample17-sperm3.tif 1 1 0.9869129761526076 
ch00_p3-pl1-sample18-sperm1.tif 1 1 0.6662815470978587 
ch00_p3-pl1-sample21-sperm6.tif 1 4 0.7778251915647096 
ch00_p3-pl1-sample22-sperm2.tif 1 1 0.9650082773972246 
ch00_p3-pl1-sample25-sperm11.tif 1 1 0.9946712445320166 
ch00_p3-pl1-sample27-sperm5.tif 1 1 0.9891361488126482 
ch00_p3-pl1-sample29-sperm5.tif 1 2 0.3188943561347217 
ch00_p3-pl1-sample5-sperm6.tif 1 1 0.989842174950267 
ch00_p4-pl1-sample1-sperm5.tif 1 1 0.7636718314383764 
ch00_p4-pl1-sample16-sperm6.tif 1 1 0.997889830830995 
ch00_p4-pl1-sample17-sperm3.tif 1 1 0.5564108249198738 
ch00_p4-pl1-sample19-sperm3.tif 1 4 0.5571270854176296 
ch00_p4-pl1-sample4-sperm2.tif 1 1 0.7495882713512753 
ch00_p4-pl1-sample9-sperm16.tif 1 1 0.7676085277934679 
ch00_p4-pl2-sample10-sperm2.tif 1 1 0.9671678978557956 
ch00_p4-pl2-sample4-sperm3.tif 1 4 0.9844084794313971 
ch00_p5-pl1-sample1-sperm9.tif 1 1 0.7774989555762881 
ch00_p5-pl1-sample16-sperm7.tif 1 1 0.8311975548547919 
ch00_p5-pl1-sample19-sperm11.tif 1 1 0.5240038201274019 
ch00_p5-pl1-sample2-sperm2.tif 1 1 0.9060853784353361 
ch00_p5-pl1-sample4-sperm9.tif 1 0 0.917062061995792 
ch00_p5-pl1-sample6-sperm13.tif 1 1 0.9938759102327895 
ch00_p5-pl1-sample8-sperm2.tif 1 4 0.9098013928647469 
ch00_p5-pl1-sample8-sperm5.tif 1 1 0.9685175611314247 
ch00_p1-pl2-sample2-sperm15.tif 2 4 0.9262884977576672 
ch00_p1-pl2-sample2-sperm6.tif 2 1 0.9820581603836933 
ch00_p1-pl2-sample2-sperm9.tif 2 2 0.9865732413928534 
ch00_p1-pl2-sample23-sperm9.tif 2 4 0.8857524734339421 
ch00_p1-pl2-sample27-sperm7.tif 2 2 0.9990936903213298 
ch00_p1-pl2-sample31-sperm2.tif 2 4 0.9658902340156953 
ch00_p1-pl3-sample1-sperm9.tif 2 4 0.927342206056006 
ch00_p1-pl3-sample11-sperm6.tif 2 2 0.9999889641032317 
ch00_p1-pl3-sample11-sperm7.tif 2 4 0.9287494833268221 
ch00_p1-pl3-sample20-sperm4.tif 2 2 0.9991355395059721 
ch00_p1-pl3-sample22-sperm11.tif 2 4 0.9302471557020047 
ch00_p1-pl3-sample6-sperm2.tif 2 1 0.911447195985509 
ch00_p1-pl3-sample9-sperm4.tif 2 2 0.8901621969769088 
ch00_p4-pl1-sample12-sperm4.tif 2 2 0.9982235264694568 
ch00_p4-pl1-sample13-sperm4.tif 2 2 0.9945777864451939 
ch00_p4-pl1-sample14-sperm10.tif 2 2 0.9948189771001031 
ch00_p4-pl1-sample17-sperm8.tif 2 2 0.9771876016347237 
ch00_p4-pl1-sample19-sperm7.tif 2 2 0.9980673248250747 
ch00_p4-pl1-sample3-sperm10.tif 2 2 0.9776119044373958 
ch00_p4-pl1-sample4-sperm15.tif 2 2 0.9885834584243648 
ch00_p4-pl2-sample17-sperm6.tif 2 2 0.5998606081183134 
ch00_p4-pl2-sample4-sperm11.tif 2 2 0.9748209197621478 
ch00_p1-pl2-sample15-sperm6.tif 3 4 0.6632453921833514 
ch00_p1-pl2-sample22-sperm2.tif 3 3 0.9337672572260506 
ch00_p1-pl2-sample23-sperm11.tif 3 0 0.5529407129586464 
ch00_p1-pl2-sample23-sperm8.tif 3 0 0.9425784432363354 
ch00_p1-pl2-sample24-sperm3.tif 3 0 0.43390412800472805 
ch00_p1-pl2-sample25-sperm9.tif 3 0 0.9885569222087418 
ch00_p1-pl2-sample27-sperm1.tif 3 0 0.946848027607985 
ch00_p1-pl2-sample5-sperm4.tif 3 4 0.49102796649722225 
ch00_p1-pl2-sample5-sperm6.tif 3 2 0.9973616775347772 
ch00_p1-pl3-sample13-sperm12.tif 3 4 0.7872776812750016 
ch00_p1-pl3-sample20-sperm9.tif 3 3 0.98209633889405 
ch00_p1-pl3-sample23-sperm16.tif 3 4 0.9072712263723005 
ch00_p1-pl3-sample24-sperm1.tif 3 0 0.987937646499009 
ch00_p1-pl3-sample25-sperm14.tif 3 3 0.9584531473983633 
ch00_p1-pl3-sample4-sperm4.tif 3 3 0.9746995335990486 
ch00_p1-pl3-sample5-sperm10.tif 3 4 0.861814024195703 
ch00_p3-pl1-sample1-sperm3.tif 3 0 0.7402617558623782 
ch00_p3-pl1-sample30-sperm1.tif 3 3 0.6738829981011283 
ch00_p3-pl1-sample31-sperm3.tif 3 3 0.5132196732532144 
ch00_p4-pl2-sample8-sperm4.tif 3 1 0.3891825369188005 
ch00_p5-pl1-sample10-sperm3.tif 3 3 0.9922745713305884 
ch00_p1-pl2-sample10-sperm15.tif 4 2 0.5399942684387932 
ch00_p1-pl2-sample13-sperm1.tif 4 4 0.5458091730966066 
ch00_p1-pl2-sample14-sperm2.tif 4 4 0.6402672193521602 
ch00_p1-pl2-sample14-sperm4.tif 4 4 0.9067828627752441 
ch00_p1-pl2-sample16-sperm7.tif 4 4 0.9414268240089132 
ch00_p1-pl2-sample17-sperm2.tif 4 4 0.40705667286142416 
ch00_p1-pl2-sample17-sperm3.tif 4 2 0.944542059067816 
ch00_p1-pl2-sample18-sperm2.tif 4 4 0.9667358417097898 
ch00_p1-pl2-sample18-sperm6.tif 4 1 0.7451539439077604 
ch00_p1-pl2-sample2-sperm16.tif 4 0 0.9906454250512606 
ch00_p1-pl2-sample2-sperm8.tif 4 4 0.9744166656082142 
ch00_p1-pl2-sample23-sperm13.tif 4 4 0.7617245543081544 
ch00_p1-pl2-sample24-sperm12.tif 4 4 0.4757809191869361 
ch00_p1-pl2-sample24-sperm13.tif 4 4 0.930747055756501 
ch00_p1-pl2-sample26-sperm3.tif 4 3 0.7774166588992075 
ch00_p1-pl2-sample27-sperm5.tif 4 4 0.9686882958160236 
ch00_p1-pl2-sample27-sperm8.tif 4 1 0.7718317387371618 
ch00_p1-pl2-sample28-sperm1.tif 4 4 0.8737801526897903 
ch00_p1-pl2-sample29-sperm1.tif 4 4 0.962296110041041 
ch00_p1-pl2-sample3-sperm1.tif 4 4 0.9813370056421669 
ch00_p1-pl2-sample3-sperm15.tif 4 1 0.8087424381012489 
ch00_p1-pl2-sample3-sperm6.tif 4 4 0.7442011301548792 
ch00_p1-pl2-sample31-sperm12.tif 4 0 0.8139389017368228 
ch00_p1-pl2-sample31-sperm6.tif 4 1 0.9410310583489868 
ch00_p1-pl2-sample32-sperm1.tif 4 4 0.9458275048993645 
ch00_p1-pl2-sample32-sperm5.tif 4 3 0.8550116825029922 
ch00_p1-pl2-sample33-sperm10.tif 4 4 0.9618935154070841 
ch00_p1-pl2-sample33-sperm2.tif 4 4 0.776820959400907 
ch00_p1-pl2-sample33-sperm3.tif 4 4 0.9752195055091205 
ch00_p1-pl2-sample34-sperm10.tif 4 4 0.9842222598782836 
ch00_p1-pl2-sample34-sperm12.tif 4 4 0.9179863198919989 
ch00_p1-pl2-sample34-sperm7.tif 4 4 0.9876432495469228 
ch00_p1-pl2-sample35-sperm10.tif 4 1 0.9897837776945929 
ch00_p1-pl2-sample35-sperm12.tif 4 4 0.5176516668927509 
ch00_p1-pl2-sample35-sperm8.tif 4 0 0.9966593098226275 
ch00_p1-pl2-sample4-sperm16.tif 4 1 0.9875830572380069 
ch00_p1-pl2-sample7-sperm5.tif 4 4 0.944840910044712 
ch00_p1-pl3-sample10-sperm1.tif 4 4 0.6667321839318515 
ch00_p1-pl3-sample12-sperm17.tif 4 4 0.9999943755521364 
ch00_p1-pl3-sample12-sperm3.tif 4 1 0.9888037193183634 
ch00_p1-pl3-sample12-sperm6.tif 4 0 0.9467187520410312 
ch00_p1-pl3-sample12-sperm8.tif 4 4 0.6241104107094128 
ch00_p1-pl3-sample13-sperm9.tif 4 4 0.8565663989380671 
ch00_p1-pl3-sample14-sperm1.tif 4 4 0.9000358420642814 
ch00_p1-pl3-sample14-sperm11.tif 4 3 0.8792981583417627 
ch00_p1-pl3-sample15-sperm2.tif 4 4 0.9085603489652927 
ch00_p1-pl3-sample15-sperm20.tif 4 3 0.7684842784835 
ch00_p1-pl3-sample17-sperm11.tif 4 1 0.9565068457286009 
ch00_p1-pl3-sample17-sperm2.tif 4 4 0.9673831769525656 
ch00_p1-pl3-sample17-sperm7.tif 4 4 0.9812677270131365 
ch00_p1-pl3-sample19-sperm1.tif 4 4 0.9606549281992377 
ch00_p1-pl3-sample19-sperm8.tif 4 4 0.6844576682861438 
ch00_p1-pl3-sample2-sperm12.tif 4 0 0.5564308612608703 
ch00_p1-pl3-sample20-sperm12.tif 4 4 0.9489986051678454 
ch00_p1-pl3-sample20-sperm8.tif 4 4 0.9689977834106386 
ch00_p1-pl3-sample21-sperm9.tif 4 1 0.9914279206732441 
ch00_p1-pl3-sample23-sperm11.tif 4 1 0.6528479904438252 
ch00_p1-pl3-sample24-sperm11.tif 4 4 0.5630203925431765 
ch00_p1-pl3-sample24-sperm13.tif 4 1 0.9167212134696696 
ch00_p1-pl3-sample24-sperm14.tif 4 2 0.7367219162979644 
ch00_p1-pl3-sample24-sperm21.tif 4 4 0.9322169543877665 
ch00_p1-pl3-sample24-sperm24.tif 4 4 0.9604931820265424 
ch00_p1-pl3-sample24-sperm5.tif 4 1 0.7968122624421086 
ch00_p1-pl3-sample24-sperm9.tif 4 0 0.9094623380709782 
ch00_p1-pl3-sample25-sperm10.tif 4 1 0.9627222225447043 
ch00_p1-pl3-sample25-sperm3.tif 4 2 0.9932525195136397 
ch00_p1-pl3-sample25-sperm4.tif 4 2 0.9650494085155529 
ch00_p1-pl3-sample25-sperm8.tif 4 0 0.9971684145410848 
ch00_p1-pl3-sample3-sperm8.tif 4 0 0.8956601140603885 
ch00_p1-pl3-sample4-sperm3.tif 4 3 0.99665908407334 
ch00_p1-pl3-sample6-sperm3.tif 4 1 0.9890493510959898 
ch00_p1-pl3-sample6-sperm6.tif 4 3 0.6958076893607932 
ch00_p1-pl3-sample7-sperm14.tif 4 2 0.6037938228355318 
ch00_p1-pl3-sample7-sperm3.tif 4 4 0.9503999409559689 
ch00_p1-pl3-sample8-sperm11.tif 4 1 0.9427312966965442 
ch00_p1-pl3-sample8-sperm6.tif 4 0 0.6330035967043021 
ch00_p1-pl3-sample9-sperm14.tif 4 4 0.9261093125391916 
ch00_p1-pl3-sample9-sperm8.tif 4 4 0.8103747212693193 
ch00_p3-pl1-sample10-sperm4.tif 4 3 0.9759464739662032 
ch00_p3-pl1-sample11-sperm1.tif 4 4 0.6383984753653112 
ch00_p3-pl1-sample11-sperm5.tif 4 4 0.9326392862709706 
ch00_p3-pl1-sample11-sperm6.tif 4 4 0.8890501865443957 
ch00_p3-pl1-sample12-sperm6.tif 4 4 0.876163226047929 
ch00_p3-pl1-sample13-sperm6.tif 4 0 0.5364556247424266 
ch00_p3-pl1-sample16-sperm3.tif 4 3 0.8584707918758351 
ch00_p3-pl1-sample16-sperm5.tif 4 0 0.9746394166533664 
ch00_p3-pl1-sample18-sperm2.tif 4 0 0.9943857485389823 
ch00_p3-pl1-sample19-sperm4.tif 4 4 0.911064951289535 
ch00_p3-pl1-sample19-sperm8.tif 4 4 0.5646938899437663 
ch00_p3-pl1-sample20-sperm1.tif 4 3 0.6281417935534181 
ch00_p3-pl1-sample22-sperm8.tif 4 4 0.5069391719096864 
ch00_p3-pl1-sample25-sperm2.tif 4 4 0.9432441250767833 
ch00_p3-pl1-sample25-sperm5.tif 4 1 0.70547467398467 
ch00_p3-pl1-sample26-sperm1.tif 4 4 0.9808224685292192 
ch00_p3-pl1-sample29-sperm8.tif 4 4 0.6486207971925827 
ch00_p3-pl1-sample29-sperm9.tif 4 4 0.5420943589506851 
ch00_p3-pl1-sample3-sperm6.tif 4 4 0.9979357458913253 
ch00_p3-pl1-sample31-sperm2.tif 4 0 0.9295076207787979 
ch00_p3-pl1-sample31-sperm7.tif 4 3 0.955303645292621 
ch00_p3-pl1-sample32-sperm6.tif 4 1 0.9955677898291857 
ch00_p3-pl1-sample4-sperm1.tif 4 4 0.9297936703622072 
ch00_p3-pl1-sample4-sperm5.tif 4 4 0.9790947653079203 
ch00_p3-pl1-sample7-sperm1.tif 4 0 0.45203102232408826 
ch00_p3-pl1-sample7-sperm11.tif 4 4 0.9923083648448244 
ch00_p3-pl1-sample7-sperm6.tif 4 1 0.959391288690565 
ch00_p3-pl1-sample9-sperm9.tif 4 1 0.9012913349001344 
ch00_p4-pl1-sample1-sperm9.tif 4 4 0.8743360949116901 
ch00_p4-pl1-sample10-sperm11.tif 4 4 0.6291406833261625 
ch00_p4-pl1-sample10-sperm15.tif 4 2 0.9311959127382837 
ch00_p4-pl1-sample10-sperm20.tif 4 2 0.8768500000677913 
ch00_p4-pl1-sample10-sperm22.tif 4 2 0.5382432430087144 
ch00_p4-pl1-sample10-sperm6.tif 4 4 0.9767823143644938 
ch00_p4-pl1-sample11-sperm12.tif 4 4 0.7276498064441326 
ch00_p4-pl1-sample11-sperm8.tif 4 0 0.9950684648812356 
ch00_p4-pl1-sample12-sperm11.tif 4 2 0.4701375896501493 
ch00_p4-pl1-sample12-sperm3.tif 4 4 0.7909382300786209 
ch00_p4-pl1-sample12-sperm6.tif 4 4 0.5443646948589953 
ch00_p4-pl1-sample12-sperm8.tif 4 1 0.9610980998222052 
ch00_p4-pl1-sample12-sperm9.tif 4 4 0.9743750969253334 
ch00_p4-pl1-sample13-sperm2.tif 4 1 0.7005980756045932 
ch00_p4-pl1-sample13-sperm7.tif 4 4 0.9767671899052717 
ch00_p4-pl1-sample16-sperm13.tif 4 0 0.5542993118050404 
ch00_p4-pl1-sample17-sperm10.tif 4 4 0.8795447907508999 
ch00_p4-pl1-sample2-sperm1.tif 4 1 0.927555634569018 
ch00_p4-pl1-sample2-sperm12.tif 4 4 0.8723708993292878 
ch00_p4-pl1-sample2-sperm5.tif 4 2 0.9991508687986063 
ch00_p4-pl1-sample20-sperm6.tif 4 1 0.820141356163017 
ch00_p4-pl1-sample5-sperm9.tif 4 4 0.7622871140868324 
ch00_p4-pl1-sample6-sperm3.tif 4 3 0.7393786360047763 
ch00_p4-pl1-sample6-sperm4.tif 4 4 0.9542340885207422 
ch00_p4-pl1-sample7-sperm12.tif 4 3 0.8571233587603226 
ch00_p4-pl1-sample7-sperm2.tif 4 4 0.9640624444834242 
ch00_p4-pl1-sample7-sperm3.tif 4 2 0.998297720631259 
ch00_p4-pl1-sample7-sperm4.tif 4 4 0.9502886682164613 
ch00_p4-pl1-sample7-sperm8.tif 4 0 0.9311983806868211 
ch00_p4-pl1-sample8-sperm10.tif 4 2 0.6591384071546768 
ch00_p4-pl1-sample8-sperm6.tif 4 2 0.97686008977849 
ch00_p4-pl1-sample9-sperm11.tif 4 4 0.9796411154766639 
ch00_p4-pl1-sample9-sperm15.tif 4 1 0.47627267932268325 
ch00_p4-pl1-sample9-sperm6.tif 4 2 0.9768270460773878 
ch00_p4-pl2-sample10-sperm1.tif 4 0 0.9132122521890425 
ch00_p4-pl2-sample10-sperm11.tif 4 4 0.985224939489653 
ch00_p4-pl2-sample10-sperm12.tif 4 0 0.8590565362393014 
ch00_p4-pl2-sample10-sperm8.tif 4 4 0.6957867750238345 
ch00_p4-pl2-sample12-sperm1.tif 4 4 0.854924910578663 
ch00_p4-pl2-sample12-sperm10.tif 4 4 0.6321692794240183 
ch00_p4-pl2-sample12-sperm9.tif 4 0 0.9223162223878588 
ch00_p4-pl2-sample13-sperm9.tif 4 2 0.9054063637521743 
ch00_p4-pl2-sample15-sperm4.tif 4 4 0.8597490863563941 
ch00_p4-pl2-sample15-sperm6.tif 4 4 0.9685276407576244 
ch00_p4-pl2-sample16-sperm4.tif 4 2 0.7579818012476088 
ch00_p4-pl2-sample17-sperm4.tif 4 4 0.9746048051947883 
ch00_p4-pl2-sample18-sperm2.tif 4 2 0.7661467960804464 
ch00_p4-pl2-sample18-sperm3.tif 4 4 0.6024358428966847 
ch00_p4-pl2-sample18-sperm5.tif 4 4 0.9441226371144367 
ch00_p4-pl2-sample18-sperm6.tif 4 1 0.967845007412969 
ch00_p4-pl2-sample18-sperm9.tif 4 4 0.922274590295353 
ch00_p4-pl2-sample19-sperm4.tif 4 2 0.4581665111521159 
ch00_p4-pl2-sample2-sperm3.tif 4 2 0.7866341980617694 
ch00_p4-pl2-sample2-sperm6.tif 4 4 0.9969620979074854 
ch00_p4-pl2-sample2-sperm7.tif 4 4 0.9209081040358333 
ch00_p4-pl2-sample20-sperm5.tif 4 4 0.5995538322352232 
ch00_p4-pl2-sample3-sperm3.tif 4 4 0.9815307109185426 
ch00_p4-pl2-sample3-sperm5.tif 4 4 0.9730907423062529 
ch00_p4-pl2-sample4-sperm2.tif 4 2 0.6739184014906535 
ch00_p4-pl2-sample4-sperm4.tif 4 4 0.9882918115207513 
ch00_p4-pl2-sample4-sperm9.tif 4 2 0.5358698985756585 
ch00_p4-pl2-sample5-sperm3.tif 4 2 0.977142421427415 
ch00_p4-pl2-sample5-sperm5.tif 4 3 0.8792461475300988 
ch00_p4-pl2-sample6-sperm2.tif 4 0 0.9584364641907669 
ch00_p4-pl2-sample6-sperm3.tif 4 4 0.8248752827293637 
ch00_p4-pl2-sample7-sperm4.tif 4 4 0.9420005721345318 
ch00_p4-pl2-sample7-sperm6.tif 4 2 0.5942868395466667 
ch00_p4-pl2-sample7-sperm8.tif 4 4 0.5084777656944318 
ch00_p4-pl2-sample7-sperm9.tif 4 4 0.961076489593867 
ch00_p4-pl2-sample8-sperm1.tif 4 3 0.887986871752747 
ch00_p4-pl2-sample8-sperm2.tif 4 4 0.8021299303769795 
ch00_p4-pl2-sample8-sperm9.tif 4 3 0.48233175326353345 
ch00_p4-pl2-sample9-sperm4.tif 4 4 0.6928355127040445 
ch00_p5-pl1-sample1-sperm6.tif 4 3 0.7802402096928593 
ch00_p5-pl1-sample14-sperm8.tif 4 4 0.5999188535550763 
ch00_p5-pl1-sample15-sperm4.tif 4 4 0.9802479276139051 
ch00_p5-pl1-sample15-sperm6.tif 4 4 0.9904142745217893 
ch00_p5-pl1-sample17-sperm10.tif 4 0 0.7052361282305154 
ch00_p5-pl1-sample17-sperm5.tif 4 4 0.9471269924513274 
ch00_p5-pl1-sample19-sperm13.tif 4 4 0.9281050579175422 
ch00_p5-pl1-sample2-sperm6.tif 4 4 0.8644167789702452 
ch00_p5-pl1-sample20-sperm6.tif 4 4 0.974022175588656 
ch00_p5-pl1-sample3-sperm13.tif 4 0 0.9276891706185117 
ch00_p5-pl1-sample3-sperm17.tif 4 0 0.9894101954902085 
ch00_p5-pl1-sample4-sperm7.tif 4 1 0.8856824516605555 
ch00_p5-pl1-sample5-sperm15.tif 4 3 0.8533835244695627 
ch00_p5-pl1-sample5-sperm18.tif 4 0 0.8717266801209596 
ch00_p5-pl1-sample5-sperm4.tif 4 1 0.7647319980137618 
ch00_p5-pl1-sample7-sperm5.tif 4 4 0.48336763222167517 
ch00_p5-pl1-sample9-sperm6.tif 4 0 0.9350279799040585 
