ch00_p1-pl2-sample10-sperm10.tif 0 0 0.7870097671022112 
ch00_p1-pl2-sample10-sperm4.tif 0 0 0.9052183964648345 
ch00_p1-pl2-sample3-sperm4.tif 0 4 0.8763284171347879 
ch00_p1-pl2-sample34-sperm9.tif 0 0 0.9686913290338048 
ch00_p1-pl2-sample4-sperm15.tif 0 4 0.5900606378211919 
ch00_p1-pl2-sample4-sperm20.tif 0 4 0.9527784125357405 
ch00_p1-pl2-sample8-sperm6.tif 0 0 0.7418176537603939 
ch00_p1-pl3-sample10-sperm2.tif 0 4 0.9529160374686394 
ch00_p1-pl3-sample17-sperm5.tif 0 4 0.9330719988463089 
ch00_p3-pl1-sample13-sperm2.tif 0 4 0.9876221672558889 
ch00_p3-pl1-sample2-sperm4.tif 0 0 0.5119518894437244 
ch00_p3-pl1-sample3-sperm4.tif 0 0 0.825771900582545 
ch00_p3-pl1-sample30-sperm6.tif 0 0 0.7878605918001712 
ch00_p4-pl1-sample1-sperm13.tif 0 4 0.9822064590083129 
ch00_p4-pl1-sample1-sperm3.tif 0 4 0.6763571333878567 
ch00_p4-pl1-sample10-sperm7.tif 0 0 0.8378109958484606 
ch00_p4-pl1-sample13-sperm9.tif 0 4 0.9849539930562724 
ch00_p4-pl1-sample14-sperm1.tif 0 4 0.9947363927858254 
ch00_p4-pl1-sample14-sperm2.tif 0 4 0.9055000529458366 
ch00_p4-pl1-sample15-sperm6.tif 0 3 0.5907590064453154 
ch00_p4-pl1-sample17-sperm2.tif 0 4 0.9749324409798528 
ch00_p4-pl1-sample17-sperm9.tif 0 4 0.4680488773828316 
ch00_p4-pl1-sample19-sperm1.tif 0 0 0.8367407592295937 
ch00_p4-pl1-sample2-sperm11.tif 0 4 0.8878868461928302 
ch00_p4-pl1-sample20-sperm7.tif 0 4 0.9329123147674023 
ch00_p4-pl2-sample17-sperm5.tif 0 4 0.5859476868142508 
ch00_p4-pl2-sample5-sperm6.tif 0 4 0.9930773163011315 
ch00_p4-pl2-sample8-sperm5.tif 0 0 0.8822562089433946 
ch00_p5-pl1-sample15-sperm10.tif 0 4 0.984566549701805 
ch00_p5-pl1-sample2-sperm9.tif 0 4 0.9817321471882766 
ch00_p1-pl2-sample10-sperm3.tif 1 1 0.9689201171243133 
ch00_p1-pl2-sample11-sperm12.tif 1 1 0.9622432468185497 
ch00_p1-pl2-sample11-sperm2.tif 1 1 0.9511776986877304 
ch00_p1-pl2-sample13-sperm6.tif 1 4 0.7344827345420735 
ch00_p1-pl2-sample13-sperm7.tif 1 4 0.9836899331307307 
ch00_p1-pl2-sample14-sperm13.tif 1 1 0.48448758019798166 
ch00_p1-pl2-sample17-sperm5.tif 1 1 0.7490010295852734 
ch00_p1-pl2-sample18-sperm10.tif 1 0 0.4536679607679974 
ch00_p1-pl2-sample18-sperm3.tif 1 1 0.5750381580822203 
ch00_p1-pl2-sample18-sperm5.tif 1 1 0.99293983021136 
ch00_p1-pl2-sample19-sperm8.tif 1 1 0.47324566111275396 
ch00_p1-pl2-sample21-sperm6.tif 1 1 0.8493551936872119 
ch00_p1-pl2-sample22-sperm3.tif 1 1 0.7905792199356129 
ch00_p1-pl2-sample22-sperm6.tif 1 4 0.7599542696870242 
ch00_p1-pl2-sample23-sperm10.tif 1 1 0.9029825901596752 
ch00_p1-pl2-sample23-sperm14.tif 1 0 0.5490630029154697 
ch00_p1-pl2-sample24-sperm6.tif 1 1 0.8298285963210016 
ch00_p1-pl2-sample24-sperm7.tif 1 1 0.7661442880731116 
ch00_p1-pl2-sample26-sperm5.tif 1 4 0.5684277611769523 
ch00_p1-pl2-sample29-sperm5.tif 1 1 0.9290579520153408 
ch00_p1-pl2-sample3-sperm10.tif 1 1 0.8228121574266686 
ch00_p1-pl2-sample3-sperm3.tif 1 1 0.9215459617969802 
ch00_p1-pl2-sample30-sperm5.tif 1 1 0.9358122357496687 
ch00_p1-pl2-sample30-sperm7.tif 1 4 0.7996721112392103 
ch00_p1-pl2-sample31-sperm8.tif 1 4 0.6497966041493626 
ch00_p1-pl2-sample32-sperm2.tif 1 4 0.9078588839166905 
ch00_p1-pl2-sample32-sperm4.tif 1 1 0.8074533026120082 
ch00_p1-pl2-sample32-sperm6.tif 1 1 0.661886649438623 
ch00_p1-pl2-sample33-sperm12.tif 1 1 0.9696201008750012 
ch00_p1-pl2-sample6-sperm11.tif 1 1 0.8719197947772206 
ch00_p1-pl2-sample7-sperm11.tif 1 1 0.9818904531743541 
ch00_p1-pl2-sample7-sperm9.tif 1 4 0.8671333940579055 
ch00_p1-pl2-sample8-sperm1.tif 1 4 0.8180129637185123 
ch00_p1-pl2-sample8-sperm2.tif 1 1 0.8596259002616934 
ch00_p1-pl2-sample9-sperm12.tif 1 4 0.8164512673969376 
ch00_p1-pl2-sample9-sperm13.tif 1 4 0.7811955280543365 
ch00_p1-pl3-sample13-sperm13.tif 1 1 0.8965606011750652 
ch00_p1-pl3-sample15-sperm6.tif 1 0 0.45271147616135493 
ch00_p1-pl3-sample18-sperm1.tif 1 4 0.976388750774643 
ch00_p1-pl3-sample5-sperm2.tif 1 4 0.9924931561837966 
ch00_p1-pl3-sample7-sperm12.tif 1 1 0.965631412038284 
ch00_p1-pl3-sample8-sperm10.tif 1 4 0.6540820217003681 
ch00_p3-pl1-sample10-sperm6.tif 1 1 0.9906391624612535 
ch00_p3-pl1-sample12-sperm5.tif 1 1 0.8561400203085756 
ch00_p3-pl1-sample17-sperm3.tif 1 1 0.9441906461363372 
ch00_p3-pl1-sample18-sperm1.tif 1 1 0.49579497810044265 
ch00_p3-pl1-sample21-sperm6.tif 1 4 0.9440167458278257 
ch00_p3-pl1-sample22-sperm2.tif 1 1 0.8107210629787363 
ch00_p3-pl1-sample25-sperm11.tif 1 1 0.9592988923463437 
ch00_p3-pl1-sample27-sperm5.tif 1 1 0.9826508072175683 
ch00_p3-pl1-sample29-sperm5.tif 1 4 0.8286204428034424 
ch00_p3-pl1-sample5-sperm6.tif 1 1 0.9958980845431412 
ch00_p4-pl1-sample1-sperm5.tif 1 1 0.824948891287963 
ch00_p4-pl1-sample16-sperm6.tif 1 1 0.966255497162469 
ch00_p4-pl1-sample17-sperm3.tif 1 1 0.8721133719355643 
ch00_p4-pl1-sample19-sperm3.tif 1 1 0.5541636967294158 
ch00_p4-pl1-sample4-sperm2.tif 1 1 0.5094539528068012 
ch00_p4-pl1-sample9-sperm16.tif 1 1 0.9367561926201389 
ch00_p4-pl2-sample10-sperm2.tif 1 1 0.9443969504546811 
ch00_p4-pl2-sample4-sperm3.tif 1 4 0.9934736204124991 
ch00_p5-pl1-sample1-sperm9.tif 1 4 0.5209907944154353 
ch00_p5-pl1-sample16-sperm7.tif 1 1 0.657510215110244 
ch00_p5-pl1-sample19-sperm11.tif 1 4 0.7248424843858464 
ch00_p5-pl1-sample2-sperm2.tif 1 1 0.6160386256103583 
ch00_p5-pl1-sample4-sperm9.tif 1 4 0.7387243586660248 
ch00_p5-pl1-sample6-sperm13.tif 1 1 0.9179804745730976 
ch00_p5-pl1-sample8-sperm2.tif 1 4 0.9063362964758906 
ch00_p5-pl1-sample8-sperm5.tif 1 1 0.8928728347342022 
ch00_p1-pl2-sample2-sperm15.tif 2 4 0.5186084519761278 
ch00_p1-pl2-sample2-sperm6.tif 2 1 0.9587454676829118 
ch00_p1-pl2-sample2-sperm9.tif 2 4 0.9226623636788666 
ch00_p1-pl2-sample23-sperm9.tif 2 4 0.9486906519360819 
ch00_p1-pl2-sample27-sperm7.tif 2 2 0.9724357584601141 
ch00_p1-pl2-sample31-sperm2.tif 2 4 0.9694339569194688 
ch00_p1-pl3-sample1-sperm9.tif 2 4 0.978034504967991 
ch00_p1-pl3-sample11-sperm6.tif 2 2 0.8398029237073569 
ch00_p1-pl3-sample11-sperm7.tif 2 4 0.9846644377209475 
ch00_p1-pl3-sample20-sperm4.tif 2 2 0.9745075392341809 
ch00_p1-pl3-sample22-sperm11.tif 2 1 0.5712690346797487 
ch00_p1-pl3-sample6-sperm2.tif 2 1 0.7226005270008427 
ch00_p1-pl3-sample9-sperm4.tif 2 4 0.9554199871846991 
ch00_p4-pl1-sample12-sperm4.tif 2 2 0.9758949754147853 
ch00_p4-pl1-sample13-sperm4.tif 2 2 0.9793327856380218 
ch00_p4-pl1-sample14-sperm10.tif 2 2 0.9372241775626243 
ch00_p4-pl1-sample17-sperm8.tif 2 2 0.6432922371895539 
ch00_p4-pl1-sample19-sperm7.tif 2 2 0.9910476637454563 
ch00_p4-pl1-sample3-sperm10.tif 2 4 0.8050397147339616 
ch00_p4-pl1-sample4-sperm15.tif 2 4 0.5498909094984717 
ch00_p4-pl2-sample17-sperm6.tif 2 4 0.9308441326372969 
ch00_p4-pl2-sample4-sperm11.tif 2 2 0.9697332019273037 
ch00_p1-pl2-sample15-sperm6.tif 3 4 0.9952076432061739 
ch00_p1-pl2-sample22-sperm2.tif 3 0 0.46037562776409713 
ch00_p1-pl2-sample23-sperm11.tif 3 4 0.8074128556250096 
ch00_p1-pl2-sample23-sperm8.tif 3 0 0.6591455290453087 
ch00_p1-pl2-sample24-sperm3.tif 3 4 0.8014734169913198 
ch00_p1-pl2-sample25-sperm9.tif 3 4 0.8310800953415827 
ch00_p1-pl2-sample27-sperm1.tif 3 0 0.9096750342385067 
ch00_p1-pl2-sample5-sperm4.tif 3 4 0.9913613852452455 
ch00_p1-pl2-sample5-sperm6.tif 3 2 0.9042527692072934 
ch00_p1-pl3-sample13-sperm12.tif 3 4 0.9791483710952783 
ch00_p1-pl3-sample20-sperm9.tif 3 4 0.8484483402958874 
ch00_p1-pl3-sample23-sperm16.tif 3 4 0.9829224201952357 
ch00_p1-pl3-sample24-sperm1.tif 3 0 0.6886112229051006 
ch00_p1-pl3-sample25-sperm14.tif 3 4 0.9633176762647945 
ch00_p1-pl3-sample4-sperm4.tif 3 3 0.756003377974587 
ch00_p1-pl3-sample5-sperm10.tif 3 4 0.9942367804115874 
ch00_p3-pl1-sample1-sperm3.tif 3 4 0.6652418747294199 
ch00_p3-pl1-sample30-sperm1.tif 3 4 0.9665887508756622 
ch00_p3-pl1-sample31-sperm3.tif 3 4 0.9681317112454667 
ch00_p4-pl2-sample8-sperm4.tif 3 1 0.6580982217464103 
ch00_p5-pl1-sample10-sperm3.tif 3 4 0.8893716877350937 
ch00_p1-pl2-sample10-sperm15.tif 4 4 0.640447680486265 
ch00_p1-pl2-sample13-sperm1.tif 4 4 0.5480743873384943 
ch00_p1-pl2-sample14-sperm2.tif 4 4 0.8587697003463456 
ch00_p1-pl2-sample14-sperm4.tif 4 4 0.9395442451503592 
ch00_p1-pl2-sample16-sperm7.tif 4 4 0.9929598800860673 
ch00_p1-pl2-sample17-sperm2.tif 4 4 0.5833213488174106 
ch00_p1-pl2-sample17-sperm3.tif 4 4 0.7935640973874614 
ch00_p1-pl2-sample18-sperm2.tif 4 4 0.9688648484743324 
ch00_p1-pl2-sample18-sperm6.tif 4 1 0.570402247419046 
ch00_p1-pl2-sample2-sperm16.tif 4 0 0.9821778908954899 
ch00_p1-pl2-sample2-sperm8.tif 4 4 0.9897134933347377 
ch00_p1-pl2-sample23-sperm13.tif 4 4 0.9228737527820362 
ch00_p1-pl2-sample24-sperm12.tif 4 4 0.5259456731305747 
ch00_p1-pl2-sample24-sperm13.tif 4 4 0.9632912244483419 
ch00_p1-pl2-sample26-sperm3.tif 4 4 0.6270682795201092 
ch00_p1-pl2-sample27-sperm5.tif 4 4 0.9873859290381012 
ch00_p1-pl2-sample27-sperm8.tif 4 4 0.5137136693256236 
ch00_p1-pl2-sample28-sperm1.tif 4 4 0.9966484955580749 
ch00_p1-pl2-sample29-sperm1.tif 4 4 0.9903037059077979 
ch00_p1-pl2-sample3-sperm1.tif 4 4 0.9830884490453823 
ch00_p1-pl2-sample3-sperm15.tif 4 1 0.4853526043718664 
ch00_p1-pl2-sample3-sperm6.tif 4 4 0.8598291405684922 
ch00_p1-pl2-sample31-sperm12.tif 4 4 0.9197043122570132 
ch00_p1-pl2-sample31-sperm6.tif 4 1 0.7151456233540576 
ch00_p1-pl2-sample32-sperm1.tif 4 4 0.9642031459781794 
ch00_p1-pl2-sample32-sperm5.tif 4 4 0.8953688508091822 
ch00_p1-pl2-sample33-sperm10.tif 4 4 0.986582882649202 
ch00_p1-pl2-sample33-sperm2.tif 4 4 0.9671623746709159 
ch00_p1-pl2-sample33-sperm3.tif 4 4 0.9703886961235225 
ch00_p1-pl2-sample34-sperm10.tif 4 4 0.9060863689668731 
ch00_p1-pl2-sample34-sperm12.tif 4 4 0.9524564176088512 
ch00_p1-pl2-sample34-sperm7.tif 4 4 0.9720095412150023 
ch00_p1-pl2-sample35-sperm10.tif 4 1 0.9563599498750138 
ch00_p1-pl2-sample35-sperm12.tif 4 4 0.8820887390215502 
ch00_p1-pl2-sample35-sperm8.tif 4 0 0.9839348095552696 
ch00_p1-pl2-sample4-sperm16.tif 4 1 0.9699848946897235 
ch00_p1-pl2-sample7-sperm5.tif 4 4 0.9265130518126804 
ch00_p1-pl3-sample10-sperm1.tif 4 4 0.9649413451682491 
ch00_p1-pl3-sample12-sperm17.tif 4 4 0.9912866972960966 
ch00_p1-pl3-sample12-sperm3.tif 4 1 0.8251964671734808 
ch00_p1-pl3-sample12-sperm6.tif 4 0 0.5452206716177695 
ch00_p1-pl3-sample12-sperm8.tif 4 4 0.9260007171395251 
ch00_p1-pl3-sample13-sperm9.tif 4 4 0.9431018160323048 
ch00_p1-pl3-sample14-sperm1.tif 4 4 0.5523971764682397 
ch00_p1-pl3-sample14-sperm11.tif 4 4 0.9063357052239551 
ch00_p1-pl3-sample15-sperm2.tif 4 4 0.889122260960036 
ch00_p1-pl3-sample15-sperm20.tif 4 4 0.9333235344800226 
ch00_p1-pl3-sample17-sperm11.tif 4 1 0.8274037489998517 
ch00_p1-pl3-sample17-sperm2.tif 4 4 0.9869604208064021 
ch00_p1-pl3-sample17-sperm7.tif 4 4 0.9834393479734361 
ch00_p1-pl3-sample19-sperm1.tif 4 4 0.9943236680117903 
ch00_p1-pl3-sample19-sperm8.tif 4 0 0.5343315825116621 
ch00_p1-pl3-sample2-sperm12.tif 4 4 0.7531160842742523 
ch00_p1-pl3-sample20-sperm12.tif 4 4 0.9764954263740353 
ch00_p1-pl3-sample20-sperm8.tif 4 4 0.9970195065104923 
ch00_p1-pl3-sample21-sperm9.tif 4 1 0.9343646517283372 
ch00_p1-pl3-sample23-sperm11.tif 4 1 0.7102595636855776 
ch00_p1-pl3-sample24-sperm11.tif 4 4 0.6333034243014838 
ch00_p1-pl3-sample24-sperm13.tif 4 4 0.5603775665737273 
ch00_p1-pl3-sample24-sperm14.tif 4 0 0.48939349448432473 
ch00_p1-pl3-sample24-sperm21.tif 4 4 0.9146584080115212 
ch00_p1-pl3-sample24-sperm24.tif 4 4 0.9537235884525497 
ch00_p1-pl3-sample24-sperm5.tif 4 1 0.5009947919779493 
ch00_p1-pl3-sample24-sperm9.tif 4 4 0.970948681312268 
ch00_p1-pl3-sample25-sperm10.tif 4 1 0.5199587952195937 
ch00_p1-pl3-sample25-sperm3.tif 4 2 0.9509586368339771 
ch00_p1-pl3-sample25-sperm4.tif 4 4 0.6083882158688757 
ch00_p1-pl3-sample25-sperm8.tif 4 0 0.9663149345575937 
ch00_p1-pl3-sample3-sperm8.tif 4 0 0.5629984020531441 
ch00_p1-pl3-sample4-sperm3.tif 4 3 0.9688262503180483 
ch00_p1-pl3-sample6-sperm3.tif 4 1 0.8119038843703337 
ch00_p1-pl3-sample6-sperm6.tif 4 4 0.8302155586929212 
ch00_p1-pl3-sample7-sperm14.tif 4 0 0.5353078594559951 
ch00_p1-pl3-sample7-sperm3.tif 4 4 0.9940335327517208 
ch00_p1-pl3-sample8-sperm11.tif 4 1 0.8404264687142284 
ch00_p1-pl3-sample8-sperm6.tif 4 0 0.5064365778198187 
ch00_p1-pl3-sample9-sperm14.tif 4 4 0.990104176219743 
ch00_p1-pl3-sample9-sperm8.tif 4 4 0.9848963902707543 
ch00_p3-pl1-sample10-sperm4.tif 4 4 0.9808869924349651 
ch00_p3-pl1-sample11-sperm1.tif 4 4 0.9305654841691944 
ch00_p3-pl1-sample11-sperm5.tif 4 4 0.9845380292528003 
ch00_p3-pl1-sample11-sperm6.tif 4 4 0.9637157292445752 
ch00_p3-pl1-sample12-sperm6.tif 4 4 0.9743657865952569 
ch00_p3-pl1-sample13-sperm6.tif 4 4 0.8947039380037274 
ch00_p3-pl1-sample16-sperm3.tif 4 3 0.8863685279900261 
ch00_p3-pl1-sample16-sperm5.tif 4 4 0.7644170134498622 
ch00_p3-pl1-sample18-sperm2.tif 4 0 0.9304572193270315 
ch00_p3-pl1-sample19-sperm4.tif 4 4 0.8367006312643114 
ch00_p3-pl1-sample19-sperm8.tif 4 4 0.9566175848118396 
ch00_p3-pl1-sample20-sperm1.tif 4 4 0.7451408089872531 
ch00_p3-pl1-sample22-sperm8.tif 4 4 0.7387641725838419 
ch00_p3-pl1-sample25-sperm2.tif 4 4 0.6993642468537222 
ch00_p3-pl1-sample25-sperm5.tif 4 4 0.768620345453684 
ch00_p3-pl1-sample26-sperm1.tif 4 4 0.9607835286415334 
ch00_p3-pl1-sample29-sperm8.tif 4 4 0.9571042504018242 
ch00_p3-pl1-sample29-sperm9.tif 4 4 0.8508181608925822 
ch00_p3-pl1-sample3-sperm6.tif 4 4 0.9830544611958909 
ch00_p3-pl1-sample31-sperm2.tif 4 1 0.8082464349861737 
ch00_p3-pl1-sample31-sperm7.tif 4 3 0.47304906666990687 
ch00_p3-pl1-sample32-sperm6.tif 4 1 0.9460551910398037 
ch00_p3-pl1-sample4-sperm1.tif 4 4 0.9243551606713621 
ch00_p3-pl1-sample4-sperm5.tif 4 4 0.9840061972540708 
ch00_p3-pl1-sample7-sperm1.tif 4 3 0.7322930946021425 
ch00_p3-pl1-sample7-sperm11.tif 4 4 0.9895108474561938 
ch00_p3-pl1-sample7-sperm6.tif 4 1 0.9024994531676236 
ch00_p3-pl1-sample9-sperm9.tif 4 1 0.535622044289389 
ch00_p4-pl1-sample1-sperm9.tif 4 4 0.9212738578229545 
ch00_p4-pl1-sample10-sperm11.tif 4 1 0.7622426938636847 
ch00_p4-pl1-sample10-sperm15.tif 4 4 0.7089735540160677 
ch00_p4-pl1-sample10-sperm20.tif 4 2 0.5120329820514194 
ch00_p4-pl1-sample10-sperm22.tif 4 4 0.6611993463970081 
ch00_p4-pl1-sample10-sperm6.tif 4 4 0.9719465801765796 
ch00_p4-pl1-sample11-sperm12.tif 4 4 0.6535878796899226 
ch00_p4-pl1-sample11-sperm8.tif 4 0 0.9589948112057173 
ch00_p4-pl1-sample12-sperm11.tif 4 4 0.926319064703538 
ch00_p4-pl1-sample12-sperm3.tif 4 4 0.6264242812413998 
ch00_p4-pl1-sample12-sperm6.tif 4 4 0.8765758862932295 
ch00_p4-pl1-sample12-sperm8.tif 4 1 0.8065033667743099 
ch00_p4-pl1-sample12-sperm9.tif 4 4 0.960875299633425 
ch00_p4-pl1-sample13-sperm2.tif 4 1 0.6574204196754391 
ch00_p4-pl1-sample13-sperm7.tif 4 4 0.9258875732287826 
ch00_p4-pl1-sample16-sperm13.tif 4 1 0.6619248814000114 
ch00_p4-pl1-sample17-sperm10.tif 4 4 0.975916137939708 
ch00_p4-pl1-sample2-sperm1.tif 4 1 0.950606440781061 
ch00_p4-pl1-sample2-sperm12.tif 4 4 0.9764556125372786 
ch00_p4-pl1-sample2-sperm5.tif 4 2 0.7754233069763445 
ch00_p4-pl1-sample20-sperm6.tif 4 1 0.7275318337502817 
ch00_p4-pl1-sample5-sperm9.tif 4 4 0.9837928988312038 
ch00_p4-pl1-sample6-sperm3.tif 4 4 0.8526106358185163 
ch00_p4-pl1-sample6-sperm4.tif 4 4 0.9874706292401704 
ch00_p4-pl1-sample7-sperm12.tif 4 4 0.619018912912847 
ch00_p4-pl1-sample7-sperm2.tif 4 4 0.9919289762533056 
ch00_p4-pl1-sample7-sperm3.tif 4 2 0.9556515641595417 
ch00_p4-pl1-sample7-sperm4.tif 4 4 0.9902798075028798 
ch00_p4-pl1-sample7-sperm8.tif 4 4 0.7423230242939958 
ch00_p4-pl1-sample8-sperm10.tif 4 2 0.7187963388160008 
ch00_p4-pl1-sample8-sperm6.tif 4 2 0.9020031173751138 
ch00_p4-pl1-sample9-sperm11.tif 4 4 0.9933766506087846 
ch00_p4-pl1-sample9-sperm15.tif 4 1 0.8965217218062992 
ch00_p4-pl1-sample9-sperm6.tif 4 4 0.553969342130867 
ch00_p4-pl2-sample10-sperm1.tif 4 0 0.5432145661865693 
ch00_p4-pl2-sample10-sperm11.tif 4 4 0.9905545004589534 
ch00_p4-pl2-sample10-sperm12.tif 4 4 0.9845172112466711 
ch00_p4-pl2-sample10-sperm8.tif 4 4 0.9561533874051313 
ch00_p4-pl2-sample12-sperm1.tif 4 4 0.8447715277083195 
ch00_p4-pl2-sample12-sperm10.tif 4 4 0.9389112955980092 
ch00_p4-pl2-sample12-sperm9.tif 4 4 0.5645260194622099 
ch00_p4-pl2-sample13-sperm9.tif 4 2 0.726106534875189 
ch00_p4-pl2-sample15-sperm4.tif 4 4 0.9979733575726323 
ch00_p4-pl2-sample15-sperm6.tif 4 4 0.9881917303838733 
ch00_p4-pl2-sample16-sperm4.tif 4 4 0.8620674911680348 
ch00_p4-pl2-sample17-sperm4.tif 4 4 0.714193198594911 
ch00_p4-pl2-sample18-sperm2.tif 4 2 0.6410195494585251 
ch00_p4-pl2-sample18-sperm3.tif 4 4 0.8643470312829371 
ch00_p4-pl2-sample18-sperm5.tif 4 4 0.994879507180806 
ch00_p4-pl2-sample18-sperm6.tif 4 1 0.971544397664455 
ch00_p4-pl2-sample18-sperm9.tif 4 4 0.8676845013438609 
ch00_p4-pl2-sample19-sperm4.tif 4 4 0.8656537909099642 
ch00_p4-pl2-sample2-sperm3.tif 4 4 0.9747337471389522 
ch00_p4-pl2-sample2-sperm6.tif 4 4 0.9701806883705651 
ch00_p4-pl2-sample2-sperm7.tif 4 4 0.9536725808457946 
ch00_p4-pl2-sample20-sperm5.tif 4 4 0.9414758245063357 
ch00_p4-pl2-sample3-sperm3.tif 4 4 0.973395248862174 
ch00_p4-pl2-sample3-sperm5.tif 4 4 0.9965064311040317 
ch00_p4-pl2-sample4-sperm2.tif 4 4 0.6557660870425522 
ch00_p4-pl2-sample4-sperm4.tif 4 4 0.9856956324268901 
ch00_p4-pl2-sample4-sperm9.tif 4 4 0.755156585910556 
ch00_p4-pl2-sample5-sperm3.tif 4 2 0.767703091184156 
ch00_p4-pl2-sample5-sperm5.tif 4 4 0.9897178300176838 
ch00_p4-pl2-sample6-sperm2.tif 4 4 0.9466896434550799 
ch00_p4-pl2-sample6-sperm3.tif 4 4 0.7023280677056588 
ch00_p4-pl2-sample7-sperm4.tif 4 4 0.9967434444683765 
ch00_p4-pl2-sample7-sperm6.tif 4 4 0.9167517827586992 
ch00_p4-pl2-sample7-sperm8.tif 4 4 0.9242626189845106 
ch00_p4-pl2-sample7-sperm9.tif 4 4 0.9763811560361647 
ch00_p4-pl2-sample8-sperm1.tif 4 4 0.5325434956272297 
ch00_p4-pl2-sample8-sperm2.tif 4 4 0.9843605787634176 
ch00_p4-pl2-sample8-sperm9.tif 4 4 0.9389127715737386 
ch00_p4-pl2-sample9-sperm4.tif 4 4 0.9170996660274473 
ch00_p5-pl1-sample1-sperm6.tif 4 4 0.7483841229301664 
ch00_p5-pl1-sample14-sperm8.tif 4 4 0.7965808039302278 
ch00_p5-pl1-sample15-sperm4.tif 4 4 0.9695243736789406 
ch00_p5-pl1-sample15-sperm6.tif 4 4 0.9961271430004076 
ch00_p5-pl1-sample17-sperm10.tif 4 4 0.6504929156837256 
ch00_p5-pl1-sample17-sperm5.tif 4 4 0.9963180707371151 
ch00_p5-pl1-sample19-sperm13.tif 4 4 0.9849585967595131 
ch00_p5-pl1-sample2-sperm6.tif 4 4 0.9938675794547189 
ch00_p5-pl1-sample20-sperm6.tif 4 4 0.9867173260602901 
ch00_p5-pl1-sample3-sperm13.tif 4 4 0.9103812073175868 
ch00_p5-pl1-sample3-sperm17.tif 4 0 0.779689381909879 
ch00_p5-pl1-sample4-sperm7.tif 4 1 0.6823324323389272 
ch00_p5-pl1-sample5-sperm15.tif 4 3 0.7375145960356133 
ch00_p5-pl1-sample5-sperm18.tif 4 0 0.5712578154327452 
ch00_p5-pl1-sample5-sperm4.tif 4 4 0.7448090828189204 
ch00_p5-pl1-sample7-sperm5.tif 4 4 0.9597600457624121 
ch00_p5-pl1-sample9-sperm6.tif 4 0 0.8996539018380941 
