ch00_p1-pl2-sample10-sperm10.tif 0 4 0.8235184217663882 
ch00_p1-pl2-sample10-sperm4.tif 0 4 0.9952861399582819 
ch00_p1-pl2-sample3-sperm4.tif 0 4 0.8249639634493052 
ch00_p1-pl2-sample34-sperm9.tif 0 0 0.9905008787881991 
ch00_p1-pl2-sample4-sperm15.tif 0 1 0.9038657590271619 
ch00_p1-pl2-sample4-sperm20.tif 0 1 0.8329451664893454 
ch00_p1-pl2-sample8-sperm6.tif 0 0 0.5481810614893884 
ch00_p1-pl3-sample10-sperm2.tif 0 4 0.9932898920296035 
ch00_p1-pl3-sample17-sperm5.tif 0 0 0.9878463720814162 
ch00_p3-pl1-sample13-sperm2.tif 0 4 0.8235442181589656 
ch00_p3-pl1-sample2-sperm4.tif 0 4 0.6179797369036446 
ch00_p3-pl1-sample3-sperm4.tif 0 0 0.9741055443644445 
ch00_p3-pl1-sample30-sperm6.tif 0 4 0.9933071840287584 
ch00_p4-pl1-sample1-sperm13.tif 0 4 0.9999999996873943 
ch00_p4-pl1-sample1-sperm3.tif 0 4 0.8805895890560016 
ch00_p4-pl1-sample10-sperm7.tif 0 4 0.9369052269818258 
ch00_p4-pl1-sample13-sperm9.tif 0 4 0.9999999999894845 
ch00_p4-pl1-sample14-sperm1.tif 0 4 0.9999999357213588 
ch00_p4-pl1-sample14-sperm2.tif 0 0 0.9865993657598564 
ch00_p4-pl1-sample15-sperm6.tif 0 0 0.9892970275800346 
ch00_p4-pl1-sample17-sperm2.tif 0 4 0.9868622609667672 
ch00_p4-pl1-sample17-sperm9.tif 0 4 0.9999999996617801 
ch00_p4-pl1-sample19-sperm1.tif 0 1 0.4863829068392917 
ch00_p4-pl1-sample2-sperm11.tif 0 4 0.9935515736070631 
ch00_p4-pl1-sample20-sperm7.tif 0 4 0.9999999036231536 
ch00_p4-pl2-sample17-sperm5.tif 0 4 0.9999999975076016 
ch00_p4-pl2-sample5-sperm6.tif 0 4 0.9999999999998668 
ch00_p4-pl2-sample8-sperm5.tif 0 4 0.6743348866223561 
ch00_p5-pl1-sample15-sperm10.tif 0 4 0.9999999999989293 
ch00_p5-pl1-sample2-sperm9.tif 0 4 0.9999993438343355 
ch00_p1-pl2-sample10-sperm3.tif 1 1 0.9701771563929854 
ch00_p1-pl2-sample11-sperm12.tif 1 1 0.9783771654320711 
ch00_p1-pl2-sample11-sperm2.tif 1 1 0.9711479684903019 
ch00_p1-pl2-sample13-sperm6.tif 1 1 0.9590134081440439 
ch00_p1-pl2-sample13-sperm7.tif 1 4 0.9120340613084937 
ch00_p1-pl2-sample14-sperm13.tif 1 2 0.9917291354348051 
ch00_p1-pl2-sample17-sperm5.tif 1 1 0.9706052027759351 
ch00_p1-pl2-sample18-sperm10.tif 1 1 0.9799202872547107 
ch00_p1-pl2-sample18-sperm3.tif 1 1 0.8412936841547419 
ch00_p1-pl2-sample18-sperm5.tif 1 1 0.9784132577806168 
ch00_p1-pl2-sample19-sperm8.tif 1 3 0.561035134203279 
ch00_p1-pl2-sample21-sperm6.tif 1 1 0.8206191802246899 
ch00_p1-pl2-sample22-sperm3.tif 1 1 0.9328375357162152 
ch00_p1-pl2-sample22-sperm6.tif 1 0 0.8285081622219536 
ch00_p1-pl2-sample23-sperm10.tif 1 1 0.9582565584361933 
ch00_p1-pl2-sample23-sperm14.tif 1 0 0.6631146032943696 
ch00_p1-pl2-sample24-sperm6.tif 1 1 0.9704171003165653 
ch00_p1-pl2-sample24-sperm7.tif 1 1 0.968561186548227 
ch00_p1-pl2-sample26-sperm5.tif 1 1 0.9757621530389561 
ch00_p1-pl2-sample29-sperm5.tif 1 3 0.7351874153083547 
ch00_p1-pl2-sample3-sperm10.tif 1 1 0.9705114924298278 
ch00_p1-pl2-sample3-sperm3.tif 1 1 0.9703168470955754 
ch00_p1-pl2-sample30-sperm5.tif 1 1 0.9759203725778295 
ch00_p1-pl2-sample30-sperm7.tif 1 1 0.9485666274653701 
ch00_p1-pl2-sample31-sperm8.tif 1 1 0.9478678979303908 
ch00_p1-pl2-sample32-sperm2.tif 1 1 0.8735250753895448 
ch00_p1-pl2-sample32-sperm4.tif 1 1 0.9649403949470792 
ch00_p1-pl2-sample32-sperm6.tif 1 4 0.7873787121339048 
ch00_p1-pl2-sample33-sperm12.tif 1 1 0.9784237425407634 
ch00_p1-pl2-sample6-sperm11.tif 1 1 0.9531886810000407 
ch00_p1-pl2-sample7-sperm11.tif 1 1 0.9797225736504623 
ch00_p1-pl2-sample7-sperm9.tif 1 2 0.5166408475890794 
ch00_p1-pl2-sample8-sperm1.tif 1 4 0.9999997127076224 
ch00_p1-pl2-sample8-sperm2.tif 1 1 0.970582531437755 
ch00_p1-pl2-sample9-sperm12.tif 1 1 0.5983950005144761 
ch00_p1-pl2-sample9-sperm13.tif 1 1 0.909618262644335 
ch00_p1-pl3-sample13-sperm13.tif 1 1 0.5883891831157587 
ch00_p1-pl3-sample15-sperm6.tif 1 0 0.8152257751482271 
ch00_p1-pl3-sample18-sperm1.tif 1 1 0.8086271836989265 
ch00_p1-pl3-sample5-sperm2.tif 1 4 0.9668602307396574 
ch00_p1-pl3-sample7-sperm12.tif 1 1 0.9770813659976283 
ch00_p1-pl3-sample8-sperm10.tif 1 1 0.486377988344086 
ch00_p3-pl1-sample10-sperm6.tif 1 1 0.9735579771462622 
ch00_p3-pl1-sample12-sperm5.tif 1 1 0.9682359010673002 
ch00_p3-pl1-sample17-sperm3.tif 1 4 0.9813912411946373 
ch00_p3-pl1-sample18-sperm1.tif 1 1 0.9738693665870285 
ch00_p3-pl1-sample21-sperm6.tif 1 4 0.9908277609718156 
ch00_p3-pl1-sample22-sperm2.tif 1 1 0.9184498831944975 
ch00_p3-pl1-sample25-sperm11.tif 1 1 0.9685895085774324 
ch00_p3-pl1-sample27-sperm5.tif 1 1 0.9708457318617958 
ch00_p3-pl1-sample29-sperm5.tif 1 1 0.898888805583179 
ch00_p3-pl1-sample5-sperm6.tif 1 1 0.9757819693303547 
ch00_p4-pl1-sample1-sperm5.tif 1 1 0.8012355358398056 
ch00_p4-pl1-sample16-sperm6.tif 1 4 0.9701922048225993 
ch00_p4-pl1-sample17-sperm3.tif 1 1 0.9714462297935006 
ch00_p4-pl1-sample19-sperm3.tif 1 4 0.999999999540542 
ch00_p4-pl1-sample4-sperm2.tif 1 2 0.857682008561828 
ch00_p4-pl1-sample9-sperm16.tif 1 1 0.9640013354494423 
ch00_p4-pl2-sample10-sperm2.tif 1 1 0.5634654621944565 
ch00_p4-pl2-sample4-sperm3.tif 1 4 0.9674055156626656 
ch00_p5-pl1-sample1-sperm9.tif 1 1 0.9707738163874345 
ch00_p5-pl1-sample16-sperm7.tif 1 1 0.9713446824361855 
ch00_p5-pl1-sample19-sperm11.tif 1 1 0.9758952628559687 
ch00_p5-pl1-sample2-sperm2.tif 1 1 0.8629408747500253 
ch00_p5-pl1-sample4-sperm9.tif 1 4 0.6817869924959692 
ch00_p5-pl1-sample6-sperm13.tif 1 1 0.9744990642252613 
ch00_p5-pl1-sample8-sperm2.tif 1 4 0.9690208645064016 
ch00_p5-pl1-sample8-sperm5.tif 1 1 0.9647110328220285 
ch00_p1-pl2-sample2-sperm15.tif 2 2 0.43474547548759 
ch00_p1-pl2-sample2-sperm6.tif 2 1 0.956249683007764 
ch00_p1-pl2-sample2-sperm9.tif 2 2 0.9845672694539032 
ch00_p1-pl2-sample23-sperm9.tif 2 0 0.5168012571802797 
ch00_p1-pl2-sample27-sperm7.tif 2 2 0.996917504043231 
ch00_p1-pl2-sample31-sperm2.tif 2 1 0.9063444389949222 
ch00_p1-pl3-sample1-sperm9.tif 2 1 0.9648790040771821 
ch00_p1-pl3-sample11-sperm6.tif 2 2 0.9598070149519804 
ch00_p1-pl3-sample11-sperm7.tif 2 1 0.48580020498744264 
ch00_p1-pl3-sample20-sperm4.tif 2 2 0.9951130877855036 
ch00_p1-pl3-sample22-sperm11.tif 2 2 0.5784254940670993 
ch00_p1-pl3-sample6-sperm2.tif 2 1 0.8275281566868106 
ch00_p1-pl3-sample9-sperm4.tif 2 2 0.9931544730327492 
ch00_p4-pl1-sample12-sperm4.tif 2 2 0.6075542483557671 
ch00_p4-pl1-sample13-sperm4.tif 2 2 0.9678252535757036 
ch00_p4-pl1-sample14-sperm10.tif 2 2 0.43594246713601503 
ch00_p4-pl1-sample17-sperm8.tif 2 1 0.8163801085527469 
ch00_p4-pl1-sample19-sperm7.tif 2 4 0.9427895210809669 
ch00_p4-pl1-sample3-sperm10.tif 2 1 0.9363947399738104 
ch00_p4-pl1-sample4-sperm15.tif 2 1 0.9215513664618389 
ch00_p4-pl2-sample17-sperm6.tif 2 2 0.6665051560120745 
ch00_p4-pl2-sample4-sperm11.tif 2 2 0.9189620609540535 
ch00_p1-pl2-sample15-sperm6.tif 3 4 0.9219172553298445 
ch00_p1-pl2-sample22-sperm2.tif 3 3 0.9727435478526198 
ch00_p1-pl2-sample23-sperm11.tif 3 4 0.9946565888639419 
ch00_p1-pl2-sample23-sperm8.tif 3 3 0.8977576242395664 
ch00_p1-pl2-sample24-sperm3.tif 3 4 0.8226838466362453 
ch00_p1-pl2-sample25-sperm9.tif 3 4 0.9999999890774351 
ch00_p1-pl2-sample27-sperm1.tif 3 0 0.988153934526078 
ch00_p1-pl2-sample5-sperm4.tif 3 4 0.9930924995837396 
ch00_p1-pl2-sample5-sperm6.tif 3 3 0.3975936378935976 
ch00_p1-pl3-sample13-sperm12.tif 3 4 0.999995387312287 
ch00_p1-pl3-sample20-sperm9.tif 3 3 0.9533702033962524 
ch00_p1-pl3-sample23-sperm16.tif 3 1 0.690447253586671 
ch00_p1-pl3-sample24-sperm1.tif 3 3 0.987142755409993 
ch00_p1-pl3-sample25-sperm14.tif 3 3 0.9950059281552341 
ch00_p1-pl3-sample4-sperm4.tif 3 3 0.9925601426740411 
ch00_p1-pl3-sample5-sperm10.tif 3 1 0.8426132381802338 
ch00_p3-pl1-sample1-sperm3.tif 3 4 0.9281663706531034 
ch00_p3-pl1-sample30-sperm1.tif 3 4 0.6119848700750453 
ch00_p3-pl1-sample31-sperm3.tif 3 3 0.9853262240928622 
ch00_p4-pl2-sample8-sperm4.tif 3 4 0.9823267977438143 
ch00_p5-pl1-sample10-sperm3.tif 3 3 0.5836507012899459 
ch00_p1-pl2-sample10-sperm15.tif 4 4 0.40511633481107245 
ch00_p1-pl2-sample13-sperm1.tif 4 4 0.999999999968397 
ch00_p1-pl2-sample14-sperm2.tif 4 4 0.7765997103162953 
ch00_p1-pl2-sample14-sperm4.tif 4 4 0.9555420948974425 
ch00_p1-pl2-sample16-sperm7.tif 4 4 0.9999995451255416 
ch00_p1-pl2-sample17-sperm2.tif 4 1 0.9716285376598774 
ch00_p1-pl2-sample17-sperm3.tif 4 4 0.3683917711748153 
ch00_p1-pl2-sample18-sperm2.tif 4 4 0.9999999997140198 
ch00_p1-pl2-sample18-sperm6.tif 4 4 0.43120236314705573 
ch00_p1-pl2-sample2-sperm16.tif 4 0 0.6062993090995576 
ch00_p1-pl2-sample2-sperm8.tif 4 4 0.9999999858366201 
ch00_p1-pl2-sample23-sperm13.tif 4 4 0.9977913358171182 
ch00_p1-pl2-sample24-sperm12.tif 4 4 0.8400766629442155 
ch00_p1-pl2-sample24-sperm13.tif 4 4 0.9999984288099124 
ch00_p1-pl2-sample26-sperm3.tif 4 4 0.9925423690216026 
ch00_p1-pl2-sample27-sperm5.tif 4 4 0.9968903867839619 
ch00_p1-pl2-sample27-sperm8.tif 4 1 0.8145711087456774 
ch00_p1-pl2-sample28-sperm1.tif 4 1 0.5843963984959882 
ch00_p1-pl2-sample29-sperm1.tif 4 4 0.9999999999998465 
ch00_p1-pl2-sample3-sperm1.tif 4 4 0.9999999596580623 
ch00_p1-pl2-sample3-sperm15.tif 4 4 0.6466671439076289 
ch00_p1-pl2-sample3-sperm6.tif 4 2 0.802647449805998 
ch00_p1-pl2-sample31-sperm12.tif 4 4 0.9999987899267408 
ch00_p1-pl2-sample31-sperm6.tif 4 1 0.9077319298362898 
ch00_p1-pl2-sample32-sperm1.tif 4 1 0.8753238578977722 
ch00_p1-pl2-sample32-sperm5.tif 4 4 0.541864482609419 
ch00_p1-pl2-sample33-sperm10.tif 4 4 0.8604171327238599 
ch00_p1-pl2-sample33-sperm2.tif 4 4 0.9999996713138314 
ch00_p1-pl2-sample33-sperm3.tif 4 4 0.9999998351994553 
ch00_p1-pl2-sample34-sperm10.tif 4 4 0.9405713490218778 
ch00_p1-pl2-sample34-sperm12.tif 4 4 0.6525290581808111 
ch00_p1-pl2-sample34-sperm7.tif 4 4 0.9999993186851095 
ch00_p1-pl2-sample35-sperm10.tif 4 1 0.9752411583151775 
ch00_p1-pl2-sample35-sperm12.tif 4 4 0.9999999985540738 
ch00_p1-pl2-sample35-sperm8.tif 4 4 0.6011893596036251 
ch00_p1-pl2-sample4-sperm16.tif 4 1 0.9681306564329416 
ch00_p1-pl2-sample7-sperm5.tif 4 4 0.9970538272393362 
ch00_p1-pl3-sample10-sperm1.tif 4 4 0.9983324011867286 
ch00_p1-pl3-sample12-sperm17.tif 4 4 0.896895308348652 
ch00_p1-pl3-sample12-sperm3.tif 4 1 0.9115408137631306 
ch00_p1-pl3-sample12-sperm6.tif 4 4 0.9999990209012547 
ch00_p1-pl3-sample12-sperm8.tif 4 2 0.56484906466244 
ch00_p1-pl3-sample13-sperm9.tif 4 4 0.9680942066791295 
ch00_p1-pl3-sample14-sperm1.tif 4 2 0.7300475069578399 
ch00_p1-pl3-sample14-sperm11.tif 4 3 0.8995614592191845 
ch00_p1-pl3-sample15-sperm2.tif 4 4 0.9999999999998644 
ch00_p1-pl3-sample15-sperm20.tif 4 4 0.997037309132315 
ch00_p1-pl3-sample17-sperm11.tif 4 1 0.959887198037358 
ch00_p1-pl3-sample17-sperm2.tif 4 1 0.6128514574548803 
ch00_p1-pl3-sample17-sperm7.tif 4 4 0.9723883094503653 
ch00_p1-pl3-sample19-sperm1.tif 4 4 0.9999999940302577 
ch00_p1-pl3-sample19-sperm8.tif 4 4 0.986027826346185 
ch00_p1-pl3-sample2-sperm12.tif 4 2 0.9653576177671381 
ch00_p1-pl3-sample20-sperm12.tif 4 4 0.9973079062332069 
ch00_p1-pl3-sample20-sperm8.tif 4 4 0.9999999999997937 
ch00_p1-pl3-sample21-sperm9.tif 4 4 0.9999999640236382 
ch00_p1-pl3-sample23-sperm11.tif 4 2 0.7512952450700545 
ch00_p1-pl3-sample24-sperm11.tif 4 4 0.9852801681307727 
ch00_p1-pl3-sample24-sperm13.tif 4 4 0.9999997695912559 
ch00_p1-pl3-sample24-sperm14.tif 4 2 0.9219745137082905 
ch00_p1-pl3-sample24-sperm21.tif 4 4 0.9999987627546726 
ch00_p1-pl3-sample24-sperm24.tif 4 4 0.58617936068942 
ch00_p1-pl3-sample24-sperm5.tif 4 4 0.9999999972954742 
ch00_p1-pl3-sample24-sperm9.tif 4 2 0.9699774905748212 
ch00_p1-pl3-sample25-sperm10.tif 4 1 0.7310753146906646 
ch00_p1-pl3-sample25-sperm3.tif 4 2 0.7652253713992664 
ch00_p1-pl3-sample25-sperm4.tif 4 2 0.7239595614777039 
ch00_p1-pl3-sample25-sperm8.tif 4 0 0.8221575236590306 
ch00_p1-pl3-sample3-sperm8.tif 4 4 0.9999996891711946 
ch00_p1-pl3-sample4-sperm3.tif 4 3 0.9831749279063489 
ch00_p1-pl3-sample6-sperm3.tif 4 1 0.9667618064784389 
ch00_p1-pl3-sample6-sperm6.tif 4 4 0.9866556936134759 
ch00_p1-pl3-sample7-sperm14.tif 4 4 0.9881018437937427 
ch00_p1-pl3-sample7-sperm3.tif 4 4 0.9829402669448328 
ch00_p1-pl3-sample8-sperm11.tif 4 1 0.9668459824337978 
ch00_p1-pl3-sample8-sperm6.tif 4 4 0.9999994706388861 
ch00_p1-pl3-sample9-sperm14.tif 4 4 0.9999999999522978 
ch00_p1-pl3-sample9-sperm8.tif 4 4 0.5150553120481773 
ch00_p3-pl1-sample10-sperm4.tif 4 4 0.9586622913365614 
ch00_p3-pl1-sample11-sperm1.tif 4 4 0.999999999981561 
ch00_p3-pl1-sample11-sperm5.tif 4 4 0.9989693923906806 
ch00_p3-pl1-sample11-sperm6.tif 4 4 0.9948557804242248 
ch00_p3-pl1-sample12-sperm6.tif 4 1 0.9489198449548483 
ch00_p3-pl1-sample13-sperm6.tif 4 4 0.997039088186175 
ch00_p3-pl1-sample16-sperm3.tif 4 4 0.9999999999064494 
ch00_p3-pl1-sample16-sperm5.tif 4 0 0.5045884941247551 
ch00_p3-pl1-sample18-sperm2.tif 4 4 0.8959829295001378 
ch00_p3-pl1-sample19-sperm4.tif 4 4 0.9999978703372908 
ch00_p3-pl1-sample19-sperm8.tif 4 4 0.9999999992883896 
ch00_p3-pl1-sample20-sperm1.tif 4 1 0.9654746859369938 
ch00_p3-pl1-sample22-sperm8.tif 4 0 0.9807152251199365 
ch00_p3-pl1-sample25-sperm2.tif 4 4 0.9999999863944918 
ch00_p3-pl1-sample25-sperm5.tif 4 4 0.9999999999998865 
ch00_p3-pl1-sample26-sperm1.tif 4 4 0.999999944383408 
ch00_p3-pl1-sample29-sperm8.tif 4 4 0.8521476380419731 
ch00_p3-pl1-sample29-sperm9.tif 4 4 0.9999999522406979 
ch00_p3-pl1-sample3-sperm6.tif 4 4 0.7359180116070546 
ch00_p3-pl1-sample31-sperm2.tif 4 1 0.9075547674133728 
ch00_p3-pl1-sample31-sperm7.tif 4 4 0.9999999948423397 
ch00_p3-pl1-sample32-sperm6.tif 4 1 0.9385007560505056 
ch00_p3-pl1-sample4-sperm1.tif 4 1 0.7810631017496072 
ch00_p3-pl1-sample4-sperm5.tif 4 4 0.9055391870215665 
ch00_p3-pl1-sample7-sperm1.tif 4 4 0.985567644189459 
ch00_p3-pl1-sample7-sperm11.tif 4 4 0.9999999999997274 
ch00_p3-pl1-sample7-sperm6.tif 4 4 0.9211001701570687 
ch00_p3-pl1-sample9-sperm9.tif 4 1 0.8444116194693757 
ch00_p4-pl1-sample1-sperm9.tif 4 0 0.9005692739385002 
ch00_p4-pl1-sample10-sperm11.tif 4 1 0.6984298663629218 
ch00_p4-pl1-sample10-sperm15.tif 4 4 0.7304171120687992 
ch00_p4-pl1-sample10-sperm20.tif 4 4 0.8272667231640297 
ch00_p4-pl1-sample10-sperm22.tif 4 1 0.9064989095891909 
ch00_p4-pl1-sample10-sperm6.tif 4 3 0.9990808566036126 
ch00_p4-pl1-sample11-sperm12.tif 4 4 0.9945534534704549 
ch00_p4-pl1-sample11-sperm8.tif 4 0 0.9988061347157402 
ch00_p4-pl1-sample12-sperm11.tif 4 1 0.5793264070344973 
ch00_p4-pl1-sample12-sperm3.tif 4 4 0.7491239143960532 
ch00_p4-pl1-sample12-sperm6.tif 4 4 0.9999999999998821 
ch00_p4-pl1-sample12-sperm8.tif 4 4 0.9809313735174199 
ch00_p4-pl1-sample12-sperm9.tif 4 4 0.999998687863587 
ch00_p4-pl1-sample13-sperm2.tif 4 1 0.7213140620635465 
ch00_p4-pl1-sample13-sperm7.tif 4 4 0.9929437093791497 
ch00_p4-pl1-sample16-sperm13.tif 4 4 0.4333801179078064 
ch00_p4-pl1-sample17-sperm10.tif 4 0 0.946560106777581 
ch00_p4-pl1-sample2-sperm1.tif 4 1 0.8686466368855655 
ch00_p4-pl1-sample2-sperm12.tif 4 4 0.9972541993512382 
ch00_p4-pl1-sample2-sperm5.tif 4 2 0.8078534621862621 
ch00_p4-pl1-sample20-sperm6.tif 4 1 0.9656693279501518 
ch00_p4-pl1-sample5-sperm9.tif 4 4 0.9443206322072412 
ch00_p4-pl1-sample6-sperm3.tif 4 3 0.861671023437366 
ch00_p4-pl1-sample6-sperm4.tif 4 4 0.8921664683025727 
ch00_p4-pl1-sample7-sperm12.tif 4 3 0.9545506376011119 
ch00_p4-pl1-sample7-sperm2.tif 4 4 0.9999972635109835 
ch00_p4-pl1-sample7-sperm3.tif 4 2 0.5444091704478952 
ch00_p4-pl1-sample7-sperm4.tif 4 0 0.9933033183301806 
ch00_p4-pl1-sample7-sperm8.tif 4 4 0.9965177721950884 
ch00_p4-pl1-sample8-sperm10.tif 4 2 0.9998592607737891 
ch00_p4-pl1-sample8-sperm6.tif 4 2 0.4674541585273962 
ch00_p4-pl1-sample9-sperm11.tif 4 4 0.5234009970466424 
ch00_p4-pl1-sample9-sperm15.tif 4 4 0.4749361313727294 
ch00_p4-pl1-sample9-sperm6.tif 4 3 0.919415555740575 
ch00_p4-pl2-sample10-sperm1.tif 4 0 0.993309165380472 
ch00_p4-pl2-sample10-sperm11.tif 4 4 0.9999999999905144 
ch00_p4-pl2-sample10-sperm12.tif 4 4 0.9999999999998161 
ch00_p4-pl2-sample10-sperm8.tif 4 4 0.7430374670465871 
ch00_p4-pl2-sample12-sperm1.tif 4 4 0.9630794489948076 
ch00_p4-pl2-sample12-sperm10.tif 4 4 0.7354840284706883 
ch00_p4-pl2-sample12-sperm9.tif 4 1 0.36786280155866563 
ch00_p4-pl2-sample13-sperm9.tif 4 4 0.9999998276864553 
ch00_p4-pl2-sample15-sperm4.tif 4 4 0.34173805102733057 
ch00_p4-pl2-sample15-sperm6.tif 4 4 0.8259455470491642 
ch00_p4-pl2-sample16-sperm4.tif 4 1 0.65459146096635 
ch00_p4-pl2-sample17-sperm4.tif 4 4 0.9999999999998922 
ch00_p4-pl2-sample18-sperm2.tif 4 1 0.9440338161509338 
ch00_p4-pl2-sample18-sperm3.tif 4 4 0.9999999386055358 
ch00_p4-pl2-sample18-sperm5.tif 4 4 0.9999999805076211 
ch00_p4-pl2-sample18-sperm6.tif 4 4 0.9999999942320534 
ch00_p4-pl2-sample18-sperm9.tif 4 0 0.9966813868197275 
ch00_p4-pl2-sample19-sperm4.tif 4 4 0.9714679500834531 
ch00_p4-pl2-sample2-sperm3.tif 4 2 0.5017031480244208 
ch00_p4-pl2-sample2-sperm6.tif 4 4 0.9999999999998448 
ch00_p4-pl2-sample2-sperm7.tif 4 4 0.9999999999996229 
ch00_p4-pl2-sample20-sperm5.tif 4 4 0.9999999999879139 
ch00_p4-pl2-sample3-sperm3.tif 4 4 0.9999999999685839 
ch00_p4-pl2-sample3-sperm5.tif 4 4 0.9999999999997282 
ch00_p4-pl2-sample4-sperm2.tif 4 4 0.9999999986512037 
ch00_p4-pl2-sample4-sperm4.tif 4 4 0.99999999999989 
ch00_p4-pl2-sample4-sperm9.tif 4 4 0.6527103383203593 
ch00_p4-pl2-sample5-sperm3.tif 4 4 0.9909192665444047 
ch00_p4-pl2-sample5-sperm5.tif 4 3 0.26797559006943555 
ch00_p4-pl2-sample6-sperm2.tif 4 4 0.9665478021952816 
ch00_p4-pl2-sample6-sperm3.tif 4 4 0.9999999999998536 
ch00_p4-pl2-sample7-sperm4.tif 4 4 0.9999999999998516 
ch00_p4-pl2-sample7-sperm6.tif 4 4 0.5717987116345625 
ch00_p4-pl2-sample7-sperm8.tif 4 4 0.9972897200753996 
ch00_p4-pl2-sample7-sperm9.tif 4 4 0.9629423014322412 
ch00_p4-pl2-sample8-sperm1.tif 4 4 0.9999999999998506 
ch00_p4-pl2-sample8-sperm2.tif 4 4 0.9899391032021391 
ch00_p4-pl2-sample8-sperm9.tif 4 4 0.9999999999902242 
ch00_p4-pl2-sample9-sperm4.tif 4 4 0.9999999999998832 
ch00_p5-pl1-sample1-sperm6.tif 4 4 0.8897796891859231 
ch00_p5-pl1-sample14-sperm8.tif 4 4 0.9999999774689237 
ch00_p5-pl1-sample15-sperm4.tif 4 4 0.9999999959744654 
ch00_p5-pl1-sample15-sperm6.tif 4 4 0.9999999996450042 
ch00_p5-pl1-sample17-sperm10.tif 4 4 0.7756281041014255 
ch00_p5-pl1-sample17-sperm5.tif 4 4 0.9999999999986593 
ch00_p5-pl1-sample19-sperm13.tif 4 4 0.9999999999496801 
ch00_p5-pl1-sample2-sperm6.tif 4 4 0.9999999997106199 
ch00_p5-pl1-sample20-sperm6.tif 4 4 0.9972790907615051 
ch00_p5-pl1-sample3-sperm13.tif 4 4 0.9999972557944026 
ch00_p5-pl1-sample3-sperm17.tif 4 1 0.9532741526245299 
ch00_p5-pl1-sample4-sperm7.tif 4 4 0.9999996696592605 
ch00_p5-pl1-sample5-sperm15.tif 4 4 0.8054464829275295 
ch00_p5-pl1-sample5-sperm18.tif 4 0 0.4310003319801764 
ch00_p5-pl1-sample5-sperm4.tif 4 1 0.8510847168486344 
ch00_p5-pl1-sample7-sperm5.tif 4 4 0.9999971912120436 
ch00_p5-pl1-sample9-sperm6.tif 4 4 0.959482466427774 
