ch00_p1-pl2-sample1-sperm10.tif 0 0 0.9907345993434847 
ch00_p1-pl2-sample1-sperm3.tif 0 0 0.9887863141971215 
ch00_p1-pl2-sample1-sperm5.tif 0 3 0.5872819682641516 
ch00_p1-pl2-sample10-sperm1.tif 0 1 0.9989713568435616 
ch00_p1-pl2-sample10-sperm4.tif 0 0 0.8991544096842129 
ch00_p1-pl2-sample25-sperm4.tif 0 0 0.8766031759161179 
ch00_p1-pl2-sample35-sperm1.tif 0 0 0.7082834938954388 
ch00_p1-pl2-sample5-sperm3.tif 0 4 0.9922868940288992 
ch00_p1-pl2-sample8-sperm6.tif 0 0 0.9915261206570355 
ch00_p1-pl2-sample9-sperm7.tif 0 0 0.9600972240705249 
ch00_p1-pl2-sample9-sperm9.tif 0 4 0.7230935050344435 
ch00_p1-pl3-sample1-sperm17.tif 0 0 0.924332427150921 
ch00_p1-pl3-sample16-sperm7.tif 0 0 0.9856561419265126 
ch00_p1-pl3-sample20-sperm6.tif 0 4 0.8824299784305977 
ch00_p3-pl1-sample1-sperm1.tif 0 0 0.5273791566880155 
ch00_p3-pl1-sample19-sperm2.tif 0 4 0.6934589701516212 
ch00_p3-pl1-sample2-sperm4.tif 0 0 0.9904410732460428 
ch00_p3-pl1-sample25-sperm13.tif 0 4 0.7468064604140193 
ch00_p3-pl1-sample3-sperm4.tif 0 4 0.9242201334699527 
ch00_p3-pl1-sample4-sperm4.tif 0 3 0.4321599259586217 
ch00_p4-pl1-sample15-sperm6.tif 0 0 0.9087442908483458 
ch00_p4-pl1-sample18-sperm4.tif 0 4 0.9584541097926738 
ch00_p4-pl1-sample2-sperm4.tif 0 4 0.9205863125987156 
ch00_p4-pl1-sample6-sperm1.tif 0 0 0.9910174802641085 
ch00_p4-pl1-sample9-sperm5.tif 0 4 0.858298606601676 
ch00_p4-pl2-sample13-sperm1.tif 0 4 0.6994763834490231 
ch00_p4-pl2-sample16-sperm9.tif 0 4 0.6488760000530374 
ch00_p5-pl1-sample15-sperm10.tif 0 4 0.9984490945799531 
ch00_p5-pl1-sample2-sperm9.tif 0 4 0.696777209995533 
ch00_p5-pl1-sample5-sperm3.tif 0 4 0.9673861338674666 
ch00_p1-pl2-sample11-sperm12.tif 1 1 0.998815364311059 
ch00_p1-pl2-sample13-sperm10.tif 1 1 0.9990124674805235 
ch00_p1-pl2-sample13-sperm18.tif 1 1 0.999053523598412 
ch00_p1-pl2-sample18-sperm1.tif 1 4 0.9416731665317312 
ch00_p1-pl2-sample18-sperm5.tif 1 1 0.9992207197722844 
ch00_p1-pl2-sample19-sperm14.tif 1 2 0.43488503758265695 
ch00_p1-pl2-sample19-sperm8.tif 1 0 0.9907920313672056 
ch00_p1-pl2-sample19-sperm9.tif 1 1 0.9824466937171618 
ch00_p1-pl2-sample2-sperm12.tif 1 1 0.7800456068126893 
ch00_p1-pl2-sample2-sperm3.tif 1 4 0.9942369028606375 
ch00_p1-pl2-sample2-sperm4.tif 1 4 0.9980629339626544 
ch00_p1-pl2-sample21-sperm3.tif 1 1 0.9955115604225617 
ch00_p1-pl2-sample21-sperm6.tif 1 4 0.9861950169638354 
ch00_p1-pl2-sample22-sperm3.tif 1 4 0.909501791895093 
ch00_p1-pl2-sample23-sperm10.tif 1 1 0.9272596440957747 
ch00_p1-pl2-sample25-sperm8.tif 1 1 0.9808658272936688 
ch00_p1-pl2-sample29-sperm5.tif 1 4 0.5352940192108383 
ch00_p1-pl2-sample3-sperm17.tif 1 1 0.8643669368852264 
ch00_p1-pl2-sample32-sperm10.tif 1 1 0.9652530706453306 
ch00_p1-pl2-sample4-sperm17.tif 1 2 0.9060972000928735 
ch00_p1-pl2-sample6-sperm4.tif 1 1 0.999226646046355 
ch00_p1-pl2-sample7-sperm2.tif 1 1 0.6013181377339657 
ch00_p1-pl2-sample8-sperm3.tif 1 1 0.987452932230619 
ch00_p1-pl2-sample9-sperm11.tif 1 1 0.999501249757303 
ch00_p1-pl2-sample9-sperm12.tif 1 2 0.7838325246430343 
ch00_p1-pl3-sample10-sperm4.tif 1 1 0.8135690248747485 
ch00_p1-pl3-sample10-sperm6.tif 1 1 0.9869586291515048 
ch00_p1-pl3-sample11-sperm10.tif 1 1 0.9894122534488063 
ch00_p1-pl3-sample14-sperm8.tif 1 1 0.8897946072518935 
ch00_p1-pl3-sample16-sperm14.tif 1 4 0.9144796736854949 
ch00_p1-pl3-sample18-sperm3.tif 1 1 0.9525036638625043 
ch00_p1-pl3-sample19-sperm4.tif 1 4 0.5302134588415301 
ch00_p1-pl3-sample24-sperm2.tif 1 4 0.7151080284045378 
ch00_p1-pl3-sample6-sperm16.tif 1 4 0.9929674874487867 
ch00_p1-pl3-sample7-sperm10.tif 1 1 0.9968473923429598 
ch00_p1-pl3-sample9-sperm13.tif 1 1 0.9978573206866713 
ch00_p3-pl1-sample14-sperm2.tif 1 4 0.9999999563271079 
ch00_p3-pl1-sample18-sperm3.tif 1 1 0.9984123258648657 
ch00_p3-pl1-sample19-sperm5.tif 1 1 0.9992802031123004 
ch00_p3-pl1-sample2-sperm7.tif 1 1 0.9995852206335152 
ch00_p3-pl1-sample22-sperm2.tif 1 1 0.9922595177526906 
ch00_p3-pl1-sample23-sperm11.tif 1 4 0.9657996700630738 
ch00_p3-pl1-sample26-sperm2.tif 1 4 0.9999991646691454 
ch00_p3-pl1-sample28-sperm7.tif 1 1 0.9952924679302442 
ch00_p3-pl1-sample3-sperm7.tif 1 1 0.987003231710305 
ch00_p3-pl1-sample31-sperm6.tif 1 1 0.9895303277736035 
ch00_p3-pl1-sample32-sperm5.tif 1 1 0.9984613980037008 
ch00_p3-pl1-sample4-sperm2.tif 1 1 0.9872437643273241 
ch00_p3-pl1-sample6-sperm5.tif 1 1 0.9856454225276633 
ch00_p4-pl1-sample1-sperm11.tif 1 1 0.7914334586972196 
ch00_p4-pl1-sample1-sperm4.tif 1 1 0.9661816835725053 
ch00_p4-pl1-sample10-sperm18.tif 1 1 0.9977264519559158 
ch00_p4-pl1-sample3-sperm8.tif 1 2 0.9746221968496749 
ch00_p4-pl1-sample6-sperm5.tif 1 4 0.5697259626245558 
ch00_p4-pl1-sample8-sperm14.tif 1 4 0.9847514629161651 
ch00_p4-pl1-sample9-sperm13.tif 1 4 0.7136535247559543 
ch00_p4-pl2-sample1-sperm6.tif 1 1 0.6768639939955368 
ch00_p4-pl2-sample5-sperm7.tif 1 1 0.9982035752865271 
ch00_p4-pl2-sample7-sperm11.tif 1 4 0.9987721156384881 
ch00_p5-pl1-sample11-sperm5.tif 1 4 0.7603234268810145 
ch00_p5-pl1-sample12-sperm17.tif 1 4 0.9646656301142261 
ch00_p5-pl1-sample14-sperm1.tif 1 1 0.5897919283025037 
ch00_p5-pl1-sample17-sperm15.tif 1 1 0.9864130123606626 
ch00_p5-pl1-sample2-sperm2.tif 1 4 0.9901109478080932 
ch00_p5-pl1-sample20-sperm11.tif 1 1 0.9940839904903654 
ch00_p5-pl1-sample20-sperm3.tif 1 1 0.7916994284261819 
ch00_p5-pl1-sample20-sperm9.tif 1 1 0.9989653932835174 
ch00_p5-pl1-sample7-sperm6.tif 1 4 0.9987650316216384 
ch00_p1-pl2-sample17-sperm12.tif 2 4 0.9712341494497149 
ch00_p1-pl2-sample2-sperm15.tif 2 4 0.9938989717180123 
ch00_p1-pl2-sample34-sperm5.tif 2 2 0.919221754594787 
ch00_p1-pl2-sample35-sperm6.tif 2 2 0.9162683308787896 
ch00_p1-pl3-sample10-sperm5.tif 2 4 0.8987493949474397 
ch00_p1-pl3-sample12-sperm12.tif 2 1 0.8636103838690562 
ch00_p1-pl3-sample15-sperm14.tif 2 4 0.9195156114096699 
ch00_p1-pl3-sample17-sperm9.tif 2 2 0.9986664701695543 
ch00_p1-pl3-sample5-sperm12.tif 2 4 0.9964419961555769 
ch00_p1-pl3-sample7-sperm13.tif 2 2 0.8431704878654211 
ch00_p3-pl1-sample25-sperm7.tif 2 1 0.8575325732018847 
ch00_p3-pl1-sample29-sperm10.tif 2 4 0.9806274184279634 
ch00_p4-pl1-sample12-sperm15.tif 2 2 0.6584464080484598 
ch00_p4-pl1-sample16-sperm4.tif 2 4 0.9967329898028401 
ch00_p4-pl1-sample17-sperm4.tif 2 1 0.41456423363850997 
ch00_p4-pl1-sample19-sperm7.tif 2 4 0.8033332638931246 
ch00_p4-pl1-sample2-sperm8.tif 2 4 0.964104066455189 
ch00_p4-pl1-sample4-sperm6.tif 2 1 0.3569176329855997 
ch00_p4-pl1-sample6-sperm2.tif 2 4 0.9544740514430397 
ch00_p4-pl1-sample7-sperm15.tif 2 1 0.5403124618203048 
ch00_p4-pl2-sample3-sperm10.tif 2 4 0.7916525255215319 
ch00_p4-pl2-sample4-sperm11.tif 2 2 0.9171651286871956 
ch00_p1-pl2-sample11-sperm3.tif 3 3 0.9984683583693803 
ch00_p1-pl2-sample17-sperm6.tif 3 4 0.9375554650151144 
ch00_p1-pl2-sample21-sperm5.tif 3 0 0.9898856976254718 
ch00_p1-pl2-sample22-sperm2.tif 3 3 0.9645569318874107 
ch00_p1-pl2-sample5-sperm4.tif 3 3 0.8583308821026072 
ch00_p1-pl2-sample7-sperm4.tif 3 0 0.8937575345888801 
ch00_p1-pl3-sample15-sperm11.tif 3 4 0.6150133476640336 
ch00_p1-pl3-sample16-sperm11.tif 3 3 0.9861871116465021 
ch00_p1-pl3-sample23-sperm15.tif 3 4 0.9999979728051641 
ch00_p1-pl3-sample25-sperm14.tif 3 3 0.999817517123221 
ch00_p1-pl3-sample4-sperm4.tif 3 4 0.9915832269914281 
ch00_p1-pl3-sample9-sperm9.tif 3 4 0.5702603499369743 
ch00_p3-pl1-sample30-sperm1.tif 3 3 0.9990368428187087 
ch00_p3-pl1-sample31-sperm3.tif 3 4 0.9999994965217076 
ch00_p4-pl1-sample10-sperm2.tif 3 4 0.9984410678778093 
ch00_p4-pl1-sample20-sperm4.tif 3 4 0.8591739314552235 
ch00_p4-pl1-sample20-sperm8.tif 3 3 0.9979276189248657 
ch00_p4-pl2-sample12-sperm8.tif 3 3 0.9807021276683144 
ch00_p4-pl2-sample8-sperm3.tif 3 4 0.5415892200665795 
ch00_p5-pl1-sample10-sperm3.tif 3 3 0.9945114152402488 
ch00_p5-pl1-sample18-sperm1.tif 3 4 0.9379016860745432 
ch00_p1-pl2-sample1-sperm4.tif 4 1 0.8345659283532053 
ch00_p1-pl2-sample10-sperm12.tif 4 0 0.5235082526551468 
ch00_p1-pl2-sample11-sperm9.tif 4 4 0.9908405402850707 
ch00_p1-pl2-sample12-sperm1.tif 4 2 0.9961906888363027 
ch00_p1-pl2-sample12-sperm8.tif 4 4 0.9977837862789933 
ch00_p1-pl2-sample13-sperm1.tif 4 4 0.5730831213224044 
ch00_p1-pl2-sample13-sperm14.tif 4 4 0.9935246073309635 
ch00_p1-pl2-sample13-sperm5.tif 4 4 0.9940882467878357 
ch00_p1-pl2-sample14-sperm11.tif 4 4 0.9978071247913464 
ch00_p1-pl2-sample14-sperm2.tif 4 0 0.6085175206528101 
ch00_p1-pl2-sample2-sperm11.tif 4 4 0.9956592506281967 
ch00_p1-pl2-sample2-sperm17.tif 4 0 0.9918936482488462 
ch00_p1-pl2-sample20-sperm2.tif 4 4 0.9895098160815705 
ch00_p1-pl2-sample20-sperm5.tif 4 4 0.9966623783618095 
ch00_p1-pl2-sample22-sperm11.tif 4 3 0.9579759154033607 
ch00_p1-pl2-sample23-sperm16.tif 4 4 0.9943548093394023 
ch00_p1-pl2-sample23-sperm17.tif 4 4 0.9582807765752419 
ch00_p1-pl2-sample29-sperm4.tif 4 0 0.47674878905909135 
ch00_p1-pl2-sample3-sperm1.tif 4 4 0.9980589584995734 
ch00_p1-pl2-sample3-sperm13.tif 4 1 0.9213769796894145 
ch00_p1-pl2-sample3-sperm15.tif 4 4 0.9061619318268391 
ch00_p1-pl2-sample3-sperm8.tif 4 0 0.30620370749233966 
ch00_p1-pl2-sample30-sperm1.tif 4 4 0.7310512347900171 
ch00_p1-pl2-sample30-sperm10.tif 4 4 0.9937855382142169 
ch00_p1-pl2-sample30-sperm4.tif 4 4 0.9999991019547525 
ch00_p1-pl2-sample31-sperm12.tif 4 4 0.9982256618352054 
ch00_p1-pl2-sample31-sperm3.tif 4 1 0.9993212771567845 
ch00_p1-pl2-sample31-sperm9.tif 4 4 0.999999835255177 
ch00_p1-pl2-sample32-sperm1.tif 4 4 0.9083811244591651 
ch00_p1-pl2-sample33-sperm3.tif 4 4 0.9639250959035226 
ch00_p1-pl2-sample34-sperm6.tif 4 0 0.5319316072142622 
ch00_p1-pl2-sample34-sperm7.tif 4 4 0.9999973524055098 
ch00_p1-pl2-sample34-sperm8.tif 4 4 0.9999973444251207 
ch00_p1-pl2-sample5-sperm12.tif 4 0 0.7818504954901601 
ch00_p1-pl2-sample5-sperm13.tif 4 1 0.993092371185081 
ch00_p1-pl2-sample7-sperm1.tif 4 4 0.9999959751021371 
ch00_p1-pl2-sample7-sperm5.tif 4 4 0.9981146473702946 
ch00_p1-pl2-sample9-sperm18.tif 4 4 0.9771702270171175 
ch00_p1-pl2-sample9-sperm4.tif 4 4 0.9921202757060505 
ch00_p1-pl3-sample1-sperm13.tif 4 4 0.9777093701570162 
ch00_p1-pl3-sample10-sperm7.tif 4 4 0.9887483374152239 
ch00_p1-pl3-sample12-sperm3.tif 4 4 0.9999991901908343 
ch00_p1-pl3-sample13-sperm7.tif 4 4 0.9999994217896923 
ch00_p1-pl3-sample14-sperm1.tif 4 4 0.9999970150873446 
ch00_p1-pl3-sample14-sperm11.tif 4 3 0.817915728357634 
ch00_p1-pl3-sample15-sperm19.tif 4 4 0.9999994878342753 
ch00_p1-pl3-sample15-sperm9.tif 4 1 0.7105376289916697 
ch00_p1-pl3-sample16-sperm17.tif 4 4 0.999996448277693 
ch00_p1-pl3-sample17-sperm7.tif 4 4 0.9999998841525067 
ch00_p1-pl3-sample18-sperm6.tif 4 4 0.997648299325565 
ch00_p1-pl3-sample19-sperm1.tif 4 0 0.8354129383840904 
ch00_p1-pl3-sample19-sperm3.tif 4 1 0.9959285691937948 
ch00_p1-pl3-sample19-sperm8.tif 4 0 0.9960637470638101 
ch00_p1-pl3-sample2-sperm12.tif 4 4 0.9635604707507592 
ch00_p1-pl3-sample2-sperm14.tif 4 1 0.9800104876823887 
ch00_p1-pl3-sample2-sperm4.tif 4 4 0.9711836390572475 
ch00_p1-pl3-sample2-sperm8.tif 4 4 0.9573375993991153 
ch00_p1-pl3-sample20-sperm12.tif 4 4 0.9999989146335748 
ch00_p1-pl3-sample20-sperm8.tif 4 4 0.9944644452497016 
ch00_p1-pl3-sample21-sperm6.tif 4 0 0.9813605492341461 
ch00_p1-pl3-sample22-sperm1.tif 4 4 0.9884452170042286 
ch00_p1-pl3-sample22-sperm9.tif 4 4 0.9918206114116435 
ch00_p1-pl3-sample23-sperm17.tif 4 4 0.9999982038498788 
ch00_p1-pl3-sample24-sperm7.tif 4 3 0.9998940469710994 
ch00_p1-pl3-sample25-sperm4.tif 4 2 0.9981297451681095 
ch00_p1-pl3-sample3-sperm4.tif 4 4 0.9855717468934507 
ch00_p1-pl3-sample3-sperm7.tif 4 4 0.9191248538416701 
ch00_p1-pl3-sample4-sperm3.tif 4 3 0.9982952662857987 
ch00_p1-pl3-sample4-sperm9.tif 4 4 0.9409779021253755 
ch00_p1-pl3-sample5-sperm6.tif 4 4 0.6866677912212665 
ch00_p1-pl3-sample5-sperm9.tif 4 4 0.9906648667395567 
ch00_p1-pl3-sample6-sperm14.tif 4 4 0.9964183487058728 
ch00_p1-pl3-sample6-sperm5.tif 4 4 0.999999868391398 
ch00_p1-pl3-sample6-sperm6.tif 4 0 0.950513535874235 
ch00_p1-pl3-sample7-sperm2.tif 4 4 0.999066213367149 
ch00_p1-pl3-sample7-sperm3.tif 4 4 0.9999998628981528 
ch00_p1-pl3-sample8-sperm8.tif 4 4 0.9982804524636317 
ch00_p3-pl1-sample12-sperm7.tif 4 4 0.9975928224117379 
ch00_p3-pl1-sample13-sperm1.tif 4 1 0.9618846627810983 
ch00_p3-pl1-sample13-sperm4.tif 4 4 0.9983280778111608 
ch00_p3-pl1-sample13-sperm6.tif 4 0 0.5174962038813606 
ch00_p3-pl1-sample16-sperm1.tif 4 4 0.9965843159715339 
ch00_p3-pl1-sample16-sperm3.tif 4 4 0.9934664245712908 
ch00_p3-pl1-sample16-sperm5.tif 4 4 0.6619379782849013 
ch00_p3-pl1-sample19-sperm3.tif 4 4 0.8528652419622986 
ch00_p3-pl1-sample2-sperm10.tif 4 4 0.9910257144131706 
ch00_p3-pl1-sample23-sperm2.tif 4 4 0.9999997080033167 
ch00_p3-pl1-sample23-sperm7.tif 4 4 0.9512886206761691 
ch00_p3-pl1-sample23-sperm9.tif 4 0 0.9908260676508887 
ch00_p3-pl1-sample24-sperm2.tif 4 4 0.9621747277467217 
ch00_p3-pl1-sample24-sperm4.tif 4 4 0.9999994450597544 
ch00_p3-pl1-sample25-sperm2.tif 4 0 0.6556268934918072 
ch00_p3-pl1-sample26-sperm1.tif 4 4 0.999998313321436 
ch00_p3-pl1-sample26-sperm5.tif 4 4 0.9923475495733938 
ch00_p3-pl1-sample27-sperm3.tif 4 3 0.9996215939320272 
ch00_p3-pl1-sample31-sperm1.tif 4 1 0.9639360951499988 
ch00_p3-pl1-sample31-sperm7.tif 4 4 0.7696372773295215 
ch00_p3-pl1-sample7-sperm1.tif 4 4 0.9999989110431361 
ch00_p3-pl1-sample7-sperm11.tif 4 4 0.999999396005764 
ch00_p3-pl1-sample7-sperm7.tif 4 1 0.9349184704359746 
ch00_p3-pl1-sample9-sperm9.tif 4 4 0.9874715479098445 
ch00_p4-pl1-sample1-sperm8.tif 4 4 0.9928445438391681 
ch00_p4-pl1-sample10-sperm11.tif 4 1 0.980215843407027 
ch00_p4-pl1-sample10-sperm21.tif 4 4 0.9913571184987038 
ch00_p4-pl1-sample11-sperm1.tif 4 2 0.9878293901932367 
ch00_p4-pl1-sample11-sperm8.tif 4 0 0.9557069897389999 
ch00_p4-pl1-sample12-sperm1.tif 4 1 0.9734942434108714 
ch00_p4-pl1-sample12-sperm2.tif 4 2 0.9612927123749919 
ch00_p4-pl1-sample12-sperm3.tif 4 4 0.5814530973046249 
ch00_p4-pl1-sample12-sperm6.tif 4 4 0.8385340528778112 
ch00_p4-pl1-sample12-sperm9.tif 4 4 0.9946236592372282 
ch00_p4-pl1-sample13-sperm5.tif 4 4 0.9999983687666919 
ch00_p4-pl1-sample13-sperm8.tif 4 4 0.5346864222333558 
ch00_p4-pl1-sample14-sperm13.tif 4 0 0.9926050153733479 
ch00_p4-pl1-sample14-sperm4.tif 4 0 0.7804008578240709 
ch00_p4-pl1-sample15-sperm10.tif 4 1 0.9970679766901955 
ch00_p4-pl1-sample16-sperm1.tif 4 1 0.999403128563748 
ch00_p4-pl1-sample16-sperm16.tif 4 4 0.9983073084625111 
ch00_p4-pl1-sample16-sperm3.tif 4 1 0.9862192592445653 
ch00_p4-pl1-sample16-sperm5.tif 4 3 0.6805324874794606 
ch00_p4-pl1-sample16-sperm8.tif 4 4 0.9957736133153794 
ch00_p4-pl1-sample17-sperm10.tif 4 4 0.9882613117891578 
ch00_p4-pl1-sample17-sperm5.tif 4 2 0.9716746646607051 
ch00_p4-pl1-sample19-sperm9.tif 4 4 0.9711084894758253 
ch00_p4-pl1-sample2-sperm10.tif 4 4 0.7243287655730158 
ch00_p4-pl1-sample2-sperm12.tif 4 4 0.9999987914230084 
ch00_p4-pl1-sample2-sperm3.tif 4 4 0.9956071591048911 
ch00_p4-pl1-sample20-sperm1.tif 4 2 0.6613076235684667 
ch00_p4-pl1-sample20-sperm3.tif 4 4 0.9849059983840155 
ch00_p4-pl1-sample20-sperm5.tif 4 4 0.993288743387751 
ch00_p4-pl1-sample4-sperm10.tif 4 4 0.9773888806313963 
ch00_p4-pl1-sample4-sperm14.tif 4 4 0.9732562479242447 
ch00_p4-pl1-sample4-sperm9.tif 4 4 0.9352898779247909 
ch00_p4-pl1-sample5-sperm7.tif 4 4 0.9568970875571476 
ch00_p4-pl1-sample6-sperm11.tif 4 4 0.9980801500599699 
ch00_p4-pl1-sample6-sperm8.tif 4 4 0.822537073079861 
ch00_p4-pl1-sample6-sperm9.tif 4 4 0.997801636372017 
ch00_p4-pl1-sample7-sperm17.tif 4 3 0.3799278330962448 
ch00_p4-pl1-sample8-sperm1.tif 4 1 0.9133968712059666 
ch00_p4-pl1-sample8-sperm6.tif 4 1 0.6610869717230856 
ch00_p4-pl1-sample9-sperm12.tif 4 2 0.5141185195219714 
ch00_p4-pl1-sample9-sperm4.tif 4 4 0.5993918574149901 
ch00_p4-pl2-sample10-sperm7.tif 4 4 0.9696684589788034 
ch00_p4-pl2-sample10-sperm8.tif 4 4 0.6742045042591059 
ch00_p4-pl2-sample11-sperm4.tif 4 4 0.999997767504559 
ch00_p4-pl2-sample13-sperm7.tif 4 0 0.9514378912652084 
ch00_p4-pl2-sample13-sperm9.tif 4 4 0.9977837432850948 
ch00_p4-pl2-sample14-sperm10.tif 4 0 0.6761838887235919 
ch00_p4-pl2-sample15-sperm4.tif 4 4 0.9861511525037168 
ch00_p4-pl2-sample15-sperm5.tif 4 4 0.9999997384782935 
ch00_p4-pl2-sample16-sperm7.tif 4 4 0.9746031364691025 
ch00_p4-pl2-sample19-sperm2.tif 4 4 0.9796535102707025 
ch00_p4-pl2-sample2-sperm10.tif 4 4 0.9941442652346681 
ch00_p4-pl2-sample2-sperm2.tif 4 4 0.9637794291255931 
ch00_p4-pl2-sample2-sperm3.tif 4 4 0.952389237075693 
ch00_p4-pl2-sample2-sperm6.tif 4 4 0.9975713214328186 
ch00_p4-pl2-sample20-sperm6.tif 4 4 0.8018143029474598 
ch00_p4-pl2-sample20-sperm8.tif 4 4 0.9986744348618695 
ch00_p4-pl2-sample3-sperm4.tif 4 1 0.9996508686005008 
ch00_p4-pl2-sample3-sperm9.tif 4 4 0.996169890481294 
ch00_p4-pl2-sample4-sperm2.tif 4 4 0.9292776464682276 
ch00_p4-pl2-sample4-sperm4.tif 4 1 0.9994537266444187 
ch00_p4-pl2-sample5-sperm4.tif 4 0 0.5288498280006139 
ch00_p4-pl2-sample5-sperm5.tif 4 3 0.9604718060671578 
ch00_p4-pl2-sample7-sperm6.tif 4 4 0.7792566644917618 
ch00_p4-pl2-sample7-sperm8.tif 4 4 0.9336815544550184 
ch00_p4-pl2-sample8-sperm1.tif 4 3 0.727064532324427 
ch00_p4-pl2-sample9-sperm4.tif 4 4 0.9987164110594536 
ch00_p4-pl2-sample9-sperm7.tif 4 4 0.803317652278766 
ch00_p5-pl1-sample1-sperm12.tif 4 4 0.9748768325397716 
ch00_p5-pl1-sample1-sperm5.tif 4 3 0.6890510204327484 
ch00_p5-pl1-sample1-sperm6.tif 4 0 0.4714179301709037 
ch00_p5-pl1-sample11-sperm4.tif 4 4 0.9999990427231477 
ch00_p5-pl1-sample12-sperm14.tif 4 4 0.9952587800488321 
ch00_p5-pl1-sample12-sperm16.tif 4 4 0.9975615943725359 
ch00_p5-pl1-sample12-sperm5.tif 4 4 0.6729420082330893 
ch00_p5-pl1-sample13-sperm5.tif 4 4 0.9966645584245514 
ch00_p5-pl1-sample15-sperm4.tif 4 4 0.9657977862095523 
ch00_p5-pl1-sample15-sperm6.tif 4 4 0.997431778894093 
ch00_p5-pl1-sample17-sperm10.tif 4 3 0.8957296788274455 
ch00_p5-pl1-sample17-sperm3.tif 4 4 0.9562806442626334 
ch00_p5-pl1-sample17-sperm9.tif 4 1 0.951576709161438 
ch00_p5-pl1-sample19-sperm13.tif 4 0 0.9824608065916255 
ch00_p5-pl1-sample2-sperm6.tif 4 4 0.9999997169290166 
ch00_p5-pl1-sample20-sperm12.tif 4 3 0.9898189186451244 
ch00_p5-pl1-sample20-sperm5.tif 4 4 0.5568241273471403 
ch00_p5-pl1-sample3-sperm13.tif 4 4 0.9999998594711434 
ch00_p5-pl1-sample3-sperm17.tif 4 4 0.9590355022719766 
ch00_p5-pl1-sample3-sperm21.tif 4 0 0.5038577575082788 
ch00_p5-pl1-sample3-sperm23.tif 4 4 0.9153101720885349 
ch00_p5-pl1-sample3-sperm5.tif 4 4 0.9999958527023114 
ch00_p5-pl1-sample5-sperm18.tif 4 3 0.992209366664791 
ch00_p5-pl1-sample5-sperm9.tif 4 4 0.9999996102516899 
ch00_p5-pl1-sample6-sperm15.tif 4 4 0.9417741822996614 
ch00_p5-pl1-sample8-sperm4.tif 4 4 0.9999963206927626 
ch00_p5-pl1-sample9-sperm4.tif 4 4 0.9999989201823322 
