ch00_p1-pl2-sample1-sperm10.tif 0 0 0.9975845022268554 
ch00_p1-pl2-sample1-sperm3.tif 0 0 0.9984127036007469 
ch00_p1-pl2-sample1-sperm5.tif 0 3 0.6081530578164553 
ch00_p1-pl2-sample10-sperm1.tif 0 1 0.9854108672654204 
ch00_p1-pl2-sample10-sperm4.tif 0 0 0.9909557135184721 
ch00_p1-pl2-sample25-sperm4.tif 0 0 0.9629792341502931 
ch00_p1-pl2-sample35-sperm1.tif 0 1 0.9558335103118313 
ch00_p1-pl2-sample5-sperm3.tif 0 4 0.6216758738254916 
ch00_p1-pl2-sample8-sperm6.tif 0 0 0.9983704898838565 
ch00_p1-pl2-sample9-sperm7.tif 0 0 0.9997503806291619 
ch00_p1-pl2-sample9-sperm9.tif 0 4 0.8470288676667461 
ch00_p1-pl3-sample1-sperm17.tif 0 0 0.9987505645291905 
ch00_p1-pl3-sample16-sperm7.tif 0 0 0.9988047009772352 
ch00_p1-pl3-sample20-sperm6.tif 0 0 0.8552062535861609 
ch00_p3-pl1-sample1-sperm1.tif 0 0 0.5410433499237707 
ch00_p3-pl1-sample19-sperm2.tif 0 0 0.9547957293695774 
ch00_p3-pl1-sample2-sperm4.tif 0 0 0.9925702734628371 
ch00_p3-pl1-sample25-sperm13.tif 0 0 0.8363373499594503 
ch00_p3-pl1-sample3-sperm4.tif 0 3 0.6149006944897191 
ch00_p3-pl1-sample4-sperm4.tif 0 3 0.9891372566516016 
ch00_p4-pl1-sample15-sperm6.tif 0 4 0.7927912856996585 
ch00_p4-pl1-sample18-sperm4.tif 0 4 0.80795395310135 
ch00_p4-pl1-sample2-sperm4.tif 0 4 0.9627924386735869 
ch00_p4-pl1-sample6-sperm1.tif 0 3 0.5242838775144479 
ch00_p4-pl1-sample9-sperm5.tif 0 4 0.9999980610978262 
ch00_p4-pl2-sample13-sperm1.tif 0 1 0.8558568955488683 
ch00_p4-pl2-sample16-sperm9.tif 0 0 0.5690797290412246 
ch00_p5-pl1-sample15-sperm10.tif 0 4 0.9849342975334369 
ch00_p5-pl1-sample2-sperm9.tif 0 4 0.9898708835091554 
ch00_p5-pl1-sample5-sperm3.tif 0 4 0.3855287444838376 
ch00_p1-pl2-sample11-sperm12.tif 1 1 0.9999908276373656 
ch00_p1-pl2-sample13-sperm10.tif 1 1 0.9873009381679331 
ch00_p1-pl2-sample13-sperm18.tif 1 1 0.9998895370447469 
ch00_p1-pl2-sample18-sperm1.tif 1 1 0.5239398401338672 
ch00_p1-pl2-sample18-sperm5.tif 1 1 0.9999967425267089 
ch00_p1-pl2-sample19-sperm14.tif 1 1 0.9620581667626588 
ch00_p1-pl2-sample19-sperm8.tif 1 0 0.8267344146598605 
ch00_p1-pl2-sample19-sperm9.tif 1 1 0.9945997097676137 
ch00_p1-pl2-sample2-sperm12.tif 1 1 0.9853163288472687 
ch00_p1-pl2-sample2-sperm3.tif 1 4 0.9453073517332515 
ch00_p1-pl2-sample2-sperm4.tif 1 4 0.984572604938741 
ch00_p1-pl2-sample21-sperm3.tif 1 1 0.9999994446195125 
ch00_p1-pl2-sample21-sperm6.tif 1 1 0.9433170154680232 
ch00_p1-pl2-sample22-sperm3.tif 1 1 0.5208004171465295 
ch00_p1-pl2-sample23-sperm10.tif 1 1 0.9935872234096629 
ch00_p1-pl2-sample25-sperm8.tif 1 1 0.9930418945367187 
ch00_p1-pl2-sample29-sperm5.tif 1 4 0.7705826876029797 
ch00_p1-pl2-sample3-sperm17.tif 1 4 0.7539373443517178 
ch00_p1-pl2-sample32-sperm10.tif 1 1 0.9999199195825844 
ch00_p1-pl2-sample4-sperm17.tif 1 2 0.8506882582113336 
ch00_p1-pl2-sample6-sperm4.tif 1 1 0.9999996432122367 
ch00_p1-pl2-sample7-sperm2.tif 1 4 0.980384928731817 
ch00_p1-pl2-sample8-sperm3.tif 1 1 0.9997953821346753 
ch00_p1-pl2-sample9-sperm11.tif 1 1 0.9999946503623844 
ch00_p1-pl2-sample9-sperm12.tif 1 1 0.8680847243973807 
ch00_p1-pl3-sample10-sperm4.tif 1 1 0.6160946406929589 
ch00_p1-pl3-sample10-sperm6.tif 1 1 0.9999961125148508 
ch00_p1-pl3-sample11-sperm10.tif 1 1 0.999873401165963 
ch00_p1-pl3-sample14-sperm8.tif 1 4 0.9837797808550864 
ch00_p1-pl3-sample16-sperm14.tif 1 1 0.9986880252631383 
ch00_p1-pl3-sample18-sperm3.tif 1 1 0.5352977675185174 
ch00_p1-pl3-sample19-sperm4.tif 1 1 0.9881637802839035 
ch00_p1-pl3-sample24-sperm2.tif 1 1 0.9987786304749715 
ch00_p1-pl3-sample6-sperm16.tif 1 1 0.9998954188929741 
ch00_p1-pl3-sample7-sperm10.tif 1 1 0.9999716091686444 
ch00_p1-pl3-sample9-sperm13.tif 1 1 0.9981218607871846 
ch00_p3-pl1-sample14-sperm2.tif 1 4 0.9999998400775006 
ch00_p3-pl1-sample18-sperm3.tif 1 1 0.9999079499555096 
ch00_p3-pl1-sample19-sperm5.tif 1 1 0.9998971817550109 
ch00_p3-pl1-sample2-sperm7.tif 1 1 0.9999456957387525 
ch00_p3-pl1-sample22-sperm2.tif 1 1 0.9999869610116552 
ch00_p3-pl1-sample23-sperm11.tif 1 1 0.9990046627677246 
ch00_p3-pl1-sample26-sperm2.tif 1 4 0.9987443812607703 
ch00_p3-pl1-sample28-sperm7.tif 1 1 0.8803587058288186 
ch00_p3-pl1-sample3-sperm7.tif 1 1 0.9999660218964875 
ch00_p3-pl1-sample31-sperm6.tif 1 1 0.9931456659109206 
ch00_p3-pl1-sample32-sperm5.tif 1 1 0.999997856214754 
ch00_p3-pl1-sample4-sperm2.tif 1 1 0.9978995094163811 
ch00_p3-pl1-sample6-sperm5.tif 1 1 0.9996713370619746 
ch00_p4-pl1-sample1-sperm11.tif 1 4 0.9539997276185755 
ch00_p4-pl1-sample1-sperm4.tif 1 1 0.9993255916063174 
ch00_p4-pl1-sample10-sperm18.tif 1 1 0.9999497471067896 
ch00_p4-pl1-sample3-sperm8.tif 1 4 0.7573985501388215 
ch00_p4-pl1-sample6-sperm5.tif 1 1 0.4955000698743434 
ch00_p4-pl1-sample8-sperm14.tif 1 4 0.997960099263315 
ch00_p4-pl1-sample9-sperm13.tif 1 4 0.9999967480101789 
ch00_p4-pl2-sample1-sperm6.tif 1 1 0.9753515880895455 
ch00_p4-pl2-sample5-sperm7.tif 1 1 0.9999985166715124 
ch00_p4-pl2-sample7-sperm11.tif 1 4 0.9999999397228103 
ch00_p5-pl1-sample11-sperm5.tif 1 1 0.9662280190811648 
ch00_p5-pl1-sample12-sperm17.tif 1 4 0.8138644259342082 
ch00_p5-pl1-sample14-sperm1.tif 1 1 0.996189303538078 
ch00_p5-pl1-sample17-sperm15.tif 1 1 0.9991047875146202 
ch00_p5-pl1-sample2-sperm2.tif 1 1 0.9581681677318538 
ch00_p5-pl1-sample20-sperm11.tif 1 1 0.99204537011263 
ch00_p5-pl1-sample20-sperm3.tif 1 1 0.9992614720968117 
ch00_p5-pl1-sample20-sperm9.tif 1 1 0.9991384869923786 
ch00_p5-pl1-sample7-sperm6.tif 1 4 0.9999968903410276 
ch00_p1-pl2-sample17-sperm12.tif 2 4 0.9456411954909636 
ch00_p1-pl2-sample2-sperm15.tif 2 4 0.9695982868580979 
ch00_p1-pl2-sample34-sperm5.tif 2 4 0.9687700625075975 
ch00_p1-pl2-sample35-sperm6.tif 2 4 0.6430773982719601 
ch00_p1-pl3-sample10-sperm5.tif 2 4 0.8816865592343662 
ch00_p1-pl3-sample12-sperm12.tif 2 1 0.9230639171886011 
ch00_p1-pl3-sample15-sperm14.tif 2 2 0.9983425232080478 
ch00_p1-pl3-sample17-sperm9.tif 2 2 0.9999994211764611 
ch00_p1-pl3-sample5-sperm12.tif 2 4 0.7189340319648576 
ch00_p1-pl3-sample7-sperm13.tif 2 2 0.5288155722630506 
ch00_p3-pl1-sample25-sperm7.tif 2 4 0.9913976213130028 
ch00_p3-pl1-sample29-sperm10.tif 2 4 0.9045123903236 
ch00_p4-pl1-sample12-sperm15.tif 2 2 0.8934188853539311 
ch00_p4-pl1-sample16-sperm4.tif 2 2 0.7963953575049832 
ch00_p4-pl1-sample17-sperm4.tif 2 4 0.5864925507788824 
ch00_p4-pl1-sample19-sperm7.tif 2 1 0.9614455887913704 
ch00_p4-pl1-sample2-sperm8.tif 2 1 0.9244786927062565 
ch00_p4-pl1-sample4-sperm6.tif 2 1 0.9314005753405081 
ch00_p4-pl1-sample6-sperm2.tif 2 1 0.8122588995365919 
ch00_p4-pl1-sample7-sperm15.tif 2 4 0.7564819849029191 
ch00_p4-pl2-sample3-sperm10.tif 2 2 0.9978463621538172 
ch00_p4-pl2-sample4-sperm11.tif 2 2 0.999991222683155 
ch00_p1-pl2-sample11-sperm3.tif 3 3 0.8980722754148345 
ch00_p1-pl2-sample17-sperm6.tif 3 4 0.8575016445488928 
ch00_p1-pl2-sample21-sperm5.tif 3 0 0.9679625317961182 
ch00_p1-pl2-sample22-sperm2.tif 3 3 0.9956146147110216 
ch00_p1-pl2-sample5-sperm4.tif 3 4 0.8523739810476624 
ch00_p1-pl2-sample7-sperm4.tif 3 4 0.5844862274038927 
ch00_p1-pl3-sample15-sperm11.tif 3 4 0.9842778448937006 
ch00_p1-pl3-sample16-sperm11.tif 3 0 0.774201751442201 
ch00_p1-pl3-sample23-sperm15.tif 3 4 0.9988549621481048 
ch00_p1-pl3-sample25-sperm14.tif 3 4 0.7144910894507995 
ch00_p1-pl3-sample4-sperm4.tif 3 4 0.9667455830023458 
ch00_p1-pl3-sample9-sperm9.tif 3 0 0.3965846381459743 
ch00_p3-pl1-sample30-sperm1.tif 3 3 0.9985950077024113 
ch00_p3-pl1-sample31-sperm3.tif 3 4 0.9999993226079675 
ch00_p4-pl1-sample10-sperm2.tif 3 4 0.9999997914715398 
ch00_p4-pl1-sample20-sperm4.tif 3 4 0.7375925743053952 
ch00_p4-pl1-sample20-sperm8.tif 3 3 0.9986867047968089 
ch00_p4-pl2-sample12-sperm8.tif 3 3 0.9972693887773367 
ch00_p4-pl2-sample8-sperm3.tif 3 1 0.3564910662701716 
ch00_p5-pl1-sample10-sperm3.tif 3 3 0.5255195559291576 
ch00_p5-pl1-sample18-sperm1.tif 3 4 0.9700773883949834 
ch00_p1-pl2-sample1-sperm4.tif 4 1 0.9704009772230515 
ch00_p1-pl2-sample10-sperm12.tif 4 0 0.6980431569666837 
ch00_p1-pl2-sample11-sperm9.tif 4 4 0.9999985295495097 
ch00_p1-pl2-sample12-sperm1.tif 4 2 0.999988376740926 
ch00_p1-pl2-sample12-sperm8.tif 4 4 0.964554947797123 
ch00_p1-pl2-sample13-sperm1.tif 4 4 0.9532557249421418 
ch00_p1-pl2-sample13-sperm14.tif 4 1 0.9282512458468607 
ch00_p1-pl2-sample13-sperm5.tif 4 4 0.9985012105889792 
ch00_p1-pl2-sample14-sperm11.tif 4 4 0.9706044773770109 
ch00_p1-pl2-sample14-sperm2.tif 4 0 0.766743093479562 
ch00_p1-pl2-sample2-sperm11.tif 4 0 0.5092318304383314 
ch00_p1-pl2-sample2-sperm17.tif 4 0 0.9268443771358408 
ch00_p1-pl2-sample20-sperm2.tif 4 4 0.7224411428428087 
ch00_p1-pl2-sample20-sperm5.tif 4 4 0.9938839541167729 
ch00_p1-pl2-sample22-sperm11.tif 4 3 0.9923662899236508 
ch00_p1-pl2-sample23-sperm16.tif 4 4 0.9999987000605766 
ch00_p1-pl2-sample23-sperm17.tif 4 4 0.6858817679475295 
ch00_p1-pl2-sample29-sperm4.tif 4 3 0.7655180247665193 
ch00_p1-pl2-sample3-sperm1.tif 4 0 0.9048430996954591 
ch00_p1-pl2-sample3-sperm13.tif 4 1 0.5071886383184953 
ch00_p1-pl2-sample3-sperm15.tif 4 4 0.9234306070159717 
ch00_p1-pl2-sample3-sperm8.tif 4 0 0.6024075963020716 
ch00_p1-pl2-sample30-sperm1.tif 4 4 0.8582387293543907 
ch00_p1-pl2-sample30-sperm10.tif 4 1 0.5277458091566275 
ch00_p1-pl2-sample30-sperm4.tif 4 4 0.9790445358323902 
ch00_p1-pl2-sample31-sperm12.tif 4 4 0.9798002456174101 
ch00_p1-pl2-sample31-sperm3.tif 4 1 0.9995645644396671 
ch00_p1-pl2-sample31-sperm9.tif 4 4 0.8534841923203106 
ch00_p1-pl2-sample32-sperm1.tif 4 2 0.5652732242463696 
ch00_p1-pl2-sample33-sperm3.tif 4 4 0.8992361868510798 
ch00_p1-pl2-sample34-sperm6.tif 4 0 0.998991926299535 
ch00_p1-pl2-sample34-sperm7.tif 4 4 0.9987610199304495 
ch00_p1-pl2-sample34-sperm8.tif 4 4 0.8794023809095024 
ch00_p1-pl2-sample5-sperm12.tif 4 4 0.6440411159637585 
ch00_p1-pl2-sample5-sperm13.tif 4 1 0.7966038111299715 
ch00_p1-pl2-sample7-sperm1.tif 4 4 0.9907947781272102 
ch00_p1-pl2-sample7-sperm5.tif 4 4 0.9999997720816199 
ch00_p1-pl2-sample9-sperm18.tif 4 0 0.9586126765217109 
ch00_p1-pl2-sample9-sperm4.tif 4 4 0.9924592345810049 
ch00_p1-pl3-sample1-sperm13.tif 4 4 0.9986855345565435 
ch00_p1-pl3-sample10-sperm7.tif 4 4 0.9999964508300117 
ch00_p1-pl3-sample12-sperm3.tif 4 1 0.9925356628833372 
ch00_p1-pl3-sample13-sperm7.tif 4 4 0.9999999936249447 
ch00_p1-pl3-sample14-sperm1.tif 4 4 0.9999999772381879 
ch00_p1-pl3-sample14-sperm11.tif 4 4 0.9978382083720746 
ch00_p1-pl3-sample15-sperm19.tif 4 4 0.9949328771572958 
ch00_p1-pl3-sample15-sperm9.tif 4 1 0.6368392619550198 
ch00_p1-pl3-sample16-sperm17.tif 4 4 0.9971057663927174 
ch00_p1-pl3-sample17-sperm7.tif 4 4 0.9924640637537915 
ch00_p1-pl3-sample18-sperm6.tif 4 4 0.8925675751502622 
ch00_p1-pl3-sample19-sperm1.tif 4 4 0.9631585002585241 
ch00_p1-pl3-sample19-sperm3.tif 4 4 0.8146093887843557 
ch00_p1-pl3-sample19-sperm8.tif 4 0 0.9998532552132929 
ch00_p1-pl3-sample2-sperm12.tif 4 4 0.9104233049505385 
ch00_p1-pl3-sample2-sperm14.tif 4 1 0.6047334641352584 
ch00_p1-pl3-sample2-sperm4.tif 4 4 0.9958536907341226 
ch00_p1-pl3-sample2-sperm8.tif 4 4 0.903881701884093 
ch00_p1-pl3-sample20-sperm12.tif 4 4 0.9802736462231652 
ch00_p1-pl3-sample20-sperm8.tif 4 4 0.9961750365135373 
ch00_p1-pl3-sample21-sperm6.tif 4 0 0.7352706370994798 
ch00_p1-pl3-sample22-sperm1.tif 4 1 0.7686447910801036 
ch00_p1-pl3-sample22-sperm9.tif 4 4 0.8901212708296962 
ch00_p1-pl3-sample23-sperm17.tif 4 4 0.9999979882664354 
ch00_p1-pl3-sample24-sperm7.tif 4 3 0.9999992247955968 
ch00_p1-pl3-sample25-sperm4.tif 4 2 0.9999804230076605 
ch00_p1-pl3-sample3-sperm4.tif 4 1 0.8600708981751055 
ch00_p1-pl3-sample3-sperm7.tif 4 1 0.7462823823995202 
ch00_p1-pl3-sample4-sperm3.tif 4 3 0.9536293843500048 
ch00_p1-pl3-sample4-sperm9.tif 4 4 0.9950454632508073 
ch00_p1-pl3-sample5-sperm6.tif 4 1 0.9767214796056911 
ch00_p1-pl3-sample5-sperm9.tif 4 1 0.9911820606019464 
ch00_p1-pl3-sample6-sperm14.tif 4 4 0.9938707186545765 
ch00_p1-pl3-sample6-sperm5.tif 4 4 0.9810764620744644 
ch00_p1-pl3-sample6-sperm6.tif 4 4 0.8163168303475393 
ch00_p1-pl3-sample7-sperm2.tif 4 4 0.9999999226554738 
ch00_p1-pl3-sample7-sperm3.tif 4 4 0.9999999505246125 
ch00_p1-pl3-sample8-sperm8.tif 4 4 0.9895064392439065 
ch00_p3-pl1-sample12-sperm7.tif 4 1 0.8587416075118538 
ch00_p3-pl1-sample13-sperm1.tif 4 1 0.9994787839651645 
ch00_p3-pl1-sample13-sperm4.tif 4 4 0.9999980113953892 
ch00_p3-pl1-sample13-sperm6.tif 4 0 0.9909881373030573 
ch00_p3-pl1-sample16-sperm1.tif 4 0 0.6232922277965828 
ch00_p3-pl1-sample16-sperm3.tif 4 4 0.9999993716942646 
ch00_p3-pl1-sample16-sperm5.tif 4 0 0.8902944074990131 
ch00_p3-pl1-sample19-sperm3.tif 4 4 0.9959607407527592 
ch00_p3-pl1-sample2-sperm10.tif 4 4 0.7698624058954407 
ch00_p3-pl1-sample23-sperm2.tif 4 4 0.9999989923242741 
ch00_p3-pl1-sample23-sperm7.tif 4 4 0.9999999469370097 
ch00_p3-pl1-sample23-sperm9.tif 4 0 0.9968868106714486 
ch00_p3-pl1-sample24-sperm2.tif 4 4 0.9233755821715055 
ch00_p3-pl1-sample24-sperm4.tif 4 4 0.9999997796096228 
ch00_p3-pl1-sample25-sperm2.tif 4 1 0.5293579776429296 
ch00_p3-pl1-sample26-sperm1.tif 4 4 0.9022829130887409 
ch00_p3-pl1-sample26-sperm5.tif 4 4 0.5742107220890575 
ch00_p3-pl1-sample27-sperm3.tif 4 3 0.9982699446180446 
ch00_p3-pl1-sample31-sperm1.tif 4 1 0.9991554477303326 
ch00_p3-pl1-sample31-sperm7.tif 4 4 0.9034646801221994 
ch00_p3-pl1-sample7-sperm1.tif 4 4 0.9999999993303078 
ch00_p3-pl1-sample7-sperm11.tif 4 4 0.9999999960352819 
ch00_p3-pl1-sample7-sperm7.tif 4 4 0.890028712542163 
ch00_p3-pl1-sample9-sperm9.tif 4 0 0.9364602253433917 
ch00_p4-pl1-sample1-sperm8.tif 4 4 0.9698516964811323 
ch00_p4-pl1-sample10-sperm11.tif 4 1 0.9030897907772168 
ch00_p4-pl1-sample10-sperm21.tif 4 4 0.9582608539111285 
ch00_p4-pl1-sample11-sperm1.tif 4 2 0.9950440209170076 
ch00_p4-pl1-sample11-sperm8.tif 4 0 0.9934040533050436 
ch00_p4-pl1-sample12-sperm1.tif 4 1 0.999996501504129 
ch00_p4-pl1-sample12-sperm2.tif 4 2 0.992492869433242 
ch00_p4-pl1-sample12-sperm3.tif 4 1 0.9116291013369812 
ch00_p4-pl1-sample12-sperm6.tif 4 4 0.9976043877958947 
ch00_p4-pl1-sample12-sperm9.tif 4 4 0.9782230269897945 
ch00_p4-pl1-sample13-sperm5.tif 4 4 0.9999999686733632 
ch00_p4-pl1-sample13-sperm8.tif 4 4 0.7960574374032784 
ch00_p4-pl1-sample14-sperm13.tif 4 4 0.9889760233748421 
ch00_p4-pl1-sample14-sperm4.tif 4 0 0.988384610959803 
ch00_p4-pl1-sample15-sperm10.tif 4 1 0.9996671045283912 
ch00_p4-pl1-sample16-sperm1.tif 4 1 0.9999997550710372 
ch00_p4-pl1-sample16-sperm16.tif 4 4 0.9988129839842625 
ch00_p4-pl1-sample16-sperm3.tif 4 4 0.8995980782082325 
ch00_p4-pl1-sample16-sperm5.tif 4 4 0.7248662988539977 
ch00_p4-pl1-sample16-sperm8.tif 4 4 0.7492126839195764 
ch00_p4-pl1-sample17-sperm10.tif 4 4 0.9999986307228753 
ch00_p4-pl1-sample17-sperm5.tif 4 4 0.5121944363185635 
ch00_p4-pl1-sample19-sperm9.tif 4 4 0.9999999866796403 
ch00_p4-pl1-sample2-sperm10.tif 4 4 0.9999999653986441 
ch00_p4-pl1-sample2-sperm12.tif 4 4 0.9999997146623819 
ch00_p4-pl1-sample2-sperm3.tif 4 4 0.9999999767009397 
ch00_p4-pl1-sample20-sperm1.tif 4 4 0.8359224672379326 
ch00_p4-pl1-sample20-sperm3.tif 4 4 0.9767001672330379 
ch00_p4-pl1-sample20-sperm5.tif 4 4 0.9939140963592012 
ch00_p4-pl1-sample4-sperm10.tif 4 4 0.9963231997484452 
ch00_p4-pl1-sample4-sperm14.tif 4 4 0.49806953469221293 
ch00_p4-pl1-sample4-sperm9.tif 4 2 0.5669122709888695 
ch00_p4-pl1-sample5-sperm7.tif 4 2 0.5258052149497933 
ch00_p4-pl1-sample6-sperm11.tif 4 4 0.9989021997682456 
ch00_p4-pl1-sample6-sperm8.tif 4 4 0.9687147216159514 
ch00_p4-pl1-sample6-sperm9.tif 4 4 0.9999982314685686 
ch00_p4-pl1-sample7-sperm17.tif 4 3 0.9802299536445385 
ch00_p4-pl1-sample8-sperm1.tif 4 4 0.9352014150643313 
ch00_p4-pl1-sample8-sperm6.tif 4 1 0.9990109728264771 
ch00_p4-pl1-sample9-sperm12.tif 4 4 0.7683893961605681 
ch00_p4-pl1-sample9-sperm4.tif 4 4 0.9983091335067588 
ch00_p4-pl2-sample10-sperm7.tif 4 4 0.9950551753653086 
ch00_p4-pl2-sample10-sperm8.tif 4 4 0.9999990237470622 
ch00_p4-pl2-sample11-sperm4.tif 4 4 0.9954175979910335 
ch00_p4-pl2-sample13-sperm7.tif 4 2 0.702196546792983 
ch00_p4-pl2-sample13-sperm9.tif 4 4 0.6973602427533608 
ch00_p4-pl2-sample14-sperm10.tif 4 4 0.5939781219704898 
ch00_p4-pl2-sample15-sperm4.tif 4 4 0.9999999973700187 
ch00_p4-pl2-sample15-sperm5.tif 4 4 0.9999996698232195 
ch00_p4-pl2-sample16-sperm7.tif 4 4 0.5317412451997942 
ch00_p4-pl2-sample19-sperm2.tif 4 1 0.978680356716009 
ch00_p4-pl2-sample2-sperm10.tif 4 4 0.8506673282822216 
ch00_p4-pl2-sample2-sperm2.tif 4 0 0.9963693374772639 
ch00_p4-pl2-sample2-sperm3.tif 4 4 0.9821799072522885 
ch00_p4-pl2-sample2-sperm6.tif 4 4 0.9952836411110564 
ch00_p4-pl2-sample20-sperm6.tif 4 4 0.9999999431039923 
ch00_p4-pl2-sample20-sperm8.tif 4 4 0.9999978692954408 
ch00_p4-pl2-sample3-sperm4.tif 4 1 0.995455654897179 
ch00_p4-pl2-sample3-sperm9.tif 4 4 0.9946275286776886 
ch00_p4-pl2-sample4-sperm2.tif 4 4 0.8740313462551826 
ch00_p4-pl2-sample4-sperm4.tif 4 1 0.9975189692777371 
ch00_p4-pl2-sample5-sperm4.tif 4 0 0.8789718927656237 
ch00_p4-pl2-sample5-sperm5.tif 4 3 0.9999529528538742 
ch00_p4-pl2-sample7-sperm6.tif 4 4 0.9981739836607756 
ch00_p4-pl2-sample7-sperm8.tif 4 4 0.5826366381290552 
ch00_p4-pl2-sample8-sperm1.tif 4 3 0.9999282875715061 
ch00_p4-pl2-sample9-sperm4.tif 4 4 0.9929681365141455 
ch00_p4-pl2-sample9-sperm7.tif 4 1 0.5465152472993363 
ch00_p5-pl1-sample1-sperm12.tif 4 1 0.6794579944670965 
ch00_p5-pl1-sample1-sperm5.tif 4 3 0.8930844727192172 
ch00_p5-pl1-sample1-sperm6.tif 4 4 0.9736012366393951 
ch00_p5-pl1-sample11-sperm4.tif 4 1 0.9604179155755047 
ch00_p5-pl1-sample12-sperm14.tif 4 4 0.9999999628939631 
ch00_p5-pl1-sample12-sperm16.tif 4 4 0.7661916148150816 
ch00_p5-pl1-sample12-sperm5.tif 4 4 0.996777940722337 
ch00_p5-pl1-sample13-sperm5.tif 4 4 0.9999999868661712 
ch00_p5-pl1-sample15-sperm4.tif 4 3 0.9068235303674664 
ch00_p5-pl1-sample15-sperm6.tif 4 4 0.968422969647413 
ch00_p5-pl1-sample17-sperm10.tif 4 3 0.5357616363101008 
ch00_p5-pl1-sample17-sperm3.tif 4 1 0.4143521294869035 
ch00_p5-pl1-sample17-sperm9.tif 4 1 0.9466125201062504 
ch00_p5-pl1-sample19-sperm13.tif 4 0 0.7047900158905387 
ch00_p5-pl1-sample2-sperm6.tif 4 4 0.9574290522660805 
ch00_p5-pl1-sample20-sperm12.tif 4 4 0.9934960017698616 
ch00_p5-pl1-sample20-sperm5.tif 4 0 0.8959667988994721 
ch00_p5-pl1-sample3-sperm13.tif 4 4 0.9999999688581245 
ch00_p5-pl1-sample3-sperm17.tif 4 0 0.7756165398841167 
ch00_p5-pl1-sample3-sperm21.tif 4 4 0.9915767549378797 
ch00_p5-pl1-sample3-sperm23.tif 4 0 0.4511128384463019 
ch00_p5-pl1-sample3-sperm5.tif 4 4 0.988862390549656 
ch00_p5-pl1-sample5-sperm18.tif 4 3 0.8009397295363608 
ch00_p5-pl1-sample5-sperm9.tif 4 4 0.6758573443602243 
ch00_p5-pl1-sample6-sperm15.tif 4 4 0.9984073675054169 
ch00_p5-pl1-sample8-sperm4.tif 4 4 0.9992348144875831 
ch00_p5-pl1-sample9-sperm4.tif 4 4 0.9999999994545381 
