ch00_p1-pl2-sample1-sperm10.tif 0 4 0.8499659203793581 
ch00_p1-pl2-sample10-sperm1.tif 0 1 0.854410975066111 
ch00_p1-pl2-sample10-sperm4.tif 0 4 0.9622192234364102 
ch00_p1-pl2-sample12-sperm9.tif 0 0 0.78936103365875 
ch00_p1-pl2-sample14-sperm10.tif 0 4 0.9138615575719519 
ch00_p1-pl2-sample19-sperm7.tif 0 0 0.5227494389872614 
ch00_p1-pl2-sample22-sperm5.tif 0 4 0.9862015217120872 
ch00_p1-pl2-sample3-sperm4.tif 0 3 0.8422140316769822 
ch00_p1-pl2-sample35-sperm1.tif 0 4 0.9911434694191001 
ch00_p1-pl2-sample4-sperm20.tif 0 4 0.9410834238159566 
ch00_p1-pl2-sample4-sperm7.tif 0 0 0.4557064116747638 
ch00_p1-pl2-sample8-sperm6.tif 0 0 0.9998509178387306 
ch00_p1-pl2-sample9-sperm9.tif 0 4 0.8676596357421356 
ch00_p1-pl3-sample10-sperm2.tif 0 0 0.9627436778312177 
ch00_p1-pl3-sample13-sperm3.tif 0 4 0.9766698073068354 
ch00_p1-pl3-sample15-sperm10.tif 0 0 0.7383448113896066 
ch00_p1-pl3-sample16-sperm7.tif 0 0 0.9377430282110701 
ch00_p1-pl3-sample2-sperm3.tif 0 4 0.9041308178798707 
ch00_p1-pl3-sample20-sperm6.tif 0 0 0.8103599181282968 
ch00_p3-pl1-sample19-sperm2.tif 0 0 0.9895398080621116 
ch00_p3-pl1-sample25-sperm12.tif 0 0 0.9959882747464072 
ch00_p3-pl1-sample25-sperm13.tif 0 4 0.9508313924923204 
ch00_p3-pl1-sample25-sperm3.tif 0 4 0.9827957212061449 
ch00_p3-pl1-sample4-sperm4.tif 0 0 0.9786539339348945 
ch00_p4-pl1-sample15-sperm4.tif 0 0 0.9978597909003734 
ch00_p4-pl1-sample18-sperm8.tif 0 4 0.9933266492318888 
ch00_p4-pl1-sample6-sperm10.tif 0 0 0.9762062944887921 
ch00_p4-pl2-sample14-sperm7.tif 0 4 0.8032709630637073 
ch00_p4-pl2-sample5-sperm6.tif 0 4 0.9612925289462242 
ch00_p5-pl1-sample2-sperm9.tif 0 4 0.6240455603087108 
ch00_p1-pl2-sample1-sperm6.tif 1 1 0.6598723820850871 
ch00_p1-pl2-sample10-sperm5.tif 1 4 0.9921574288247063 
ch00_p1-pl2-sample11-sperm10.tif 1 4 0.9919818409764016 
ch00_p1-pl2-sample11-sperm4.tif 1 4 0.995414928410245 
ch00_p1-pl2-sample13-sperm10.tif 1 1 0.9821059147060992 
ch00_p1-pl2-sample13-sperm6.tif 1 4 0.5684056452513273 
ch00_p1-pl2-sample15-sperm3.tif 1 1 0.9690762231635638 
ch00_p1-pl2-sample19-sperm4.tif 1 4 0.9459931303992647 
ch00_p1-pl2-sample2-sperm12.tif 1 1 0.8655283637987238 
ch00_p1-pl2-sample2-sperm3.tif 1 4 0.9937382131509803 
ch00_p1-pl2-sample2-sperm4.tif 1 1 0.9998811030443666 
ch00_p1-pl2-sample20-sperm13.tif 1 2 0.7923095432033851 
ch00_p1-pl2-sample21-sperm3.tif 1 1 0.9651111157707384 
ch00_p1-pl2-sample21-sperm8.tif 1 4 0.995082313390774 
ch00_p1-pl2-sample21-sperm9.tif 1 4 0.9793592196338731 
ch00_p1-pl2-sample22-sperm6.tif 1 1 0.5327538192280531 
ch00_p1-pl2-sample24-sperm6.tif 1 1 0.8679398832943093 
ch00_p1-pl2-sample25-sperm2.tif 1 4 0.998858694178471 
ch00_p1-pl2-sample27-sperm2.tif 1 1 0.9931968795379167 
ch00_p1-pl2-sample29-sperm5.tif 1 4 0.9963878096417609 
ch00_p1-pl2-sample3-sperm10.tif 1 1 0.9996928087703482 
ch00_p1-pl2-sample3-sperm3.tif 1 1 0.6145503233517484 
ch00_p1-pl2-sample3-sperm9.tif 1 1 0.9527272621946278 
ch00_p1-pl2-sample30-sperm5.tif 1 1 0.92374907069651 
ch00_p1-pl2-sample30-sperm7.tif 1 1 0.8688476167945559 
ch00_p1-pl2-sample31-sperm4.tif 1 1 0.9698097537242977 
ch00_p1-pl2-sample31-sperm8.tif 1 4 0.9925199162481514 
ch00_p1-pl2-sample32-sperm6.tif 1 1 0.9429416569795606 
ch00_p1-pl2-sample33-sperm12.tif 1 1 0.9999897314837933 
ch00_p1-pl2-sample5-sperm5.tif 1 0 0.7046268702912045 
ch00_p1-pl2-sample7-sperm11.tif 1 1 0.9980748898726144 
ch00_p1-pl2-sample8-sperm1.tif 1 4 0.9999986422941142 
ch00_p1-pl2-sample9-sperm8.tif 1 1 0.7545245823908348 
ch00_p1-pl3-sample11-sperm9.tif 1 1 0.9997193615875742 
ch00_p1-pl3-sample12-sperm19.tif 1 1 0.9788304775204651 
ch00_p1-pl3-sample12-sperm2.tif 1 4 0.9870655342505551 
ch00_p1-pl3-sample12-sperm7.tif 1 4 0.4468941406638431 
ch00_p1-pl3-sample18-sperm3.tif 1 1 0.9407560726917982 
ch00_p1-pl3-sample20-sperm3.tif 1 4 0.9907147588494217 
ch00_p1-pl3-sample7-sperm10.tif 1 1 0.981075024696442 
ch00_p1-pl3-sample7-sperm12.tif 1 1 0.8140189290599333 
ch00_p3-pl1-sample12-sperm5.tif 1 1 0.9971724626947235 
ch00_p3-pl1-sample15-sperm9.tif 1 1 0.99733155911275 
ch00_p3-pl1-sample17-sperm4.tif 1 1 0.8622002774940338 
ch00_p3-pl1-sample19-sperm7.tif 1 4 0.9999994030447251 
ch00_p3-pl1-sample21-sperm7.tif 1 1 0.9998087265012137 
ch00_p3-pl1-sample22-sperm1.tif 1 4 0.9942536313225933 
ch00_p3-pl1-sample23-sperm4.tif 1 1 0.9893283358417492 
ch00_p3-pl1-sample27-sperm2.tif 1 1 0.9999968021385045 
ch00_p3-pl1-sample29-sperm6.tif 1 1 0.9999977281054627 
ch00_p3-pl1-sample3-sperm7.tif 1 1 0.9891909909872403 
ch00_p3-pl1-sample30-sperm2.tif 1 1 0.9998096328587325 
ch00_p3-pl1-sample31-sperm6.tif 1 4 0.8496564783446562 
ch00_p3-pl1-sample32-sperm5.tif 1 1 0.7393188607187084 
ch00_p3-pl1-sample5-sperm6.tif 1 1 0.9586221565313792 
ch00_p3-pl1-sample8-sperm2.tif 1 1 0.999845812018198 
ch00_p4-pl1-sample12-sperm7.tif 1 1 0.9977126077861166 
ch00_p4-pl1-sample19-sperm3.tif 1 1 0.9985387075256333 
ch00_p4-pl1-sample9-sperm16.tif 1 1 0.9999391295179862 
ch00_p4-pl2-sample11-sperm1.tif 1 4 0.6420498723365957 
ch00_p4-pl2-sample5-sperm7.tif 1 4 0.9928027304306931 
ch00_p5-pl1-sample11-sperm2.tif 1 1 0.9998956767988344 
ch00_p5-pl1-sample12-sperm17.tif 1 4 0.9972629621684197 
ch00_p5-pl1-sample19-sperm11.tif 1 1 0.9370388965867874 
ch00_p5-pl1-sample20-sperm3.tif 1 4 0.99487051436195 
ch00_p5-pl1-sample4-sperm9.tif 1 4 0.9872352695779292 
ch00_p5-pl1-sample5-sperm20.tif 1 1 0.8550233894280843 
ch00_p5-pl1-sample6-sperm16.tif 1 1 0.8011138046536423 
ch00_p1-pl2-sample10-sperm7.tif 2 4 0.9988291363473817 
ch00_p1-pl2-sample13-sperm20.tif 2 2 0.9981549563279376 
ch00_p1-pl2-sample15-sperm2.tif 2 4 0.9983001988437086 
ch00_p1-pl2-sample17-sperm12.tif 2 4 0.9999995479907966 
ch00_p1-pl2-sample20-sperm14.tif 2 4 0.9999989672374608 
ch00_p1-pl2-sample23-sperm9.tif 2 2 0.9527569236519282 
ch00_p1-pl2-sample34-sperm5.tif 2 1 0.7727398982967 
ch00_p1-pl2-sample6-sperm2.tif 2 2 0.9903682941403973 
ch00_p1-pl2-sample9-sperm17.tif 2 4 0.9999975378592855 
ch00_p1-pl3-sample1-sperm11.tif 2 1 0.9965133688063791 
ch00_p1-pl3-sample17-sperm9.tif 2 2 0.979959361999279 
ch00_p1-pl3-sample20-sperm4.tif 2 4 0.9975965715529113 
ch00_p1-pl3-sample6-sperm17.tif 2 4 0.9999987126925922 
ch00_p1-pl3-sample6-sperm2.tif 2 1 0.9845217837245229 
ch00_p1-pl3-sample7-sperm13.tif 2 4 0.9929699682098712 
ch00_p1-pl3-sample7-sperm5.tif 2 2 0.8470652307964377 
ch00_p3-pl1-sample14-sperm8.tif 2 4 0.9972849858651631 
ch00_p3-pl1-sample28-sperm5.tif 2 4 0.802795552484795 
ch00_p4-pl1-sample12-sperm15.tif 2 2 0.810549304722879 
ch00_p4-pl1-sample13-sperm4.tif 2 2 0.9411346989191322 
ch00_p4-pl1-sample4-sperm6.tif 2 2 0.9556794362169738 
ch00_p4-pl1-sample7-sperm15.tif 2 2 0.8234062206982212 
ch00_p1-pl2-sample15-sperm6.tif 3 1 0.8337345099883123 
ch00_p1-pl2-sample17-sperm8.tif 3 4 0.9114858137753334 
ch00_p1-pl2-sample21-sperm5.tif 3 0 0.9995849707762232 
ch00_p1-pl2-sample23-sperm8.tif 3 3 0.7124391673928254 
ch00_p1-pl2-sample24-sperm3.tif 3 4 0.9942624531126621 
ch00_p1-pl2-sample33-sperm9.tif 3 4 0.9772642210715446 
ch00_p1-pl2-sample4-sperm12.tif 3 4 0.9999991761657859 
ch00_p1-pl2-sample7-sperm4.tif 3 4 0.919699326121906 
ch00_p1-pl3-sample17-sperm4.tif 3 3 0.9998273889270785 
ch00_p1-pl3-sample20-sperm14.tif 3 4 0.9523318395434317 
ch00_p1-pl3-sample20-sperm9.tif 3 3 0.9613073656424069 
ch00_p1-pl3-sample23-sperm13.tif 3 4 0.9433508542589083 
ch00_p1-pl3-sample24-sperm1.tif 3 3 0.5432810134550832 
ch00_p1-pl3-sample4-sperm4.tif 3 4 0.9982452344690073 
ch00_p1-pl3-sample9-sperm9.tif 3 3 0.9994337619941164 
ch00_p3-pl1-sample10-sperm1.tif 3 1 0.9332030200968122 
ch00_p3-pl1-sample28-sperm2.tif 3 4 0.8868852075771682 
ch00_p4-pl1-sample10-sperm2.tif 3 4 0.993689970081621 
ch00_p4-pl1-sample11-sperm3.tif 3 3 0.9996561339812994 
ch00_p4-pl1-sample4-sperm13.tif 3 4 0.6948100078676253 
ch00_p5-pl1-sample18-sperm1.tif 3 3 0.9956857866371004 
ch00_p1-pl2-sample1-sperm1.tif 4 4 0.9999999233123984 
ch00_p1-pl2-sample10-sperm14.tif 4 3 0.9247904803877378 
ch00_p1-pl2-sample10-sperm16.tif 4 4 0.9251976500794704 
ch00_p1-pl2-sample12-sperm1.tif 4 2 0.8641021549679241 
ch00_p1-pl2-sample12-sperm11.tif 4 4 0.9438376217300861 
ch00_p1-pl2-sample13-sperm1.tif 4 4 0.9979994631492431 
ch00_p1-pl2-sample13-sperm2.tif 4 4 0.999999553403967 
ch00_p1-pl2-sample14-sperm14.tif 4 2 0.9296086932825033 
ch00_p1-pl2-sample14-sperm4.tif 4 4 0.9956294913168955 
ch00_p1-pl2-sample14-sperm8.tif 4 0 0.8608560880871791 
ch00_p1-pl2-sample18-sperm9.tif 4 4 0.9941816353984612 
ch00_p1-pl2-sample2-sperm17.tif 4 4 0.9656405935715421 
ch00_p1-pl2-sample2-sperm8.tif 4 4 0.9999999566454815 
ch00_p1-pl2-sample23-sperm16.tif 4 4 0.7163330210689661 
ch00_p1-pl2-sample26-sperm1.tif 4 4 0.9795851417537519 
ch00_p1-pl2-sample28-sperm3.tif 4 4 0.9989556180761302 
ch00_p1-pl2-sample28-sperm4.tif 4 4 0.9999981470083912 
ch00_p1-pl2-sample28-sperm8.tif 4 4 0.9985963012203422 
ch00_p1-pl2-sample3-sperm13.tif 4 4 0.9048068350345182 
ch00_p1-pl2-sample30-sperm9.tif 4 4 0.9912932075657345 
ch00_p1-pl2-sample31-sperm6.tif 4 1 0.7473638424896485 
ch00_p1-pl2-sample31-sperm9.tif 4 4 0.9978719883812123 
ch00_p1-pl2-sample32-sperm11.tif 4 4 0.9980941020094789 
ch00_p1-pl2-sample32-sperm9.tif 4 4 0.9966878558334568 
ch00_p1-pl2-sample33-sperm7.tif 4 0 0.8709536547618273 
ch00_p1-pl2-sample34-sperm10.tif 4 4 0.9999999399867806 
ch00_p1-pl2-sample34-sperm11.tif 4 4 0.9578878259329355 
ch00_p1-pl2-sample34-sperm8.tif 4 4 0.9881693158915212 
ch00_p1-pl2-sample35-sperm9.tif 4 4 0.5288631800310755 
ch00_p1-pl2-sample4-sperm4.tif 4 4 0.999998607284193 
ch00_p1-pl2-sample8-sperm5.tif 4 4 0.9587477678003244 
ch00_p1-pl3-sample1-sperm13.tif 4 4 0.9951748880453771 
ch00_p1-pl3-sample10-sperm1.tif 4 4 0.9999999090874754 
ch00_p1-pl3-sample12-sperm10.tif 4 4 0.9055853435462514 
ch00_p1-pl3-sample13-sperm5.tif 4 4 0.7752196828531296 
ch00_p1-pl3-sample13-sperm7.tif 4 1 0.9766601442174413 
ch00_p1-pl3-sample13-sperm9.tif 4 4 0.9981179551829 
ch00_p1-pl3-sample14-sperm15.tif 4 4 0.9999985526635093 
ch00_p1-pl3-sample15-sperm19.tif 4 4 0.8746259454786491 
ch00_p1-pl3-sample15-sperm5.tif 4 4 0.993878469634709 
ch00_p1-pl3-sample17-sperm7.tif 4 4 0.9989571301182003 
ch00_p1-pl3-sample19-sperm1.tif 4 4 0.9999982226767979 
ch00_p1-pl3-sample19-sperm2.tif 4 4 0.9999999494964987 
ch00_p1-pl3-sample2-sperm10.tif 4 4 0.9887746795820875 
ch00_p1-pl3-sample2-sperm12.tif 4 4 0.9501148714866916 
ch00_p1-pl3-sample2-sperm14.tif 4 4 0.919135378719311 
ch00_p1-pl3-sample21-sperm4.tif 4 1 0.6072339842040686 
ch00_p1-pl3-sample21-sperm9.tif 4 4 0.9953031093976075 
ch00_p1-pl3-sample22-sperm6.tif 4 3 0.9996523009169757 
ch00_p1-pl3-sample23-sperm11.tif 4 1 0.9998157803927226 
ch00_p1-pl3-sample23-sperm18.tif 4 4 0.9989162711554883 
ch00_p1-pl3-sample23-sperm6.tif 4 4 0.9999986594372788 
ch00_p1-pl3-sample24-sperm11.tif 4 4 0.8796881662303279 
ch00_p1-pl3-sample24-sperm13.tif 4 4 0.9983888252642827 
ch00_p1-pl3-sample24-sperm23.tif 4 4 0.9990108195079014 
ch00_p1-pl3-sample24-sperm6.tif 4 4 0.8890257238353649 
ch00_p1-pl3-sample25-sperm10.tif 4 4 0.9710509169283446 
ch00_p1-pl3-sample25-sperm3.tif 4 1 0.9979931055879997 
ch00_p1-pl3-sample25-sperm4.tif 4 2 0.9646380246221666 
ch00_p1-pl3-sample25-sperm8.tif 4 3 0.9818212737451179 
ch00_p1-pl3-sample3-sperm4.tif 4 4 0.9838920417387045 
ch00_p1-pl3-sample3-sperm6.tif 4 4 0.9941930511882069 
ch00_p1-pl3-sample4-sperm10.tif 4 4 0.9854107661906288 
ch00_p1-pl3-sample4-sperm9.tif 4 4 0.9826663605020515 
ch00_p1-pl3-sample5-sperm13.tif 4 4 0.9566276473614274 
ch00_p1-pl3-sample8-sperm15.tif 4 4 0.9953885759421468 
ch00_p1-pl3-sample8-sperm6.tif 4 4 0.9925277914106356 
ch00_p1-pl3-sample9-sperm12.tif 4 3 0.952204284304037 
ch00_p1-pl3-sample9-sperm14.tif 4 4 0.9987026662214348 
ch00_p1-pl3-sample9-sperm8.tif 4 4 0.9999997862960436 
ch00_p3-pl1-sample11-sperm1.tif 4 4 0.9326858808684619 
ch00_p3-pl1-sample13-sperm4.tif 4 4 0.9985231362210067 
ch00_p3-pl1-sample13-sperm6.tif 4 4 0.9855789469530211 
ch00_p3-pl1-sample15-sperm4.tif 4 4 0.8794159940655053 
ch00_p3-pl1-sample19-sperm9.tif 4 4 0.9520433018148992 
ch00_p3-pl1-sample2-sperm10.tif 4 4 0.7460034853118321 
ch00_p3-pl1-sample2-sperm5.tif 4 2 0.9888930675509079 
ch00_p3-pl1-sample2-sperm6.tif 4 3 0.7968331344684471 
ch00_p3-pl1-sample20-sperm2.tif 4 3 0.9891206922800797 
ch00_p3-pl1-sample21-sperm4.tif 4 4 0.9740588345654573 
ch00_p3-pl1-sample23-sperm6.tif 4 2 0.5346857994240254 
ch00_p3-pl1-sample24-sperm4.tif 4 4 0.6647148983280875 
ch00_p3-pl1-sample25-sperm10.tif 4 1 0.9805700586883188 
ch00_p3-pl1-sample25-sperm2.tif 4 4 0.9937283509973165 
ch00_p3-pl1-sample26-sperm5.tif 4 4 0.9589263361888167 
ch00_p3-pl1-sample29-sperm4.tif 4 4 0.993958936438748 
ch00_p3-pl1-sample3-sperm2.tif 4 0 0.9525928553714368 
ch00_p3-pl1-sample3-sperm6.tif 4 2 0.9812104696213921 
ch00_p3-pl1-sample30-sperm4.tif 4 4 0.9999992617648895 
ch00_p3-pl1-sample32-sperm6.tif 4 1 0.9999332508418516 
ch00_p3-pl1-sample32-sperm7.tif 4 4 0.9577453503467946 
ch00_p3-pl1-sample5-sperm3.tif 4 4 0.9980596808675807 
ch00_p3-pl1-sample7-sperm1.tif 4 4 0.9913170854617754 
ch00_p3-pl1-sample7-sperm6.tif 4 4 0.8641226306178054 
ch00_p3-pl1-sample7-sperm7.tif 4 4 0.9021655706080994 
ch00_p3-pl1-sample7-sperm8.tif 4 4 0.999999321081115 
ch00_p4-pl1-sample1-sperm12.tif 4 1 0.9995769165509791 
ch00_p4-pl1-sample1-sperm7.tif 4 4 0.997543216638739 
ch00_p4-pl1-sample1-sperm8.tif 4 4 0.9791961985955582 
ch00_p4-pl1-sample1-sperm9.tif 4 2 0.9290390392879696 
ch00_p4-pl1-sample10-sperm16.tif 4 0 0.5240089814017802 
ch00_p4-pl1-sample10-sperm17.tif 4 0 0.8225175164685179 
ch00_p4-pl1-sample10-sperm20.tif 4 4 0.9702279372405928 
ch00_p4-pl1-sample10-sperm21.tif 4 4 0.9999974756784268 
ch00_p4-pl1-sample10-sperm5.tif 4 4 0.9978113634685276 
ch00_p4-pl1-sample11-sperm14.tif 4 4 0.9715493469194059 
ch00_p4-pl1-sample11-sperm4.tif 4 4 0.9829807844287862 
ch00_p4-pl1-sample12-sperm1.tif 4 1 0.999389694052771 
ch00_p4-pl1-sample12-sperm8.tif 4 4 0.9977706543325432 
ch00_p4-pl1-sample13-sperm5.tif 4 4 0.9952247464937318 
ch00_p4-pl1-sample13-sperm7.tif 4 4 0.9263171076523685 
ch00_p4-pl1-sample13-sperm8.tif 4 1 0.5689593819360703 
ch00_p4-pl1-sample14-sperm13.tif 4 4 0.694502156844033 
ch00_p4-pl1-sample14-sperm3.tif 4 4 0.9957493821852209 
ch00_p4-pl1-sample14-sperm5.tif 4 4 0.963186528111499 
ch00_p4-pl1-sample14-sperm7.tif 4 4 0.9948773056998838 
ch00_p4-pl1-sample15-sperm5.tif 4 3 0.7324755405291755 
ch00_p4-pl1-sample16-sperm10.tif 4 2 0.4598603891133176 
ch00_p4-pl1-sample16-sperm17.tif 4 4 0.9999999878179091 
ch00_p4-pl1-sample16-sperm7.tif 4 0 0.511988342131328 
ch00_p4-pl1-sample18-sperm1.tif 4 2 0.8883538317142832 
ch00_p4-pl1-sample2-sperm1.tif 4 1 0.9681233030578804 
ch00_p4-pl1-sample2-sperm13.tif 4 4 0.928451578166259 
ch00_p4-pl1-sample4-sperm10.tif 4 4 0.9221692494169612 
ch00_p4-pl1-sample4-sperm3.tif 4 4 0.998355349651387 
ch00_p4-pl1-sample5-sperm1.tif 4 4 0.9585387381759152 
ch00_p4-pl1-sample5-sperm2.tif 4 1 0.6789017008323613 
ch00_p4-pl1-sample5-sperm9.tif 4 1 0.6494372464871457 
ch00_p4-pl1-sample6-sperm3.tif 4 3 0.9998534476100279 
ch00_p4-pl1-sample6-sperm7.tif 4 4 0.893480842351453 
ch00_p4-pl1-sample7-sperm10.tif 4 0 0.9145516470397422 
ch00_p4-pl1-sample7-sperm13.tif 4 3 0.5496590774580217 
ch00_p4-pl1-sample7-sperm2.tif 4 4 0.9999988767756777 
ch00_p4-pl1-sample7-sperm8.tif 4 0 0.8742037872936023 
ch00_p4-pl1-sample8-sperm1.tif 4 1 0.8103907963312659 
ch00_p4-pl1-sample8-sperm10.tif 4 2 0.9907062292300012 
ch00_p4-pl1-sample8-sperm12.tif 4 2 0.9915477752785147 
ch00_p4-pl1-sample8-sperm9.tif 4 4 0.9856952588357569 
ch00_p4-pl1-sample9-sperm2.tif 4 4 0.9975221216543375 
ch00_p4-pl1-sample9-sperm6.tif 4 1 0.8525297361214965 
ch00_p4-pl2-sample10-sperm7.tif 4 4 0.992652386382787 
ch00_p4-pl2-sample12-sperm1.tif 4 0 0.902672246653083 
ch00_p4-pl2-sample12-sperm11.tif 4 4 0.8585821054122574 
ch00_p4-pl2-sample12-sperm7.tif 4 4 0.9899517133946623 
ch00_p4-pl2-sample13-sperm10.tif 4 4 0.9988146208192804 
ch00_p4-pl2-sample13-sperm2.tif 4 4 0.6831227334865645 
ch00_p4-pl2-sample15-sperm5.tif 4 2 0.8776336654037057 
ch00_p4-pl2-sample16-sperm4.tif 4 4 0.5662667459063062 
ch00_p4-pl2-sample16-sperm5.tif 4 4 0.950619686884694 
ch00_p4-pl2-sample17-sperm3.tif 4 4 0.9967349319693861 
ch00_p4-pl2-sample18-sperm1.tif 4 4 0.9896034238679154 
ch00_p4-pl2-sample18-sperm3.tif 4 4 0.9988686345644218 
ch00_p4-pl2-sample19-sperm3.tif 4 4 0.8637635845552547 
ch00_p4-pl2-sample19-sperm4.tif 4 0 0.9482731012937589 
ch00_p4-pl2-sample2-sperm10.tif 4 0 0.6321665325494907 
ch00_p4-pl2-sample20-sperm3.tif 4 4 0.7227062894557428 
ch00_p4-pl2-sample20-sperm5.tif 4 0 0.9762697402760085 
ch00_p4-pl2-sample3-sperm3.tif 4 4 0.9999991872582709 
ch00_p4-pl2-sample3-sperm4.tif 4 4 0.9981384398703017 
ch00_p4-pl2-sample3-sperm6.tif 4 4 0.9697715373707634 
ch00_p4-pl2-sample3-sperm7.tif 4 4 0.995144229966297 
ch00_p4-pl2-sample5-sperm4.tif 4 1 0.8866348720411718 
ch00_p4-pl2-sample5-sperm5.tif 4 3 0.758239661083135 
ch00_p4-pl2-sample6-sperm3.tif 4 4 0.9942838385593884 
ch00_p4-pl2-sample7-sperm10.tif 4 4 0.9912287189059513 
ch00_p4-pl2-sample7-sperm3.tif 4 0 0.9966185805018818 
ch00_p4-pl2-sample7-sperm7.tif 4 1 0.6558820196384685 
ch00_p4-pl2-sample7-sperm8.tif 4 4 0.9553003136130189 
ch00_p4-pl2-sample8-sperm1.tif 4 4 0.9812220661635578 
ch00_p4-pl2-sample8-sperm2.tif 4 4 0.9974230526805908 
ch00_p4-pl2-sample8-sperm9.tif 4 4 0.9885730574528735 
ch00_p4-pl2-sample9-sperm7.tif 4 2 0.5386115837869262 
ch00_p5-pl1-sample1-sperm5.tif 4 4 0.9986257573468998 
ch00_p5-pl1-sample1-sperm6.tif 4 4 0.9870072197592382 
ch00_p5-pl1-sample10-sperm4.tif 4 4 0.6233733334237621 
ch00_p5-pl1-sample10-sperm6.tif 4 4 0.9924807767086397 
ch00_p5-pl1-sample10-sperm7.tif 4 4 0.9934785682952842 
ch00_p5-pl1-sample12-sperm15.tif 4 0 0.8181023464675783 
ch00_p5-pl1-sample12-sperm16.tif 4 4 0.9987523730191202 
ch00_p5-pl1-sample12-sperm5.tif 4 4 0.999999554649077 
ch00_p5-pl1-sample12-sperm7.tif 4 0 0.9858287985521912 
ch00_p5-pl1-sample14-sperm8.tif 4 4 0.9971009778008539 
ch00_p5-pl1-sample15-sperm2.tif 4 4 0.9832909718808799 
ch00_p5-pl1-sample15-sperm7.tif 4 4 0.9204979393776492 
ch00_p5-pl1-sample17-sperm2.tif 4 4 0.9947437833437481 
ch00_p5-pl1-sample17-sperm5.tif 4 4 0.98295971861924 
ch00_p5-pl1-sample2-sperm10.tif 4 4 0.9963886735788513 
ch00_p5-pl1-sample20-sperm13.tif 4 4 0.9980372200412407 
ch00_p5-pl1-sample3-sperm21.tif 4 4 0.9927159706058587 
ch00_p5-pl1-sample4-sperm3.tif 4 4 0.9999977680283406 
ch00_p5-pl1-sample4-sperm8.tif 4 3 0.9911484361793809 
ch00_p5-pl1-sample5-sperm19.tif 4 4 0.8467817421400506 
ch00_p5-pl1-sample9-sperm1.tif 4 4 0.9973391735156395 
ch00_p5-pl1-sample9-sperm3.tif 4 1 0.649530548669274 
ch00_p5-pl1-sample9-sperm5.tif 4 3 0.9991347952320626 
ch00_p5-pl1-sample9-sperm6.tif 4 4 0.8591102905173382 
