ch00_p1-pl2-sample1-sperm10.tif 0 4 0.9713439651737751 
ch00_p1-pl2-sample10-sperm1.tif 0 0 0.6726908018078508 
ch00_p1-pl2-sample10-sperm4.tif 0 4 0.7794283509534845 
ch00_p1-pl2-sample12-sperm9.tif 0 0 0.9732377251506978 
ch00_p1-pl2-sample14-sperm10.tif 0 4 0.5953424268356755 
ch00_p1-pl2-sample19-sperm7.tif 0 4 0.5265662301577363 
ch00_p1-pl2-sample22-sperm5.tif 0 4 0.9391430479900391 
ch00_p1-pl2-sample3-sperm4.tif 0 1 0.9765165082793711 
ch00_p1-pl2-sample35-sperm1.tif 0 4 0.9722922388300661 
ch00_p1-pl2-sample4-sperm20.tif 0 0 0.7415228160855488 
ch00_p1-pl2-sample4-sperm7.tif 0 1 0.777189015606615 
ch00_p1-pl2-sample8-sperm6.tif 0 0 0.9969328443542234 
ch00_p1-pl2-sample9-sperm9.tif 0 4 0.9999973531823553 
ch00_p1-pl3-sample10-sperm2.tif 0 4 0.9999994984273214 
ch00_p1-pl3-sample13-sperm3.tif 0 4 0.999999929661366 
ch00_p1-pl3-sample15-sperm10.tif 0 0 0.9472972612509372 
ch00_p1-pl3-sample16-sperm7.tif 0 4 0.9016073518573436 
ch00_p1-pl3-sample2-sperm3.tif 0 4 0.9999993831225505 
ch00_p1-pl3-sample20-sperm6.tif 0 0 0.9973909158329259 
ch00_p3-pl1-sample19-sperm2.tif 0 4 0.8713364149921524 
ch00_p3-pl1-sample25-sperm12.tif 0 0 0.9986969123174096 
ch00_p3-pl1-sample25-sperm13.tif 0 4 0.7517581813301069 
ch00_p3-pl1-sample25-sperm3.tif 0 4 0.9975273565314885 
ch00_p3-pl1-sample4-sperm4.tif 0 0 0.9983830066982233 
ch00_p4-pl1-sample15-sperm4.tif 0 4 0.6387782738381701 
ch00_p4-pl1-sample18-sperm8.tif 0 4 0.9976884306109536 
ch00_p4-pl1-sample6-sperm10.tif 0 4 0.9430155131957585 
ch00_p4-pl2-sample14-sperm7.tif 0 0 0.9935636952557546 
ch00_p4-pl2-sample5-sperm6.tif 0 4 0.999998345041773 
ch00_p5-pl1-sample2-sperm9.tif 0 4 0.9926937409661128 
ch00_p1-pl2-sample1-sperm6.tif 1 1 0.5299661006088928 
ch00_p1-pl2-sample10-sperm5.tif 1 4 0.9976656365092336 
ch00_p1-pl2-sample11-sperm10.tif 1 4 0.991537185482442 
ch00_p1-pl2-sample11-sperm4.tif 1 4 0.9588021483106275 
ch00_p1-pl2-sample13-sperm10.tif 1 1 0.5133977810846064 
ch00_p1-pl2-sample13-sperm6.tif 1 1 0.6728272197464972 
ch00_p1-pl2-sample15-sperm3.tif 1 1 0.9418615740119525 
ch00_p1-pl2-sample19-sperm4.tif 1 4 0.9213862066979446 
ch00_p1-pl2-sample2-sperm12.tif 1 1 0.998274839918284 
ch00_p1-pl2-sample2-sperm3.tif 1 4 0.9988871381727584 
ch00_p1-pl2-sample2-sperm4.tif 1 1 0.999556417179589 
ch00_p1-pl2-sample20-sperm13.tif 1 1 0.9446653117441559 
ch00_p1-pl2-sample21-sperm3.tif 1 1 0.999405702074816 
ch00_p1-pl2-sample21-sperm8.tif 1 4 0.9982066828709801 
ch00_p1-pl2-sample21-sperm9.tif 1 1 0.8174354595910591 
ch00_p1-pl2-sample22-sperm6.tif 1 4 0.9922413652645888 
ch00_p1-pl2-sample24-sperm6.tif 1 1 0.9868910169363533 
ch00_p1-pl2-sample25-sperm2.tif 1 4 0.9986808932547592 
ch00_p1-pl2-sample27-sperm2.tif 1 4 0.8326318796905816 
ch00_p1-pl2-sample29-sperm5.tif 1 4 0.8693322084744299 
ch00_p1-pl2-sample3-sperm10.tif 1 1 0.9957629278590275 
ch00_p1-pl2-sample3-sperm3.tif 1 1 0.7307779261485291 
ch00_p1-pl2-sample3-sperm9.tif 1 1 0.9280081541855602 
ch00_p1-pl2-sample30-sperm5.tif 1 1 0.9964660423469073 
ch00_p1-pl2-sample30-sperm7.tif 1 1 0.8957284223126835 
ch00_p1-pl2-sample31-sperm4.tif 1 1 0.9997227778389595 
ch00_p1-pl2-sample31-sperm8.tif 1 4 0.9917539152284923 
ch00_p1-pl2-sample32-sperm6.tif 1 4 0.904853215001634 
ch00_p1-pl2-sample33-sperm12.tif 1 1 0.9924555352149446 
ch00_p1-pl2-sample5-sperm5.tif 1 0 0.8459882746109066 
ch00_p1-pl2-sample7-sperm11.tif 1 1 0.9961788947073279 
ch00_p1-pl2-sample8-sperm1.tif 1 4 0.9972152407979119 
ch00_p1-pl2-sample9-sperm8.tif 1 4 0.8766145000242238 
ch00_p1-pl3-sample11-sperm9.tif 1 1 0.9983275601784998 
ch00_p1-pl3-sample12-sperm19.tif 1 1 0.9056910936042883 
ch00_p1-pl3-sample12-sperm2.tif 1 4 0.9932248257535566 
ch00_p1-pl3-sample12-sperm7.tif 1 2 0.7240239166305255 
ch00_p1-pl3-sample18-sperm3.tif 1 1 0.9377150183356092 
ch00_p1-pl3-sample20-sperm3.tif 1 4 0.4726551952951893 
ch00_p1-pl3-sample7-sperm10.tif 1 1 0.9970184635092474 
ch00_p1-pl3-sample7-sperm12.tif 1 1 0.8534957791491982 
ch00_p3-pl1-sample12-sperm5.tif 1 1 0.9996022013156961 
ch00_p3-pl1-sample15-sperm9.tif 1 4 0.7100795168554521 
ch00_p3-pl1-sample17-sperm4.tif 1 1 0.8759347119851659 
ch00_p3-pl1-sample19-sperm7.tif 1 1 0.9996842443146048 
ch00_p3-pl1-sample21-sperm7.tif 1 1 0.9982240715331393 
ch00_p3-pl1-sample22-sperm1.tif 1 4 0.9944813337992384 
ch00_p3-pl1-sample23-sperm4.tif 1 4 0.7883112284184975 
ch00_p3-pl1-sample27-sperm2.tif 1 4 0.580175019333366 
ch00_p3-pl1-sample29-sperm6.tif 1 1 0.999964541582668 
ch00_p3-pl1-sample3-sperm7.tif 1 1 0.9946918501499286 
ch00_p3-pl1-sample30-sperm2.tif 1 1 0.9993728864615306 
ch00_p3-pl1-sample31-sperm6.tif 1 1 0.9935745201758205 
ch00_p3-pl1-sample32-sperm5.tif 1 4 0.581385325101683 
ch00_p3-pl1-sample5-sperm6.tif 1 1 0.9999233233720565 
ch00_p3-pl1-sample8-sperm2.tif 1 1 0.9979444356134148 
ch00_p4-pl1-sample12-sperm7.tif 1 1 0.9921983843728521 
ch00_p4-pl1-sample19-sperm3.tif 1 1 0.8929080070119254 
ch00_p4-pl1-sample9-sperm16.tif 1 1 0.999372767982011 
ch00_p4-pl2-sample11-sperm1.tif 1 1 0.6289469678287392 
ch00_p4-pl2-sample5-sperm7.tif 1 1 0.9694352465162438 
ch00_p5-pl1-sample11-sperm2.tif 1 1 0.9992115638008537 
ch00_p5-pl1-sample12-sperm17.tif 1 1 0.9942761782355887 
ch00_p5-pl1-sample19-sperm11.tif 1 1 0.9768228079586667 
ch00_p5-pl1-sample20-sperm3.tif 1 1 0.9973933989555194 
ch00_p5-pl1-sample4-sperm9.tif 1 4 0.8609737154351716 
ch00_p5-pl1-sample5-sperm20.tif 1 4 0.721588923902698 
ch00_p5-pl1-sample6-sperm16.tif 1 1 0.9979861290688871 
ch00_p1-pl2-sample10-sperm7.tif 2 4 0.9884724876732237 
ch00_p1-pl2-sample13-sperm20.tif 2 2 0.9999961096979078 
ch00_p1-pl2-sample15-sperm2.tif 2 4 0.6547106782628987 
ch00_p1-pl2-sample17-sperm12.tif 2 4 0.9149473314333112 
ch00_p1-pl2-sample20-sperm14.tif 2 4 0.9981819914705387 
ch00_p1-pl2-sample23-sperm9.tif 2 2 0.9945721475424169 
ch00_p1-pl2-sample34-sperm5.tif 2 2 0.9767687277344492 
ch00_p1-pl2-sample6-sperm2.tif 2 2 0.9999954894992853 
ch00_p1-pl2-sample9-sperm17.tif 2 4 0.9999999944010005 
ch00_p1-pl3-sample1-sperm11.tif 2 1 0.9828105644711272 
ch00_p1-pl3-sample17-sperm9.tif 2 2 0.9980001915045161 
ch00_p1-pl3-sample20-sperm4.tif 2 2 0.9974198018383622 
ch00_p1-pl3-sample6-sperm17.tif 2 4 0.9717313596635025 
ch00_p1-pl3-sample6-sperm2.tif 2 4 0.6688424705518804 
ch00_p1-pl3-sample7-sperm13.tif 2 4 0.9845149550798638 
ch00_p1-pl3-sample7-sperm5.tif 2 4 0.861475552924146 
ch00_p3-pl1-sample14-sperm8.tif 2 4 0.9797596181915165 
ch00_p3-pl1-sample28-sperm5.tif 2 2 0.6999069397731479 
ch00_p4-pl1-sample12-sperm15.tif 2 4 0.9999989831858848 
ch00_p4-pl1-sample13-sperm4.tif 2 2 0.9971779637062717 
ch00_p4-pl1-sample4-sperm6.tif 2 2 0.9955475028319233 
ch00_p4-pl1-sample7-sperm15.tif 2 4 0.9989206738692211 
ch00_p1-pl2-sample15-sperm6.tif 3 1 0.8731108733677335 
ch00_p1-pl2-sample17-sperm8.tif 3 4 0.9865200264824356 
ch00_p1-pl2-sample21-sperm5.tif 3 0 0.9644583599422252 
ch00_p1-pl2-sample23-sperm8.tif 3 3 0.995390384369809 
ch00_p1-pl2-sample24-sperm3.tif 3 3 0.8567793460654956 
ch00_p1-pl2-sample33-sperm9.tif 3 4 0.9999997034930762 
ch00_p1-pl2-sample4-sperm12.tif 3 4 0.9991030873221581 
ch00_p1-pl2-sample7-sperm4.tif 3 0 0.7617448841411125 
ch00_p1-pl3-sample17-sperm4.tif 3 4 0.6197989526772394 
ch00_p1-pl3-sample20-sperm14.tif 3 4 0.9999999428491856 
ch00_p1-pl3-sample20-sperm9.tif 3 3 0.9927446742652616 
ch00_p1-pl3-sample23-sperm13.tif 3 4 0.9994266460472425 
ch00_p1-pl3-sample24-sperm1.tif 3 3 0.9764922504734642 
ch00_p1-pl3-sample4-sperm4.tif 3 4 0.9999950385595583 
ch00_p1-pl3-sample9-sperm9.tif 3 3 0.575702976284312 
ch00_p3-pl1-sample10-sperm1.tif 3 0 0.8712940599813583 
ch00_p3-pl1-sample28-sperm2.tif 3 4 0.7365014695160986 
ch00_p4-pl1-sample10-sperm2.tif 3 4 0.9987863783705061 
ch00_p4-pl1-sample11-sperm3.tif 3 3 0.9997439440263844 
ch00_p4-pl1-sample4-sperm13.tif 3 4 0.7478498705889571 
ch00_p5-pl1-sample18-sperm1.tif 3 3 0.78330010015919 
ch00_p1-pl2-sample1-sperm1.tif 4 4 0.9999996368755143 
ch00_p1-pl2-sample10-sperm14.tif 4 4 0.8723527904214994 
ch00_p1-pl2-sample10-sperm16.tif 4 0 0.974876065373507 
ch00_p1-pl2-sample12-sperm1.tif 4 2 0.936279121777215 
ch00_p1-pl2-sample12-sperm11.tif 4 4 0.9999997993814377 
ch00_p1-pl2-sample13-sperm1.tif 4 4 0.9974428672543773 
ch00_p1-pl2-sample13-sperm2.tif 4 4 0.9975996576657635 
ch00_p1-pl2-sample14-sperm14.tif 4 2 0.9998384787630087 
ch00_p1-pl2-sample14-sperm4.tif 4 4 0.9973486156631729 
ch00_p1-pl2-sample14-sperm8.tif 4 0 0.9954357389937092 
ch00_p1-pl2-sample18-sperm9.tif 4 4 0.9911002551813296 
ch00_p1-pl2-sample2-sperm17.tif 4 4 0.9518354756751517 
ch00_p1-pl2-sample2-sperm8.tif 4 4 0.9999988357208488 
ch00_p1-pl2-sample23-sperm16.tif 4 4 0.9999996900744389 
ch00_p1-pl2-sample26-sperm1.tif 4 4 0.9874088871173557 
ch00_p1-pl2-sample28-sperm3.tif 4 4 0.9756233281222401 
ch00_p1-pl2-sample28-sperm4.tif 4 4 0.9999977728689915 
ch00_p1-pl2-sample28-sperm8.tif 4 4 0.9999999262454168 
ch00_p1-pl2-sample3-sperm13.tif 4 4 0.8940468263550075 
ch00_p1-pl2-sample30-sperm9.tif 4 4 0.9466087068295769 
ch00_p1-pl2-sample31-sperm6.tif 4 1 0.9940127493083535 
ch00_p1-pl2-sample31-sperm9.tif 4 4 0.9983578587679803 
ch00_p1-pl2-sample32-sperm11.tif 4 4 0.985965812254488 
ch00_p1-pl2-sample32-sperm9.tif 4 4 0.9999973252781049 
ch00_p1-pl2-sample33-sperm7.tif 4 4 0.9999995902420934 
ch00_p1-pl2-sample34-sperm10.tif 4 4 0.9999999248080642 
ch00_p1-pl2-sample34-sperm11.tif 4 4 0.9809215319766095 
ch00_p1-pl2-sample34-sperm8.tif 4 4 0.9910460110991954 
ch00_p1-pl2-sample35-sperm9.tif 4 4 0.9907305379838336 
ch00_p1-pl2-sample4-sperm4.tif 4 2 0.5477787587920016 
ch00_p1-pl2-sample8-sperm5.tif 4 4 0.9999975589354456 
ch00_p1-pl3-sample1-sperm13.tif 4 4 0.9972225522701275 
ch00_p1-pl3-sample10-sperm1.tif 4 4 0.9458975778579974 
ch00_p1-pl3-sample12-sperm10.tif 4 4 0.9637381581751479 
ch00_p1-pl3-sample13-sperm5.tif 4 4 0.978131208805193 
ch00_p1-pl3-sample13-sperm7.tif 4 4 0.992380819362038 
ch00_p1-pl3-sample13-sperm9.tif 4 2 0.97648655745854 
ch00_p1-pl3-sample14-sperm15.tif 4 4 0.8811932413111743 
ch00_p1-pl3-sample15-sperm19.tif 4 4 0.9751758601606878 
ch00_p1-pl3-sample15-sperm5.tif 4 4 0.9999981238959664 
ch00_p1-pl3-sample17-sperm7.tif 4 4 0.6941525436789313 
ch00_p1-pl3-sample19-sperm1.tif 4 4 0.9090973558476082 
ch00_p1-pl3-sample19-sperm2.tif 4 4 0.9845158435943109 
ch00_p1-pl3-sample2-sperm10.tif 4 0 0.8990971034000266 
ch00_p1-pl3-sample2-sperm12.tif 4 4 0.9999986240091245 
ch00_p1-pl3-sample2-sperm14.tif 4 4 0.985263518003016 
ch00_p1-pl3-sample21-sperm4.tif 4 4 0.6229642091129253 
ch00_p1-pl3-sample21-sperm9.tif 4 4 0.9881940397500254 
ch00_p1-pl3-sample22-sperm6.tif 4 4 0.9587474790323885 
ch00_p1-pl3-sample23-sperm11.tif 4 1 0.9678680308161117 
ch00_p1-pl3-sample23-sperm18.tif 4 4 0.9916951255242006 
ch00_p1-pl3-sample23-sperm6.tif 4 4 0.9566981679675068 
ch00_p1-pl3-sample24-sperm11.tif 4 4 0.7798496960459951 
ch00_p1-pl3-sample24-sperm13.tif 4 4 0.9827137592539684 
ch00_p1-pl3-sample24-sperm23.tif 4 4 0.9987684427515113 
ch00_p1-pl3-sample24-sperm6.tif 4 4 0.5099196133271117 
ch00_p1-pl3-sample25-sperm10.tif 4 4 0.9745401163898656 
ch00_p1-pl3-sample25-sperm3.tif 4 1 0.9984460426058048 
ch00_p1-pl3-sample25-sperm4.tif 4 2 0.5942634809165787 
ch00_p1-pl3-sample25-sperm8.tif 4 0 0.9894392379171647 
ch00_p1-pl3-sample3-sperm4.tif 4 4 0.6896754153283401 
ch00_p1-pl3-sample3-sperm6.tif 4 4 0.9977703787308154 
ch00_p1-pl3-sample4-sperm10.tif 4 1 0.5462717535686663 
ch00_p1-pl3-sample4-sperm9.tif 4 4 0.99999720961876 
ch00_p1-pl3-sample5-sperm13.tif 4 4 0.735221075227948 
ch00_p1-pl3-sample8-sperm15.tif 4 4 0.9999998480084488 
ch00_p1-pl3-sample8-sperm6.tif 4 4 0.9685613856558541 
ch00_p1-pl3-sample9-sperm12.tif 4 0 0.9770908536307896 
ch00_p1-pl3-sample9-sperm14.tif 4 4 0.9958877185474266 
ch00_p1-pl3-sample9-sperm8.tif 4 4 0.9971087106689474 
ch00_p3-pl1-sample11-sperm1.tif 4 4 0.8340522299333909 
ch00_p3-pl1-sample13-sperm4.tif 4 4 0.9961956100975142 
ch00_p3-pl1-sample13-sperm6.tif 4 4 0.9826413075874988 
ch00_p3-pl1-sample15-sperm4.tif 4 4 0.9999986909413681 
ch00_p3-pl1-sample19-sperm9.tif 4 4 0.9755042033234678 
ch00_p3-pl1-sample2-sperm10.tif 4 4 0.6998664508456933 
ch00_p3-pl1-sample2-sperm5.tif 4 2 0.9999944616607175 
ch00_p3-pl1-sample2-sperm6.tif 4 3 0.8456621822894329 
ch00_p3-pl1-sample20-sperm2.tif 4 0 0.9943200900060682 
ch00_p3-pl1-sample21-sperm4.tif 4 4 0.9665661156495461 
ch00_p3-pl1-sample23-sperm6.tif 4 4 0.924047205917727 
ch00_p3-pl1-sample24-sperm4.tif 4 4 0.5857087125732856 
ch00_p3-pl1-sample25-sperm10.tif 4 1 0.9827975591025649 
ch00_p3-pl1-sample25-sperm2.tif 4 4 0.9999975408410019 
ch00_p3-pl1-sample26-sperm5.tif 4 4 0.7467314607355509 
ch00_p3-pl1-sample29-sperm4.tif 4 4 0.9999994335061668 
ch00_p3-pl1-sample3-sperm2.tif 4 3 0.6764150170260109 
ch00_p3-pl1-sample3-sperm6.tif 4 2 0.9999578603599303 
ch00_p3-pl1-sample30-sperm4.tif 4 4 0.9979661205554221 
ch00_p3-pl1-sample32-sperm6.tif 4 4 0.8714511638518292 
ch00_p3-pl1-sample32-sperm7.tif 4 4 0.5937010873319469 
ch00_p3-pl1-sample5-sperm3.tif 4 4 0.5246489427412828 
ch00_p3-pl1-sample7-sperm1.tif 4 4 0.9964002552358735 
ch00_p3-pl1-sample7-sperm6.tif 4 4 0.7979644229824802 
ch00_p3-pl1-sample7-sperm7.tif 4 4 0.5817733688068539 
ch00_p3-pl1-sample7-sperm8.tif 4 4 0.9981916481239796 
ch00_p4-pl1-sample1-sperm12.tif 4 1 0.997036274986744 
ch00_p4-pl1-sample1-sperm7.tif 4 4 0.9999977243168001 
ch00_p4-pl1-sample1-sperm8.tif 4 4 0.9999992359864244 
ch00_p4-pl1-sample1-sperm9.tif 4 2 0.678207558839068 
ch00_p4-pl1-sample10-sperm16.tif 4 4 0.9726933005922568 
ch00_p4-pl1-sample10-sperm17.tif 4 0 0.8171067371846785 
ch00_p4-pl1-sample10-sperm20.tif 4 4 0.9066784208620754 
ch00_p4-pl1-sample10-sperm21.tif 4 4 0.9969545484288159 
ch00_p4-pl1-sample10-sperm5.tif 4 4 0.9927402101588577 
ch00_p4-pl1-sample11-sperm14.tif 4 4 0.991224225643411 
ch00_p4-pl1-sample11-sperm4.tif 4 4 0.9865302524809179 
ch00_p4-pl1-sample12-sperm1.tif 4 4 0.8398879927234523 
ch00_p4-pl1-sample12-sperm8.tif 4 1 0.6533542727313436 
ch00_p4-pl1-sample13-sperm5.tif 4 2 0.9878663294816828 
ch00_p4-pl1-sample13-sperm7.tif 4 4 0.9841364401369032 
ch00_p4-pl1-sample13-sperm8.tif 4 1 0.5851793134251588 
ch00_p4-pl1-sample14-sperm13.tif 4 4 0.9987992745471953 
ch00_p4-pl1-sample14-sperm3.tif 4 4 0.9978259968640271 
ch00_p4-pl1-sample14-sperm5.tif 4 1 0.934872116574385 
ch00_p4-pl1-sample14-sperm7.tif 4 4 0.9188855992638856 
ch00_p4-pl1-sample15-sperm5.tif 4 4 0.9847389049457969 
ch00_p4-pl1-sample16-sperm10.tif 4 2 0.9740247627339038 
ch00_p4-pl1-sample16-sperm17.tif 4 4 0.9946291621461434 
ch00_p4-pl1-sample16-sperm7.tif 4 0 0.6474797340529247 
ch00_p4-pl1-sample18-sperm1.tif 4 4 0.9741462492677115 
ch00_p4-pl1-sample2-sperm1.tif 4 1 0.9278175610085997 
ch00_p4-pl1-sample2-sperm13.tif 4 4 0.9999981716339641 
ch00_p4-pl1-sample4-sperm10.tif 4 4 0.9946155224851301 
ch00_p4-pl1-sample4-sperm3.tif 4 4 0.9922173169895238 
ch00_p4-pl1-sample5-sperm1.tif 4 4 0.9923831001966463 
ch00_p4-pl1-sample5-sperm2.tif 4 1 0.5174513406016958 
ch00_p4-pl1-sample5-sperm9.tif 4 4 0.9890380512950983 
ch00_p4-pl1-sample6-sperm3.tif 4 3 0.9997942233997915 
ch00_p4-pl1-sample6-sperm7.tif 4 4 0.9969314380331034 
ch00_p4-pl1-sample7-sperm10.tif 4 0 0.9980534464762861 
ch00_p4-pl1-sample7-sperm13.tif 4 4 0.9969224293436557 
ch00_p4-pl1-sample7-sperm2.tif 4 4 0.9869837105347041 
ch00_p4-pl1-sample7-sperm8.tif 4 0 0.8728978002320414 
ch00_p4-pl1-sample8-sperm1.tif 4 4 0.9333354846256882 
ch00_p4-pl1-sample8-sperm10.tif 4 2 0.9295860379933284 
ch00_p4-pl1-sample8-sperm12.tif 4 2 0.9936436126251933 
ch00_p4-pl1-sample8-sperm9.tif 4 4 0.9978574087483837 
ch00_p4-pl1-sample9-sperm2.tif 4 4 0.9974708502970973 
ch00_p4-pl1-sample9-sperm6.tif 4 4 0.9809161064599236 
ch00_p4-pl2-sample10-sperm7.tif 4 4 0.9999991698038242 
ch00_p4-pl2-sample12-sperm1.tif 4 4 0.9944342576612524 
ch00_p4-pl2-sample12-sperm11.tif 4 2 0.603068617757855 
ch00_p4-pl2-sample12-sperm7.tif 4 4 0.85675363463184 
ch00_p4-pl2-sample13-sperm10.tif 4 4 0.9999999358437821 
ch00_p4-pl2-sample13-sperm2.tif 4 0 0.641245127542486 
ch00_p4-pl2-sample15-sperm5.tif 4 2 0.8435446602766311 
ch00_p4-pl2-sample16-sperm4.tif 4 4 0.993485582602173 
ch00_p4-pl2-sample16-sperm5.tif 4 3 0.9995785731121734 
ch00_p4-pl2-sample17-sperm3.tif 4 4 0.8982348626455223 
ch00_p4-pl2-sample18-sperm1.tif 4 4 0.9981897776448649 
ch00_p4-pl2-sample18-sperm3.tif 4 4 0.7439070719064399 
ch00_p4-pl2-sample19-sperm3.tif 4 1 0.9833344675757251 
ch00_p4-pl2-sample19-sperm4.tif 4 0 0.5301867657084909 
ch00_p4-pl2-sample2-sperm10.tif 4 4 0.6268426561836554 
ch00_p4-pl2-sample20-sperm3.tif 4 4 0.7561258935018167 
ch00_p4-pl2-sample20-sperm5.tif 4 0 0.9279921282090458 
ch00_p4-pl2-sample3-sperm3.tif 4 4 0.9976253286953938 
ch00_p4-pl2-sample3-sperm4.tif 4 4 0.9953865750779733 
ch00_p4-pl2-sample3-sperm6.tif 4 2 0.797758932149746 
ch00_p4-pl2-sample3-sperm7.tif 4 4 0.9993808770266495 
ch00_p4-pl2-sample5-sperm4.tif 4 0 0.8320882697454355 
ch00_p4-pl2-sample5-sperm5.tif 4 4 0.7356589190645347 
ch00_p4-pl2-sample6-sperm3.tif 4 4 0.9149037767844996 
ch00_p4-pl2-sample7-sperm10.tif 4 4 0.9999989753431457 
ch00_p4-pl2-sample7-sperm3.tif 4 0 0.997841290521554 
ch00_p4-pl2-sample7-sperm7.tif 4 1 0.9998001618580232 
ch00_p4-pl2-sample7-sperm8.tif 4 4 0.999999555722215 
ch00_p4-pl2-sample8-sperm1.tif 4 4 0.9893356343070548 
ch00_p4-pl2-sample8-sperm2.tif 4 4 0.9900968746257143 
ch00_p4-pl2-sample8-sperm9.tif 4 4 0.9960285811173387 
ch00_p4-pl2-sample9-sperm7.tif 4 2 0.9222508646406016 
ch00_p5-pl1-sample1-sperm5.tif 4 4 0.996596187162758 
ch00_p5-pl1-sample1-sperm6.tif 4 1 0.988304953783065 
ch00_p5-pl1-sample10-sperm4.tif 4 4 0.5425917178669182 
ch00_p5-pl1-sample10-sperm6.tif 4 4 0.9660548997588683 
ch00_p5-pl1-sample10-sperm7.tif 4 3 0.6337539036235815 
ch00_p5-pl1-sample12-sperm15.tif 4 0 0.9479729394900156 
ch00_p5-pl1-sample12-sperm16.tif 4 4 0.9985761650469305 
ch00_p5-pl1-sample12-sperm5.tif 4 4 0.9999996515301153 
ch00_p5-pl1-sample12-sperm7.tif 4 0 0.9989021902309018 
ch00_p5-pl1-sample14-sperm8.tif 4 4 0.9948081291492309 
ch00_p5-pl1-sample15-sperm2.tif 4 4 0.9999999413736862 
ch00_p5-pl1-sample15-sperm7.tif 4 1 0.9971374219651528 
ch00_p5-pl1-sample17-sperm2.tif 4 4 0.9999988345658243 
ch00_p5-pl1-sample17-sperm5.tif 4 4 0.9972274135057042 
ch00_p5-pl1-sample2-sperm10.tif 4 1 0.9002136310471379 
ch00_p5-pl1-sample20-sperm13.tif 4 4 0.8392373952118015 
ch00_p5-pl1-sample3-sperm21.tif 4 4 0.6507051005462403 
ch00_p5-pl1-sample4-sperm3.tif 4 4 0.9999997011263514 
ch00_p5-pl1-sample4-sperm8.tif 4 4 0.9971361244361883 
ch00_p5-pl1-sample5-sperm19.tif 4 4 0.9981795546962957 
ch00_p5-pl1-sample9-sperm1.tif 4 4 0.9982764482914098 
ch00_p5-pl1-sample9-sperm3.tif 4 4 0.540701615996156 
ch00_p5-pl1-sample9-sperm5.tif 4 4 0.966051415560623 
ch00_p5-pl1-sample9-sperm6.tif 4 4 0.9999991017711637 
