ch00_p1-pl2-sample3-sperm12.tif 0 0 0.9329680919694331 
ch00_p1-pl2-sample34-sperm9.tif 0 0 0.9457489737210815 
ch00_p1-pl2-sample35-sperm1.tif 0 4 0.5788294547214882 
ch00_p1-pl3-sample10-sperm2.tif 0 4 0.9984567585267229 
ch00_p1-pl3-sample13-sperm3.tif 0 4 0.9968706166635832 
ch00_p1-pl3-sample15-sperm10.tif 0 4 0.9799629652281876 
ch00_p1-pl3-sample15-sperm22.tif 0 3 0.8840563169482298 
ch00_p1-pl3-sample16-sperm10.tif 0 0 0.9835879337360866 
ch00_p1-pl3-sample17-sperm3.tif 0 4 0.9596301222993742 
ch00_p1-pl3-sample2-sperm3.tif 0 1 0.8755999879811363 
ch00_p1-pl3-sample6-sperm11.tif 0 4 0.9666418599272381 
ch00_p3-pl1-sample16-sperm2.tif 0 4 0.9999998093653459 
ch00_p3-pl1-sample17-sperm7.tif 0 4 0.9987874654314476 
ch00_p3-pl1-sample19-sperm2.tif 0 4 0.5750498526405086 
ch00_p3-pl1-sample25-sperm13.tif 0 4 0.997411600885211 
ch00_p3-pl1-sample30-sperm6.tif 0 4 0.9926998937371617 
ch00_p3-pl1-sample4-sperm4.tif 0 4 0.9823604838204586 
ch00_p4-pl1-sample1-sperm13.tif 0 4 0.9239379005522741 
ch00_p4-pl1-sample1-sperm3.tif 0 0 0.7066824972914793 
ch00_p4-pl1-sample10-sperm9.tif 0 4 0.9548652745353539 
ch00_p4-pl1-sample13-sperm6.tif 0 4 0.7627937974787324 
ch00_p4-pl1-sample15-sperm7.tif 0 4 0.8600105968978624 
ch00_p4-pl1-sample18-sperm4.tif 0 4 0.9999996705617338 
ch00_p4-pl1-sample20-sperm7.tif 0 4 0.9999991078318228 
ch00_p4-pl1-sample9-sperm3.tif 0 4 0.9999995509535861 
ch00_p4-pl1-sample9-sperm5.tif 0 4 0.9999997879572581 
ch00_p4-pl2-sample5-sperm6.tif 0 4 0.999999850729436 
ch00_p5-pl1-sample2-sperm9.tif 0 4 0.999998090928875 
ch00_p5-pl1-sample5-sperm3.tif 0 4 0.989189481046706 
ch00_p5-pl1-sample8-sperm7.tif 0 4 0.9999992987716746 
ch00_p1-pl2-sample11-sperm2.tif 1 1 0.9956932378377827 
ch00_p1-pl2-sample11-sperm4.tif 1 1 0.8442402848328184 
ch00_p1-pl2-sample12-sperm3.tif 1 1 0.9003695572193908 
ch00_p1-pl2-sample19-sperm10.tif 1 4 0.9837632777712071 
ch00_p1-pl2-sample19-sperm11.tif 1 1 0.9993291383677319 
ch00_p1-pl2-sample19-sperm14.tif 1 4 0.8137072854222356 
ch00_p1-pl2-sample2-sperm12.tif 1 1 0.9812912556113502 
ch00_p1-pl2-sample20-sperm7.tif 1 4 0.9966149474942362 
ch00_p1-pl2-sample21-sperm9.tif 1 1 0.9958951524354077 
ch00_p1-pl2-sample22-sperm6.tif 1 4 0.7615624474154012 
ch00_p1-pl2-sample25-sperm8.tif 1 1 0.47157459863473894 
ch00_p1-pl2-sample26-sperm5.tif 1 1 0.9968733983774413 
ch00_p1-pl2-sample29-sperm6.tif 1 4 0.949190999051589 
ch00_p1-pl2-sample3-sperm17.tif 1 4 0.9924833138008806 
ch00_p1-pl2-sample3-sperm3.tif 1 1 0.9805527475508886 
ch00_p1-pl2-sample30-sperm7.tif 1 1 0.9901829193449055 
ch00_p1-pl2-sample35-sperm7.tif 1 1 0.9994171858772422 
ch00_p1-pl2-sample4-sperm8.tif 1 1 0.9921691056931305 
ch00_p1-pl2-sample5-sperm5.tif 1 2 0.8448044786243847 
ch00_p1-pl2-sample6-sperm10.tif 1 1 0.9999847187109857 
ch00_p1-pl2-sample7-sperm11.tif 1 1 0.9957549283797598 
ch00_p1-pl2-sample7-sperm3.tif 1 4 0.9426225682853574 
ch00_p1-pl2-sample8-sperm1.tif 1 4 0.9910938385867765 
ch00_p1-pl2-sample9-sperm11.tif 1 1 0.9999483527608877 
ch00_p1-pl2-sample9-sperm12.tif 1 1 0.9457740104206082 
ch00_p1-pl2-sample9-sperm15.tif 1 4 0.8013503677656425 
ch00_p1-pl2-sample9-sperm2.tif 1 1 0.8741899477475454 
ch00_p1-pl2-sample9-sperm8.tif 1 4 0.8084705473977402 
ch00_p1-pl3-sample1-sperm5.tif 1 4 0.919823228273575 
ch00_p1-pl3-sample10-sperm4.tif 1 4 0.9844914657658957 
ch00_p1-pl3-sample11-sperm9.tif 1 1 0.9457507276554016 
ch00_p1-pl3-sample12-sperm19.tif 1 4 0.9399687236858922 
ch00_p1-pl3-sample15-sperm6.tif 1 4 0.8604734184799853 
ch00_p1-pl3-sample17-sperm8.tif 1 4 0.9982739714972948 
ch00_p1-pl3-sample18-sperm3.tif 1 1 0.8112318856841604 
ch00_p1-pl3-sample19-sperm4.tif 1 4 0.9999974092513909 
ch00_p1-pl3-sample5-sperm2.tif 1 4 0.9825108828083905 
ch00_p1-pl3-sample7-sperm12.tif 1 1 0.9985071229562261 
ch00_p3-pl1-sample10-sperm2.tif 1 1 0.9842013704614652 
ch00_p3-pl1-sample12-sperm4.tif 1 1 0.9999664080585391 
ch00_p3-pl1-sample17-sperm4.tif 1 4 0.8763993420939998 
ch00_p3-pl1-sample18-sperm1.tif 1 1 0.9785140115981854 
ch00_p3-pl1-sample21-sperm7.tif 1 1 0.9996848933982058 
ch00_p3-pl1-sample23-sperm11.tif 1 1 0.9689954025653843 
ch00_p3-pl1-sample23-sperm4.tif 1 1 0.97417356003696 
ch00_p3-pl1-sample27-sperm2.tif 1 1 0.998326805629719 
ch00_p3-pl1-sample29-sperm6.tif 1 1 0.9999975526234804 
ch00_p3-pl1-sample30-sperm2.tif 1 1 0.985432125576907 
ch00_p3-pl1-sample31-sperm6.tif 1 1 0.9850558997002399 
ch00_p3-pl1-sample6-sperm5.tif 1 1 0.9944668169783231 
ch00_p3-pl1-sample7-sperm14.tif 1 1 0.9027757610488052 
ch00_p4-pl1-sample1-sperm11.tif 1 4 0.9999995515940017 
ch00_p4-pl1-sample1-sperm4.tif 1 1 0.9409492539680547 
ch00_p4-pl1-sample19-sperm3.tif 1 4 0.9038888477543309 
ch00_p4-pl1-sample2-sperm7.tif 1 1 0.47242849085335314 
ch00_p4-pl1-sample3-sperm8.tif 1 1 0.9547323107425022 
ch00_p4-pl1-sample9-sperm16.tif 1 1 0.9255912499845561 
ch00_p4-pl2-sample10-sperm2.tif 1 1 0.9333643258942678 
ch00_p4-pl2-sample11-sperm1.tif 1 4 0.9649415234155262 
ch00_p5-pl1-sample11-sperm2.tif 1 1 0.9880586813129423 
ch00_p5-pl1-sample14-sperm5.tif 1 1 0.9325693388334751 
ch00_p5-pl1-sample18-sperm11.tif 1 4 0.8769504322498013 
ch00_p5-pl1-sample2-sperm2.tif 1 1 0.9658259761983014 
ch00_p5-pl1-sample20-sperm11.tif 1 1 0.46772009387306196 
ch00_p5-pl1-sample4-sperm9.tif 1 3 0.9643452206736726 
ch00_p5-pl1-sample6-sperm13.tif 1 1 0.9989027378106479 
ch00_p5-pl1-sample7-sperm10.tif 1 1 0.956769831302392 
ch00_p5-pl1-sample8-sperm2.tif 1 1 0.9691388530400115 
ch00_p1-pl2-sample10-sperm7.tif 2 1 0.9957452963004246 
ch00_p1-pl2-sample17-sperm10.tif 2 0 0.5434917687404824 
ch00_p1-pl2-sample17-sperm12.tif 2 4 0.889137735701396 
ch00_p1-pl2-sample24-sperm4.tif 2 4 0.9999995651056652 
ch00_p1-pl2-sample31-sperm2.tif 2 4 0.9688597207232527 
ch00_p1-pl2-sample35-sperm14.tif 2 1 0.9947024210382275 
ch00_p1-pl2-sample9-sperm17.tif 2 4 0.9581013560558489 
ch00_p1-pl3-sample1-sperm15.tif 2 4 0.988000147380565 
ch00_p1-pl3-sample10-sperm5.tif 2 4 0.9933711614111677 
ch00_p1-pl3-sample11-sperm6.tif 2 2 0.5977778036247929 
ch00_p1-pl3-sample17-sperm9.tif 2 2 0.9851308130587028 
ch00_p1-pl3-sample5-sperm12.tif 2 4 0.9982007303555972 
ch00_p1-pl3-sample7-sperm5.tif 2 4 0.7062454883923034 
ch00_p1-pl3-sample9-sperm4.tif 2 4 0.985218771074327 
ch00_p4-pl1-sample10-sperm10.tif 2 1 0.8679512249693261 
ch00_p4-pl1-sample12-sperm15.tif 2 4 0.9891910742909822 
ch00_p4-pl1-sample13-sperm4.tif 2 4 0.9607075632268568 
ch00_p4-pl1-sample19-sperm7.tif 2 2 0.9995013138845427 
ch00_p4-pl1-sample3-sperm10.tif 2 1 0.5497933024988452 
ch00_p4-pl2-sample11-sperm5.tif 2 4 0.9999997789593315 
ch00_p4-pl2-sample17-sperm6.tif 2 4 0.9999998807235387 
ch00_p4-pl2-sample3-sperm10.tif 2 4 0.4305084469439156 
ch00_p1-pl2-sample13-sperm13.tif 3 4 0.5873136078216994 
ch00_p1-pl2-sample15-sperm6.tif 3 4 0.9424787818621163 
ch00_p1-pl2-sample18-sperm4.tif 3 4 0.5458862793278665 
ch00_p1-pl2-sample22-sperm10.tif 3 4 0.8169888792160482 
ch00_p1-pl2-sample28-sperm2.tif 3 4 0.7645279932158883 
ch00_p1-pl2-sample7-sperm4.tif 3 4 0.923270321150867 
ch00_p1-pl3-sample12-sperm9.tif 3 3 0.9740181759128892 
ch00_p1-pl3-sample15-sperm11.tif 3 3 0.7243706671672908 
ch00_p1-pl3-sample16-sperm11.tif 3 1 0.6017150991886691 
ch00_p1-pl3-sample16-sperm16.tif 3 3 0.9904008219482867 
ch00_p1-pl3-sample23-sperm13.tif 3 4 0.9999971850051642 
ch00_p1-pl3-sample24-sperm1.tif 3 4 0.9094610822248137 
ch00_p1-pl3-sample25-sperm14.tif 3 3 0.9931588894265926 
ch00_p1-pl3-sample5-sperm10.tif 3 4 0.9834388382352455 
ch00_p1-pl3-sample9-sperm6.tif 3 4 0.9963778466403082 
ch00_p3-pl1-sample31-sperm3.tif 3 4 0.9974648369067566 
ch00_p3-pl1-sample32-sperm1.tif 3 4 0.5225641760736507 
ch00_p4-pl1-sample4-sperm13.tif 3 3 0.5400617759006217 
ch00_p4-pl1-sample9-sperm14.tif 3 4 0.9993478895781677 
ch00_p4-pl2-sample8-sperm3.tif 3 1 0.6802141493443685 
ch00_p5-pl1-sample18-sperm1.tif 3 4 0.9536327342402616 
ch00_p1-pl2-sample1-sperm12.tif 4 4 0.9676790826516625 
ch00_p1-pl2-sample1-sperm4.tif 4 1 0.9997058827017012 
ch00_p1-pl2-sample10-sperm12.tif 4 4 0.9999999333569028 
ch00_p1-pl2-sample10-sperm8.tif 4 1 0.9858433419497594 
ch00_p1-pl2-sample12-sperm1.tif 4 1 0.6355676539802134 
ch00_p1-pl2-sample12-sperm2.tif 4 1 0.895998602974916 
ch00_p1-pl2-sample12-sperm5.tif 4 4 0.9999975541969426 
ch00_p1-pl2-sample12-sperm7.tif 4 1 0.9790835691452583 
ch00_p1-pl2-sample13-sperm1.tif 4 4 0.9999999902404584 
ch00_p1-pl2-sample13-sperm5.tif 4 4 0.6919637744407071 
ch00_p1-pl2-sample14-sperm1.tif 4 4 0.9928783682359792 
ch00_p1-pl2-sample14-sperm11.tif 4 1 0.607042223660782 
ch00_p1-pl2-sample14-sperm14.tif 4 4 0.9865005614168405 
ch00_p1-pl2-sample14-sperm2.tif 4 4 0.9999970391930035 
ch00_p1-pl2-sample15-sperm5.tif 4 4 0.9987171423131403 
ch00_p1-pl2-sample16-sperm5.tif 4 4 0.7484900179826813 
ch00_p1-pl2-sample17-sperm2.tif 4 1 0.9530297962772786 
ch00_p1-pl2-sample18-sperm2.tif 4 4 0.8094145210502518 
ch00_p1-pl2-sample2-sperm11.tif 4 4 0.9976520009878483 
ch00_p1-pl2-sample20-sperm10.tif 4 0 0.7045543905340167 
ch00_p1-pl2-sample25-sperm3.tif 4 4 0.6318591168608172 
ch00_p1-pl2-sample26-sperm1.tif 4 3 0.6172609819445792 
ch00_p1-pl2-sample26-sperm12.tif 4 4 0.5702274180867216 
ch00_p1-pl2-sample27-sperm5.tif 4 1 0.5116381780631379 
ch00_p1-pl2-sample28-sperm1.tif 4 4 0.9986659324270412 
ch00_p1-pl2-sample28-sperm10.tif 4 4 0.9833074499519124 
ch00_p1-pl2-sample29-sperm1.tif 4 4 0.9999994069875928 
ch00_p1-pl2-sample3-sperm8.tif 4 0 0.843325795345243 
ch00_p1-pl2-sample30-sperm1.tif 4 4 0.9712586307956622 
ch00_p1-pl2-sample30-sperm6.tif 4 4 0.5696894388199497 
ch00_p1-pl2-sample31-sperm3.tif 4 1 0.61955792620792 
ch00_p1-pl2-sample31-sperm6.tif 4 1 0.9650954678946678 
ch00_p1-pl2-sample32-sperm1.tif 4 4 0.9986965778446011 
ch00_p1-pl2-sample32-sperm9.tif 4 4 0.9967728055752557 
ch00_p1-pl2-sample33-sperm2.tif 4 4 0.9863708203857252 
ch00_p1-pl2-sample34-sperm8.tif 4 4 0.9466096676809919 
ch00_p1-pl2-sample35-sperm10.tif 4 1 0.98911628200968 
ch00_p1-pl2-sample4-sperm16.tif 4 1 0.9363050405893822 
ch00_p1-pl2-sample7-sperm13.tif 4 1 0.573976781855157 
ch00_p1-pl2-sample9-sperm18.tif 4 1 0.5025869422213403 
ch00_p1-pl3-sample10-sperm7.tif 4 4 0.9509672496154234 
ch00_p1-pl3-sample12-sperm6.tif 4 4 0.9752871847682069 
ch00_p1-pl3-sample12-sperm8.tif 4 4 0.7247388296355187 
ch00_p1-pl3-sample14-sperm1.tif 4 4 0.9750640571908822 
ch00_p1-pl3-sample14-sperm16.tif 4 4 0.8168480057413298 
ch00_p1-pl3-sample14-sperm6.tif 4 4 0.9999999663352251 
ch00_p1-pl3-sample14-sperm7.tif 4 4 0.9914022688215659 
ch00_p1-pl3-sample15-sperm12.tif 4 4 0.5168053680419908 
ch00_p1-pl3-sample15-sperm20.tif 4 3 0.9843632945130047 
ch00_p1-pl3-sample15-sperm5.tif 4 0 0.5211052399749792 
ch00_p1-pl3-sample15-sperm9.tif 4 1 0.9858177192076927 
ch00_p1-pl3-sample17-sperm2.tif 4 4 0.9842231559894253 
ch00_p1-pl3-sample19-sperm8.tif 4 0 0.9466854054673285 
ch00_p1-pl3-sample20-sperm7.tif 4 4 0.9563300190134499 
ch00_p1-pl3-sample20-sperm8.tif 4 4 0.9999970132043526 
ch00_p1-pl3-sample21-sperm11.tif 4 4 0.9850944440089583 
ch00_p1-pl3-sample21-sperm3.tif 4 4 0.8590474281222878 
ch00_p1-pl3-sample21-sperm4.tif 4 4 0.997432382237636 
ch00_p1-pl3-sample21-sperm6.tif 4 0 0.5684289792840994 
ch00_p1-pl3-sample23-sperm18.tif 4 4 0.994385166878291 
ch00_p1-pl3-sample23-sperm19.tif 4 4 0.9869865442978599 
ch00_p1-pl3-sample23-sperm2.tif 4 4 0.9993592563547652 
ch00_p1-pl3-sample24-sperm11.tif 4 3 0.9266727542310956 
ch00_p1-pl3-sample24-sperm14.tif 4 4 0.30653239824805034 
ch00_p1-pl3-sample24-sperm24.tif 4 4 0.9970976125671359 
ch00_p1-pl3-sample25-sperm11.tif 4 4 0.4333206643459894 
ch00_p1-pl3-sample3-sperm5.tif 4 4 0.9930507995404152 
ch00_p1-pl3-sample3-sperm8.tif 4 3 0.7318344905486548 
ch00_p1-pl3-sample4-sperm3.tif 4 3 0.9339464982851094 
ch00_p1-pl3-sample4-sperm8.tif 4 4 0.9982597197013982 
ch00_p1-pl3-sample4-sperm9.tif 4 4 0.6652953133676413 
ch00_p1-pl3-sample5-sperm13.tif 4 4 0.6885451938466758 
ch00_p1-pl3-sample5-sperm4.tif 4 4 0.9992809337807426 
ch00_p1-pl3-sample5-sperm9.tif 4 1 0.9997964514560939 
ch00_p1-pl3-sample6-sperm4.tif 4 3 0.9244883227699822 
ch00_p1-pl3-sample6-sperm5.tif 4 4 0.9999998246322784 
ch00_p1-pl3-sample8-sperm6.tif 4 4 0.9991220319727071 
ch00_p1-pl3-sample9-sperm12.tif 4 4 0.6248716771253265 
ch00_p1-pl3-sample9-sperm14.tif 4 4 0.9238243256888948 
ch00_p3-pl1-sample1-sperm5.tif 4 1 0.9044268898033495 
ch00_p3-pl1-sample11-sperm7.tif 4 4 0.9964069139948949 
ch00_p3-pl1-sample12-sperm7.tif 4 4 0.9735455345782491 
ch00_p3-pl1-sample13-sperm1.tif 4 1 0.9145282071366596 
ch00_p3-pl1-sample16-sperm4.tif 4 4 0.6495668365046653 
ch00_p3-pl1-sample19-sperm3.tif 4 4 0.6759357108062072 
ch00_p3-pl1-sample19-sperm4.tif 4 4 0.999999970150947 
ch00_p3-pl1-sample19-sperm9.tif 4 4 0.783590324816327 
ch00_p3-pl1-sample20-sperm4.tif 4 1 0.8839963127953331 
ch00_p3-pl1-sample21-sperm4.tif 4 4 0.9981459636766064 
ch00_p3-pl1-sample23-sperm2.tif 4 4 0.9999998167280049 
ch00_p3-pl1-sample23-sperm7.tif 4 4 0.9973608872943334 
ch00_p3-pl1-sample25-sperm10.tif 4 1 0.923170261398934 
ch00_p3-pl1-sample25-sperm2.tif 4 4 0.9978502482262671 
ch00_p3-pl1-sample26-sperm3.tif 4 4 0.997231659528316 
ch00_p3-pl1-sample3-sperm2.tif 4 3 0.9948816029145204 
ch00_p3-pl1-sample3-sperm6.tif 4 4 0.9989334459029123 
ch00_p3-pl1-sample3-sperm9.tif 4 1 0.8502494986430204 
ch00_p3-pl1-sample32-sperm4.tif 4 1 0.5716807467095807 
ch00_p3-pl1-sample32-sperm7.tif 4 1 0.9061275457496798 
ch00_p3-pl1-sample4-sperm1.tif 4 1 0.8782445288991955 
ch00_p3-pl1-sample6-sperm3.tif 4 4 0.9261538989254852 
ch00_p3-pl1-sample7-sperm13.tif 4 4 0.9204954498005331 
ch00_p3-pl1-sample7-sperm6.tif 4 1 0.9793682960594341 
ch00_p3-pl1-sample7-sperm8.tif 4 4 0.7091943485036323 
ch00_p3-pl1-sample8-sperm3.tif 4 4 0.9907626649224246 
ch00_p4-pl1-sample1-sperm1.tif 4 0 0.9097314447680581 
ch00_p4-pl1-sample1-sperm8.tif 4 4 0.9999999863261152 
ch00_p4-pl1-sample10-sperm12.tif 4 0 0.9618392130988662 
ch00_p4-pl1-sample10-sperm16.tif 4 4 0.9999999598475569 
ch00_p4-pl1-sample10-sperm20.tif 4 4 0.9937470496232097 
ch00_p4-pl1-sample11-sperm8.tif 4 0 0.9997007905699683 
ch00_p4-pl1-sample12-sperm6.tif 4 4 0.9978969589360961 
ch00_p4-pl1-sample13-sperm3.tif 4 4 0.9927998021182255 
ch00_p4-pl1-sample13-sperm8.tif 4 4 0.9999997810185107 
ch00_p4-pl1-sample14-sperm13.tif 4 4 0.9958969832182418 
ch00_p4-pl1-sample14-sperm4.tif 4 0 0.9966439217988908 
ch00_p4-pl1-sample14-sperm5.tif 4 4 0.9999993770506864 
ch00_p4-pl1-sample16-sperm13.tif 4 4 0.9475931006791026 
ch00_p4-pl1-sample16-sperm17.tif 4 4 0.9999999734527192 
ch00_p4-pl1-sample16-sperm7.tif 4 4 0.999999682473496 
ch00_p4-pl1-sample18-sperm1.tif 4 4 0.9991771203030531 
ch00_p4-pl1-sample19-sperm6.tif 4 1 0.487063448319798 
ch00_p4-pl1-sample2-sperm1.tif 4 4 0.9664894095988193 
ch00_p4-pl1-sample20-sperm10.tif 4 2 0.4813246257352802 
ch00_p4-pl1-sample3-sperm11.tif 4 1 0.7541803300745065 
ch00_p4-pl1-sample3-sperm6.tif 4 2 0.921737525461247 
ch00_p4-pl1-sample3-sperm9.tif 4 3 0.41814125572105876 
ch00_p4-pl1-sample4-sperm10.tif 4 4 0.986854690720325 
ch00_p4-pl1-sample4-sperm12.tif 4 1 0.5217864487021988 
ch00_p4-pl1-sample4-sperm14.tif 4 4 0.9530194704939499 
ch00_p4-pl1-sample4-sperm16.tif 4 4 0.9287050643620072 
ch00_p4-pl1-sample5-sperm1.tif 4 4 0.9464781892181896 
ch00_p4-pl1-sample5-sperm7.tif 4 4 0.999999078375354 
ch00_p4-pl1-sample6-sperm3.tif 4 3 0.9799194810685539 
ch00_p4-pl1-sample6-sperm7.tif 4 4 0.9963156905480153 
ch00_p4-pl1-sample6-sperm9.tif 4 4 0.9999991327731229 
ch00_p4-pl1-sample7-sperm13.tif 4 4 0.9870725748881081 
ch00_p4-pl1-sample7-sperm2.tif 4 4 0.9999998258554779 
ch00_p4-pl1-sample8-sperm1.tif 4 4 0.9711439215138725 
ch00_p4-pl1-sample8-sperm7.tif 4 4 0.9985152372241523 
ch00_p4-pl1-sample8-sperm9.tif 4 4 0.9913488141786981 
ch00_p4-pl1-sample9-sperm15.tif 4 4 0.5794163762334936 
ch00_p4-pl1-sample9-sperm2.tif 4 4 0.9956985563550876 
ch00_p4-pl1-sample9-sperm4.tif 4 4 0.9999999911835944 
ch00_p4-pl1-sample9-sperm6.tif 4 4 0.6486145407838851 
ch00_p4-pl2-sample10-sperm1.tif 4 4 0.856251927570613 
ch00_p4-pl2-sample11-sperm2.tif 4 4 0.9999989969870978 
ch00_p4-pl2-sample12-sperm10.tif 4 4 0.9982414096575396 
ch00_p4-pl2-sample12-sperm9.tif 4 0 0.40698484939191154 
ch00_p4-pl2-sample13-sperm10.tif 4 4 0.9969194797983995 
ch00_p4-pl2-sample13-sperm2.tif 4 4 0.9999998920788954 
ch00_p4-pl2-sample13-sperm7.tif 4 0 0.46663203498727995 
ch00_p4-pl2-sample14-sperm10.tif 4 4 0.8948228189196785 
ch00_p4-pl2-sample14-sperm8.tif 4 4 0.9999995457788936 
ch00_p4-pl2-sample15-sperm1.tif 4 4 0.9880059747443551 
ch00_p4-pl2-sample17-sperm3.tif 4 4 0.9929530445810855 
ch00_p4-pl2-sample18-sperm7.tif 4 4 0.9999999151346289 
ch00_p4-pl2-sample18-sperm8.tif 4 1 0.9604085980696793 
ch00_p4-pl2-sample18-sperm9.tif 4 4 0.6934237915252341 
ch00_p4-pl2-sample19-sperm1.tif 4 4 0.9999961635992727 
ch00_p4-pl2-sample19-sperm4.tif 4 4 0.9999996176765075 
ch00_p4-pl2-sample19-sperm7.tif 4 4 0.9999999910798927 
ch00_p4-pl2-sample2-sperm5.tif 4 4 0.9999981938397519 
ch00_p4-pl2-sample20-sperm2.tif 4 4 0.9999999910893893 
ch00_p4-pl2-sample20-sperm5.tif 4 0 0.9749853078330288 
ch00_p4-pl2-sample20-sperm8.tif 4 4 0.9999999667230544 
ch00_p4-pl2-sample5-sperm1.tif 4 4 0.5910184333271411 
ch00_p4-pl2-sample5-sperm5.tif 4 4 0.9999990257909843 
ch00_p4-pl2-sample6-sperm6.tif 4 0 0.5205592992438507 
ch00_p4-pl2-sample7-sperm5.tif 4 2 0.753981251155213 
ch00_p4-pl2-sample7-sperm6.tif 4 4 0.9199821072359038 
ch00_p4-pl2-sample8-sperm9.tif 4 3 0.9834783377898372 
ch00_p5-pl1-sample1-sperm3.tif 4 4 0.9999993723297209 
ch00_p5-pl1-sample1-sperm5.tif 4 4 0.999999598152467 
ch00_p5-pl1-sample1-sperm6.tif 4 4 0.9747840168368477 
ch00_p5-pl1-sample12-sperm13.tif 4 4 0.9999974545546063 
ch00_p5-pl1-sample12-sperm14.tif 4 4 0.9999988599425906 
ch00_p5-pl1-sample15-sperm4.tif 4 4 0.9999970466586133 
ch00_p5-pl1-sample15-sperm7.tif 4 1 0.993262876072277 
ch00_p5-pl1-sample16-sperm3.tif 4 4 0.9976418581209665 
ch00_p5-pl1-sample17-sperm13.tif 4 4 0.9861608100130396 
ch00_p5-pl1-sample18-sperm6.tif 4 4 0.9968572034172956 
ch00_p5-pl1-sample2-sperm10.tif 4 4 0.942190429939477 
ch00_p5-pl1-sample2-sperm13.tif 4 4 0.9980622576769081 
ch00_p5-pl1-sample2-sperm6.tif 4 4 0.9992571900271595 
ch00_p5-pl1-sample20-sperm6.tif 4 4 0.8980370485185624 
ch00_p5-pl1-sample3-sperm15.tif 4 4 0.9999993891351846 
ch00_p5-pl1-sample3-sperm23.tif 4 4 0.9999970364802832 
ch00_p5-pl1-sample3-sperm5.tif 4 4 0.9981699295197775 
ch00_p5-pl1-sample3-sperm7.tif 4 1 0.9918379874019394 
ch00_p5-pl1-sample4-sperm5.tif 4 4 0.9893961324150333 
ch00_p5-pl1-sample5-sperm15.tif 4 1 0.6190974580363837 
ch00_p5-pl1-sample6-sperm9.tif 4 0 0.9138097796869135 
ch00_p5-pl1-sample9-sperm1.tif 4 1 0.9513163826113094 
ch00_p5-pl1-sample9-sperm4.tif 4 4 0.9999986513470823 
ch00_p5-pl1-sample9-sperm5.tif 4 3 0.716821122288877 
