ch00_p1-pl2-sample3-sperm12.tif 0 0 0.6322567857128888 
ch00_p1-pl2-sample34-sperm9.tif 0 0 0.9533207829642233 
ch00_p1-pl2-sample35-sperm1.tif 0 1 0.6400636029502811 
ch00_p1-pl3-sample10-sperm2.tif 0 4 0.8096588262621627 
ch00_p1-pl3-sample13-sperm3.tif 0 0 0.33919358780450076 
ch00_p1-pl3-sample15-sperm10.tif 0 4 0.9671880657430426 
ch00_p1-pl3-sample15-sperm22.tif 0 3 0.6532727173809701 
ch00_p1-pl3-sample16-sperm10.tif 0 0 0.7639333192755108 
ch00_p1-pl3-sample17-sperm3.tif 0 0 0.6159758863775584 
ch00_p1-pl3-sample2-sperm3.tif 0 4 0.7248478364686359 
ch00_p1-pl3-sample6-sperm11.tif 0 4 0.8382235520869837 
ch00_p3-pl1-sample16-sperm2.tif 0 4 0.8884682606732126 
ch00_p3-pl1-sample17-sperm7.tif 0 4 0.9398352792773564 
ch00_p3-pl1-sample19-sperm2.tif 0 0 0.8254488906709022 
ch00_p3-pl1-sample25-sperm13.tif 0 3 0.8744570071614688 
ch00_p3-pl1-sample30-sperm6.tif 0 0 0.8694196311288073 
ch00_p3-pl1-sample4-sperm4.tif 0 0 0.6555310508372961 
ch00_p4-pl1-sample1-sperm13.tif 0 0 0.7533411740330223 
ch00_p4-pl1-sample1-sperm3.tif 0 4 0.7305391595982094 
ch00_p4-pl1-sample10-sperm9.tif 0 0 0.9420232430850246 
ch00_p4-pl1-sample13-sperm6.tif 0 3 0.5184898100104375 
ch00_p4-pl1-sample15-sperm7.tif 0 0 0.9306846702618298 
ch00_p4-pl1-sample18-sperm4.tif 0 0 0.9548422000250338 
ch00_p4-pl1-sample20-sperm7.tif 0 4 0.7517879599596133 
ch00_p4-pl1-sample9-sperm3.tif 0 0 0.9255713859653553 
ch00_p4-pl1-sample9-sperm5.tif 0 4 0.576843938930823 
ch00_p4-pl2-sample5-sperm6.tif 0 4 0.8283407282231486 
ch00_p5-pl1-sample2-sperm9.tif 0 3 0.5230198080039535 
ch00_p5-pl1-sample5-sperm3.tif 0 3 0.88688795376124 
ch00_p5-pl1-sample8-sperm7.tif 0 3 0.8205892216705024 
ch00_p1-pl2-sample11-sperm2.tif 1 1 0.8825832181841289 
ch00_p1-pl2-sample11-sperm4.tif 1 1 0.8091462813194141 
ch00_p1-pl2-sample12-sperm3.tif 1 4 0.8185794513470411 
ch00_p1-pl2-sample19-sperm10.tif 1 4 0.6646939999907908 
ch00_p1-pl2-sample19-sperm11.tif 1 1 0.5808623565868707 
ch00_p1-pl2-sample19-sperm14.tif 1 2 0.9650556461608549 
ch00_p1-pl2-sample2-sperm12.tif 1 1 0.7444951008901682 
ch00_p1-pl2-sample20-sperm7.tif 1 4 0.763854141395032 
ch00_p1-pl2-sample21-sperm9.tif 1 1 0.7739540222285562 
ch00_p1-pl2-sample22-sperm6.tif 1 4 0.8779416983763008 
ch00_p1-pl2-sample25-sperm8.tif 1 1 0.4975867817809642 
ch00_p1-pl2-sample26-sperm5.tif 1 1 0.9351054517893381 
ch00_p1-pl2-sample29-sperm6.tif 1 4 0.9470903369007333 
ch00_p1-pl2-sample3-sperm17.tif 1 4 0.561831772388035 
ch00_p1-pl2-sample3-sperm3.tif 1 4 0.6926023573462138 
ch00_p1-pl2-sample30-sperm7.tif 1 1 0.9105633968690431 
ch00_p1-pl2-sample35-sperm7.tif 1 1 0.9287750229044112 
ch00_p1-pl2-sample4-sperm8.tif 1 4 0.7285011559701924 
ch00_p1-pl2-sample5-sperm5.tif 1 2 0.5044935555862122 
ch00_p1-pl2-sample6-sperm10.tif 1 1 0.785820137683019 
ch00_p1-pl2-sample7-sperm11.tif 1 4 0.5664628790397541 
ch00_p1-pl2-sample7-sperm3.tif 1 1 0.7712684036766946 
ch00_p1-pl2-sample8-sperm1.tif 1 4 0.44333435932134563 
ch00_p1-pl2-sample9-sperm11.tif 1 1 0.9369734415270801 
ch00_p1-pl2-sample9-sperm12.tif 1 0 0.5861584263750835 
ch00_p1-pl2-sample9-sperm15.tif 1 4 0.6524730182955231 
ch00_p1-pl2-sample9-sperm2.tif 1 4 0.9706202758825706 
ch00_p1-pl2-sample9-sperm8.tif 1 1 0.9166716180454183 
ch00_p1-pl3-sample1-sperm5.tif 1 1 0.509612253415515 
ch00_p1-pl3-sample10-sperm4.tif 1 4 0.7408841124482396 
ch00_p1-pl3-sample11-sperm9.tif 1 1 0.9142194237964976 
ch00_p1-pl3-sample12-sperm19.tif 1 1 0.9757455188720683 
ch00_p1-pl3-sample15-sperm6.tif 1 4 0.6866430594983038 
ch00_p1-pl3-sample17-sperm8.tif 1 0 0.96092258208033 
ch00_p1-pl3-sample18-sperm3.tif 1 1 0.9007593775544506 
ch00_p1-pl3-sample19-sperm4.tif 1 4 0.7611812538538194 
ch00_p1-pl3-sample5-sperm2.tif 1 4 0.89683900699259 
ch00_p1-pl3-sample7-sperm12.tif 1 1 0.9355747861711422 
ch00_p3-pl1-sample10-sperm2.tif 1 1 0.8599328003330683 
ch00_p3-pl1-sample12-sperm4.tif 1 1 0.8837480684227645 
ch00_p3-pl1-sample17-sperm4.tif 1 1 0.4785958401918897 
ch00_p3-pl1-sample18-sperm1.tif 1 1 0.9758483293528921 
ch00_p3-pl1-sample21-sperm7.tif 1 1 0.9329024812308657 
ch00_p3-pl1-sample23-sperm11.tif 1 1 0.9950392443806987 
ch00_p3-pl1-sample23-sperm4.tif 1 4 0.9057971471108078 
ch00_p3-pl1-sample27-sperm2.tif 1 1 0.8177277983736576 
ch00_p3-pl1-sample29-sperm6.tif 1 1 0.9132396878035676 
ch00_p3-pl1-sample30-sperm2.tif 1 1 0.9203765419196123 
ch00_p3-pl1-sample31-sperm6.tif 1 1 0.822406462372394 
ch00_p3-pl1-sample6-sperm5.tif 1 1 0.48692513478393934 
ch00_p3-pl1-sample7-sperm14.tif 1 1 0.6353027807022988 
ch00_p4-pl1-sample1-sperm11.tif 1 1 0.714903011403871 
ch00_p4-pl1-sample1-sperm4.tif 1 1 0.8440053060338105 
ch00_p4-pl1-sample19-sperm3.tif 1 1 0.6577723022536305 
ch00_p4-pl1-sample2-sperm7.tif 1 1 0.8533983045774352 
ch00_p4-pl1-sample3-sperm8.tif 1 1 0.9685277608713294 
ch00_p4-pl1-sample9-sperm16.tif 1 1 0.9301152816462848 
ch00_p4-pl2-sample10-sperm2.tif 1 1 0.8652056390286123 
ch00_p4-pl2-sample11-sperm1.tif 1 4 0.9241691528351254 
ch00_p5-pl1-sample11-sperm2.tif 1 1 0.97184317888872 
ch00_p5-pl1-sample14-sperm5.tif 1 1 0.7715792225972286 
ch00_p5-pl1-sample18-sperm11.tif 1 0 0.49434083304381443 
ch00_p5-pl1-sample2-sperm2.tif 1 1 0.9133883662898445 
ch00_p5-pl1-sample20-sperm11.tif 1 1 0.4205785733903784 
ch00_p5-pl1-sample4-sperm9.tif 1 3 0.9052506828326903 
ch00_p5-pl1-sample6-sperm13.tif 1 1 0.8077160288861754 
ch00_p5-pl1-sample7-sperm10.tif 1 1 0.971286947257462 
ch00_p5-pl1-sample8-sperm2.tif 1 4 0.7473252333376502 
ch00_p1-pl2-sample10-sperm7.tif 2 0 0.3305921133827475 
ch00_p1-pl2-sample17-sperm10.tif 2 0 0.4383021191875282 
ch00_p1-pl2-sample17-sperm12.tif 2 4 0.8031126220927338 
ch00_p1-pl2-sample24-sperm4.tif 2 2 0.8252890794760964 
ch00_p1-pl2-sample31-sperm2.tif 2 1 0.32968912481440665 
ch00_p1-pl2-sample35-sperm14.tif 2 1 0.9766717849710551 
ch00_p1-pl2-sample9-sperm17.tif 2 2 0.7591034776124096 
ch00_p1-pl3-sample1-sperm15.tif 2 4 0.929114914110758 
ch00_p1-pl3-sample10-sperm5.tif 2 2 0.9519141117140854 
ch00_p1-pl3-sample11-sperm6.tif 2 1 0.8935916482774682 
ch00_p1-pl3-sample17-sperm9.tif 2 2 0.9590704754504606 
ch00_p1-pl3-sample5-sperm12.tif 2 4 0.7653233891589911 
ch00_p1-pl3-sample7-sperm5.tif 2 2 0.9014674894072503 
ch00_p1-pl3-sample9-sperm4.tif 2 2 0.9671898543563318 
ch00_p4-pl1-sample10-sperm10.tif 2 1 0.8123037590341385 
ch00_p4-pl1-sample12-sperm15.tif 2 4 0.8596987931435557 
ch00_p4-pl1-sample13-sperm4.tif 2 2 0.7650713531011807 
ch00_p4-pl1-sample19-sperm7.tif 2 2 0.6983926018171236 
ch00_p4-pl1-sample3-sperm10.tif 2 1 0.9242670075741505 
ch00_p4-pl2-sample11-sperm5.tif 2 2 0.9063205902863096 
ch00_p4-pl2-sample17-sperm6.tif 2 4 0.6070759532307602 
ch00_p4-pl2-sample3-sperm10.tif 2 4 0.46910575371370195 
ch00_p1-pl2-sample13-sperm13.tif 3 3 0.684415578442923 
ch00_p1-pl2-sample15-sperm6.tif 3 1 0.35320746204004533 
ch00_p1-pl2-sample18-sperm4.tif 3 0 0.8325507726421105 
ch00_p1-pl2-sample22-sperm10.tif 3 3 0.5513622716242238 
ch00_p1-pl2-sample28-sperm2.tif 3 3 0.8824883070397077 
ch00_p1-pl2-sample7-sperm4.tif 3 4 0.9009253813586254 
ch00_p1-pl3-sample12-sperm9.tif 3 4 0.4694474398864065 
ch00_p1-pl3-sample15-sperm11.tif 3 3 0.3807901522857971 
ch00_p1-pl3-sample16-sperm11.tif 3 1 0.5600999931489428 
ch00_p1-pl3-sample16-sperm16.tif 3 0 0.3437805993489105 
ch00_p1-pl3-sample23-sperm13.tif 3 4 0.34350075294287263 
ch00_p1-pl3-sample24-sperm1.tif 3 0 0.7421359496692177 
ch00_p1-pl3-sample25-sperm14.tif 3 3 0.8957190930482593 
ch00_p1-pl3-sample5-sperm10.tif 3 4 0.5188558873452825 
ch00_p1-pl3-sample9-sperm6.tif 3 3 0.4484654729272552 
ch00_p3-pl1-sample31-sperm3.tif 3 3 0.504593510843542 
ch00_p3-pl1-sample32-sperm1.tif 3 0 0.9900646583575352 
ch00_p4-pl1-sample4-sperm13.tif 3 3 0.7388872702134913 
ch00_p4-pl1-sample9-sperm14.tif 3 3 0.528659098570416 
ch00_p4-pl2-sample8-sperm3.tif 3 4 0.5546370794001514 
ch00_p5-pl1-sample18-sperm1.tif 3 3 0.3259446238093556 
ch00_p1-pl2-sample1-sperm12.tif 4 4 0.8145449436576199 
ch00_p1-pl2-sample1-sperm4.tif 4 1 0.9151070447905915 
ch00_p1-pl2-sample10-sperm12.tif 4 0 0.7159977135642346 
ch00_p1-pl2-sample10-sperm8.tif 4 4 0.44048917267604953 
ch00_p1-pl2-sample12-sperm1.tif 4 4 0.7189831921163966 
ch00_p1-pl2-sample12-sperm2.tif 4 4 0.9373245977301004 
ch00_p1-pl2-sample12-sperm5.tif 4 4 0.6629050867443218 
ch00_p1-pl2-sample12-sperm7.tif 4 1 0.615165128804466 
ch00_p1-pl2-sample13-sperm1.tif 4 4 0.8535759882620256 
ch00_p1-pl2-sample13-sperm5.tif 4 4 0.42062599649776505 
ch00_p1-pl2-sample14-sperm1.tif 4 4 0.8544676284254076 
ch00_p1-pl2-sample14-sperm11.tif 4 1 0.40618471277620355 
ch00_p1-pl2-sample14-sperm14.tif 4 2 0.8590176392578168 
ch00_p1-pl2-sample14-sperm2.tif 4 4 0.9405894629384253 
ch00_p1-pl2-sample15-sperm5.tif 4 0 0.9105928480366084 
ch00_p1-pl2-sample16-sperm5.tif 4 4 0.5961544994492214 
ch00_p1-pl2-sample17-sperm2.tif 4 1 0.9863317490302718 
ch00_p1-pl2-sample18-sperm2.tif 4 1 0.6153113916197833 
ch00_p1-pl2-sample2-sperm11.tif 4 4 0.759781209267746 
ch00_p1-pl2-sample20-sperm10.tif 4 0 0.4550113314625789 
ch00_p1-pl2-sample25-sperm3.tif 4 4 0.5956549781370851 
ch00_p1-pl2-sample26-sperm1.tif 4 3 0.6341708219162425 
ch00_p1-pl2-sample26-sperm12.tif 4 4 0.9538190911774078 
ch00_p1-pl2-sample27-sperm5.tif 4 4 0.8706538153830664 
ch00_p1-pl2-sample28-sperm1.tif 4 4 0.6824235394320161 
ch00_p1-pl2-sample28-sperm10.tif 4 4 0.5338559469214241 
ch00_p1-pl2-sample29-sperm1.tif 4 4 0.9265435281914057 
ch00_p1-pl2-sample3-sperm8.tif 4 4 0.6989768087870571 
ch00_p1-pl2-sample30-sperm1.tif 4 4 0.6687918623294977 
ch00_p1-pl2-sample30-sperm6.tif 4 2 0.38930457694899473 
ch00_p1-pl2-sample31-sperm3.tif 4 4 0.9720210035525187 
ch00_p1-pl2-sample31-sperm6.tif 4 1 0.7294623648888587 
ch00_p1-pl2-sample32-sperm1.tif 4 2 0.5174717524064598 
ch00_p1-pl2-sample32-sperm9.tif 4 4 0.909312990085756 
ch00_p1-pl2-sample33-sperm2.tif 4 4 0.9245331875570887 
ch00_p1-pl2-sample34-sperm8.tif 4 4 0.7821520548022216 
ch00_p1-pl2-sample35-sperm10.tif 4 1 0.9607103662048441 
ch00_p1-pl2-sample4-sperm16.tif 4 4 0.5291532072716549 
ch00_p1-pl2-sample7-sperm13.tif 4 4 0.9303059985895069 
ch00_p1-pl2-sample9-sperm18.tif 4 0 0.7122981511274441 
ch00_p1-pl3-sample10-sperm7.tif 4 4 0.8966833347509953 
ch00_p1-pl3-sample12-sperm6.tif 4 3 0.463943692260116 
ch00_p1-pl3-sample12-sperm8.tif 4 2 0.7554390187689227 
ch00_p1-pl3-sample14-sperm1.tif 4 4 0.6431293376146692 
ch00_p1-pl3-sample14-sperm16.tif 4 4 0.7638816723788158 
ch00_p1-pl3-sample14-sperm6.tif 4 4 0.7132007131877492 
ch00_p1-pl3-sample14-sperm7.tif 4 1 0.40762477226679583 
ch00_p1-pl3-sample15-sperm12.tif 4 2 0.8631403803043798 
ch00_p1-pl3-sample15-sperm20.tif 4 3 0.7203277743720499 
ch00_p1-pl3-sample15-sperm5.tif 4 4 0.500360938774228 
ch00_p1-pl3-sample15-sperm9.tif 4 1 0.35358850603558944 
ch00_p1-pl3-sample17-sperm2.tif 4 4 0.7355416964978897 
ch00_p1-pl3-sample19-sperm8.tif 4 4 0.5228907168016137 
ch00_p1-pl3-sample20-sperm7.tif 4 1 0.9597670141982162 
ch00_p1-pl3-sample20-sperm8.tif 4 4 0.8791684716702219 
ch00_p1-pl3-sample21-sperm11.tif 4 1 0.8824964594641832 
ch00_p1-pl3-sample21-sperm3.tif 4 1 0.43035757051864343 
ch00_p1-pl3-sample21-sperm4.tif 4 4 0.5717051644141855 
ch00_p1-pl3-sample21-sperm6.tif 4 0 0.5591568550902661 
ch00_p1-pl3-sample23-sperm18.tif 4 4 0.7267951430698373 
ch00_p1-pl3-sample23-sperm19.tif 4 4 0.9672245411821713 
ch00_p1-pl3-sample23-sperm2.tif 4 4 0.7041741944978326 
ch00_p1-pl3-sample24-sperm11.tif 4 3 0.7297614389917154 
ch00_p1-pl3-sample24-sperm14.tif 4 4 0.7459537779447819 
ch00_p1-pl3-sample24-sperm24.tif 4 4 0.827918150414136 
ch00_p1-pl3-sample25-sperm11.tif 4 4 0.6271029723079398 
ch00_p1-pl3-sample3-sperm5.tif 4 4 0.818880440717716 
ch00_p1-pl3-sample3-sperm8.tif 4 3 0.9493592999274371 
ch00_p1-pl3-sample4-sperm3.tif 4 3 0.800312217947568 
ch00_p1-pl3-sample4-sperm8.tif 4 4 0.687247565980183 
ch00_p1-pl3-sample4-sperm9.tif 4 2 0.82272983040119 
ch00_p1-pl3-sample5-sperm13.tif 4 1 0.26578805311105363 
ch00_p1-pl3-sample5-sperm4.tif 4 4 0.93926173764229 
ch00_p1-pl3-sample5-sperm9.tif 4 1 0.7063076272222375 
ch00_p1-pl3-sample6-sperm4.tif 4 3 0.5301352339751022 
ch00_p1-pl3-sample6-sperm5.tif 4 4 0.9187733291773129 
ch00_p1-pl3-sample8-sperm6.tif 4 4 0.8161180566001304 
ch00_p1-pl3-sample9-sperm12.tif 4 3 0.6476250901295603 
ch00_p1-pl3-sample9-sperm14.tif 4 4 0.9764869348720798 
ch00_p3-pl1-sample1-sperm5.tif 4 4 0.445795624780954 
ch00_p3-pl1-sample11-sperm7.tif 4 1 0.9974051977604641 
ch00_p3-pl1-sample12-sperm7.tif 4 4 0.5899940895581992 
ch00_p3-pl1-sample13-sperm1.tif 4 1 0.9777793850731272 
ch00_p3-pl1-sample16-sperm4.tif 4 4 0.8902497789494533 
ch00_p3-pl1-sample19-sperm3.tif 4 4 0.5156236738439559 
ch00_p3-pl1-sample19-sperm4.tif 4 4 0.7776646905905228 
ch00_p3-pl1-sample19-sperm9.tif 4 4 0.39769881033106624 
ch00_p3-pl1-sample20-sperm4.tif 4 1 0.8888503228991418 
ch00_p3-pl1-sample21-sperm4.tif 4 0 0.7001277881323689 
ch00_p3-pl1-sample23-sperm2.tif 4 4 0.8582636047348501 
ch00_p3-pl1-sample23-sperm7.tif 4 0 0.5662075238234494 
ch00_p3-pl1-sample25-sperm10.tif 4 1 0.972363494669257 
ch00_p3-pl1-sample25-sperm2.tif 4 3 0.6262443897605104 
ch00_p3-pl1-sample26-sperm3.tif 4 1 0.9800998942134808 
ch00_p3-pl1-sample3-sperm2.tif 4 3 0.78630011488091 
ch00_p3-pl1-sample3-sperm6.tif 4 4 0.8557081995036879 
ch00_p3-pl1-sample3-sperm9.tif 4 1 0.7518668311402679 
ch00_p3-pl1-sample32-sperm4.tif 4 1 0.8846689807364679 
ch00_p3-pl1-sample32-sperm7.tif 4 0 0.37903897171047335 
ch00_p3-pl1-sample4-sperm1.tif 4 1 0.914975305748714 
ch00_p3-pl1-sample6-sperm3.tif 4 1 0.5568135006965931 
ch00_p3-pl1-sample7-sperm13.tif 4 0 0.8996621190626712 
ch00_p3-pl1-sample7-sperm6.tif 4 4 0.5066100081261733 
ch00_p3-pl1-sample7-sperm8.tif 4 4 0.8528224699459226 
ch00_p3-pl1-sample8-sperm3.tif 4 1 0.9740126611707524 
ch00_p4-pl1-sample1-sperm1.tif 4 0 0.9855255105322541 
ch00_p4-pl1-sample1-sperm8.tif 4 4 0.8063826873137661 
ch00_p4-pl1-sample10-sperm12.tif 4 3 0.9557242725016708 
ch00_p4-pl1-sample10-sperm16.tif 4 0 0.8739162755167506 
ch00_p4-pl1-sample10-sperm20.tif 4 2 0.5478871336111207 
ch00_p4-pl1-sample11-sperm8.tif 4 0 0.9494707751697504 
ch00_p4-pl1-sample12-sperm6.tif 4 1 0.36748198793129583 
ch00_p4-pl1-sample13-sperm3.tif 4 2 0.5016190449501586 
ch00_p4-pl1-sample13-sperm8.tif 4 4 0.9553500690237993 
ch00_p4-pl1-sample14-sperm13.tif 4 4 0.8598186516742983 
ch00_p4-pl1-sample14-sperm4.tif 4 4 0.6538994091164112 
ch00_p4-pl1-sample14-sperm5.tif 4 1 0.8430311885912075 
ch00_p4-pl1-sample16-sperm13.tif 4 4 0.895435451498292 
ch00_p4-pl1-sample16-sperm17.tif 4 4 0.9400822509987472 
ch00_p4-pl1-sample16-sperm7.tif 4 4 0.8057517885868763 
ch00_p4-pl1-sample18-sperm1.tif 4 4 0.742078251627116 
ch00_p4-pl1-sample19-sperm6.tif 4 2 0.5205338663471635 
ch00_p4-pl1-sample2-sperm1.tif 4 4 0.5358719553547785 
ch00_p4-pl1-sample20-sperm10.tif 4 4 0.6372952655703618 
ch00_p4-pl1-sample3-sperm11.tif 4 4 0.6037908358297993 
ch00_p4-pl1-sample3-sperm6.tif 4 2 0.8588307784416923 
ch00_p4-pl1-sample3-sperm9.tif 4 0 0.2994330960394131 
ch00_p4-pl1-sample4-sperm10.tif 4 4 0.874728978856497 
ch00_p4-pl1-sample4-sperm12.tif 4 1 0.690248277050278 
ch00_p4-pl1-sample4-sperm14.tif 4 4 0.9339285039714178 
ch00_p4-pl1-sample4-sperm16.tif 4 4 0.755851789825018 
ch00_p4-pl1-sample5-sperm1.tif 4 4 0.9152788870304588 
ch00_p4-pl1-sample5-sperm7.tif 4 4 0.6290896049597168 
ch00_p4-pl1-sample6-sperm3.tif 4 3 0.9374893723475528 
ch00_p4-pl1-sample6-sperm7.tif 4 4 0.522170184102228 
ch00_p4-pl1-sample6-sperm9.tif 4 2 0.8940009607063382 
ch00_p4-pl1-sample7-sperm13.tif 4 3 0.5433099132935622 
ch00_p4-pl1-sample7-sperm2.tif 4 4 0.8299101092058423 
ch00_p4-pl1-sample8-sperm1.tif 4 1 0.7625347368066754 
ch00_p4-pl1-sample8-sperm7.tif 4 4 0.523884965953908 
ch00_p4-pl1-sample8-sperm9.tif 4 4 0.535089687061255 
ch00_p4-pl1-sample9-sperm15.tif 4 1 0.7607503554021727 
ch00_p4-pl1-sample9-sperm2.tif 4 3 0.7364965144877385 
ch00_p4-pl1-sample9-sperm4.tif 4 4 0.8973292976511127 
ch00_p4-pl1-sample9-sperm6.tif 4 2 0.8381696457309386 
ch00_p4-pl2-sample10-sperm1.tif 4 0 0.8839770230440044 
ch00_p4-pl2-sample11-sperm2.tif 4 1 0.9482600100787316 
ch00_p4-pl2-sample12-sperm10.tif 4 4 0.853918330764433 
ch00_p4-pl2-sample12-sperm9.tif 4 1 0.5497071085372478 
ch00_p4-pl2-sample13-sperm10.tif 4 4 0.9291802881954765 
ch00_p4-pl2-sample13-sperm2.tif 4 0 0.5666379093272158 
ch00_p4-pl2-sample13-sperm7.tif 4 2 0.4418220656917238 
ch00_p4-pl2-sample14-sperm10.tif 4 0 0.9640625691123581 
ch00_p4-pl2-sample14-sperm8.tif 4 1 0.6447031083208534 
ch00_p4-pl2-sample15-sperm1.tif 4 2 0.422980687752491 
ch00_p4-pl2-sample17-sperm3.tif 4 4 0.9788460380348515 
ch00_p4-pl2-sample18-sperm7.tif 4 4 0.8141380566757752 
ch00_p4-pl2-sample18-sperm8.tif 4 1 0.649478306476397 
ch00_p4-pl2-sample18-sperm9.tif 4 4 0.5482114823778019 
ch00_p4-pl2-sample19-sperm1.tif 4 4 0.5148054667385712 
ch00_p4-pl2-sample19-sperm4.tif 4 4 0.8823111100753785 
ch00_p4-pl2-sample19-sperm7.tif 4 4 0.7861115234492266 
ch00_p4-pl2-sample2-sperm5.tif 4 4 0.9715252466063705 
ch00_p4-pl2-sample20-sperm2.tif 4 4 0.9670115914140164 
ch00_p4-pl2-sample20-sperm5.tif 4 4 0.7024157482130526 
ch00_p4-pl2-sample20-sperm8.tif 4 4 0.9019759546590436 
ch00_p4-pl2-sample5-sperm1.tif 4 4 0.7908488395395026 
ch00_p4-pl2-sample5-sperm5.tif 4 0 0.8496137821672286 
ch00_p4-pl2-sample6-sperm6.tif 4 4 0.6456248025778646 
ch00_p4-pl2-sample7-sperm5.tif 4 3 0.5431260266586913 
ch00_p4-pl2-sample7-sperm6.tif 4 4 0.9387828677352137 
ch00_p4-pl2-sample8-sperm9.tif 4 4 0.488302321516412 
ch00_p5-pl1-sample1-sperm3.tif 4 4 0.8301633722608562 
ch00_p5-pl1-sample1-sperm5.tif 4 3 0.3933066653905815 
ch00_p5-pl1-sample1-sperm6.tif 4 0 0.43523218248015316 
ch00_p5-pl1-sample12-sperm13.tif 4 4 0.4179820559680035 
ch00_p5-pl1-sample12-sperm14.tif 4 4 0.5764063321093263 
ch00_p5-pl1-sample15-sperm4.tif 4 4 0.8272691191450081 
ch00_p5-pl1-sample15-sperm7.tif 4 1 0.8065815476930451 
ch00_p5-pl1-sample16-sperm3.tif 4 0 0.32419249416031104 
ch00_p5-pl1-sample17-sperm13.tif 4 0 0.6370972896872368 
ch00_p5-pl1-sample18-sperm6.tif 4 4 0.7584701133724233 
ch00_p5-pl1-sample2-sperm10.tif 4 4 0.8080868469266808 
ch00_p5-pl1-sample2-sperm13.tif 4 3 0.7032353348900862 
ch00_p5-pl1-sample2-sperm6.tif 4 4 0.9411120608584518 
ch00_p5-pl1-sample20-sperm6.tif 4 4 0.8345600975189714 
ch00_p5-pl1-sample3-sperm15.tif 4 1 0.5519300621117114 
ch00_p5-pl1-sample3-sperm23.tif 4 2 0.728145168157305 
ch00_p5-pl1-sample3-sperm5.tif 4 4 0.3962186583740043 
ch00_p5-pl1-sample3-sperm7.tif 4 1 0.891239998554128 
ch00_p5-pl1-sample4-sperm5.tif 4 4 0.6488459269255717 
ch00_p5-pl1-sample5-sperm15.tif 4 4 0.794706001141339 
ch00_p5-pl1-sample6-sperm9.tif 4 3 0.782543188154357 
ch00_p5-pl1-sample9-sperm1.tif 4 4 0.9681528371497685 
ch00_p5-pl1-sample9-sperm4.tif 4 3 0.439590501881011 
ch00_p5-pl1-sample9-sperm5.tif 4 3 0.7743531851966183 
