ch00_p1-pl2-sample1-sperm10.tif 0 0 0.9849758731566679 
ch00_p1-pl2-sample1-sperm5.tif 0 0 0.899656950442971 
ch00_p1-pl2-sample13-sperm11.tif 0 4 0.9271434347705093 
ch00_p1-pl2-sample19-sperm7.tif 0 0 0.9371612774834256 
ch00_p1-pl2-sample3-sperm12.tif 0 4 0.9726742509853097 
ch00_p1-pl2-sample3-sperm4.tif 0 1 0.6311383571699205 
ch00_p1-pl2-sample34-sperm9.tif 0 4 0.5527062762420939 
ch00_p1-pl2-sample35-sperm1.tif 0 0 0.7180482931439247 
ch00_p1-pl2-sample4-sperm15.tif 0 4 0.6735699511988444 
ch00_p1-pl3-sample1-sperm17.tif 0 0 0.7377843913457492 
ch00_p1-pl3-sample1-sperm2.tif 0 0 0.6247178125401393 
ch00_p1-pl3-sample1-sperm3.tif 0 0 0.8040373927877283 
ch00_p1-pl3-sample13-sperm14.tif 0 4 0.9235867033271159 
ch00_p1-pl3-sample14-sperm3.tif 0 4 0.6787176731323158 
ch00_p1-pl3-sample15-sperm10.tif 0 4 0.852782046708606 
ch00_p1-pl3-sample15-sperm22.tif 0 0 0.6656015839057742 
ch00_p3-pl1-sample14-sperm5.tif 0 4 0.8656847175240522 
ch00_p3-pl1-sample17-sperm7.tif 0 0 0.9701641964069397 
ch00_p3-pl1-sample19-sperm2.tif 0 0 0.6503033119604914 
ch00_p3-pl1-sample25-sperm12.tif 0 0 0.9842806383314889 
ch00_p4-pl1-sample10-sperm7.tif 0 3 0.4944391688391686 
ch00_p4-pl1-sample15-sperm4.tif 0 4 0.8996358567949371 
ch00_p4-pl1-sample17-sperm2.tif 0 4 0.6254896672551619 
ch00_p4-pl1-sample18-sperm8.tif 0 2 0.5377709239841592 
ch00_p4-pl1-sample19-sperm12.tif 0 4 0.9820550397999833 
ch00_p4-pl2-sample17-sperm5.tif 0 4 0.8357360509614372 
ch00_p4-pl2-sample5-sperm6.tif 0 0 0.7151055594336646 
ch00_p5-pl1-sample2-sperm9.tif 0 4 0.894067903558784 
ch00_p5-pl1-sample5-sperm3.tif 0 4 0.9685277738829331 
ch00_p5-pl1-sample8-sperm7.tif 0 3 0.7092483107220827 
ch00_p1-pl2-sample11-sperm10.tif 1 1 0.7248729326305479 
ch00_p1-pl2-sample12-sperm3.tif 1 1 0.9666513868376844 
ch00_p1-pl2-sample12-sperm4.tif 1 2 0.9322699751033622 
ch00_p1-pl2-sample13-sperm7.tif 1 4 0.9117407408636788 
ch00_p1-pl2-sample14-sperm13.tif 1 1 0.5190719179756013 
ch00_p1-pl2-sample19-sperm11.tif 1 1 0.895327627687909 
ch00_p1-pl2-sample19-sperm4.tif 1 1 0.9036645921748873 
ch00_p1-pl2-sample19-sperm9.tif 1 4 0.5565332036198534 
ch00_p1-pl2-sample20-sperm7.tif 1 4 0.704775802502519 
ch00_p1-pl2-sample21-sperm8.tif 1 4 0.9839461864262984 
ch00_p1-pl2-sample22-sperm3.tif 1 1 0.8686536306629828 
ch00_p1-pl2-sample25-sperm8.tif 1 4 0.5906542051948713 
ch00_p1-pl2-sample26-sperm5.tif 1 4 0.9080349549336756 
ch00_p1-pl2-sample27-sperm2.tif 1 1 0.937848093084335 
ch00_p1-pl2-sample29-sperm8.tif 1 1 0.9052800853211211 
ch00_p1-pl2-sample33-sperm12.tif 1 1 0.9509917066446398 
ch00_p1-pl2-sample35-sperm2.tif 1 4 0.9652364446660139 
ch00_p1-pl2-sample4-sperm11.tif 1 1 0.759717426088214 
ch00_p1-pl2-sample4-sperm3.tif 1 4 0.7227275782725077 
ch00_p1-pl2-sample6-sperm7.tif 1 1 0.9814276648625772 
ch00_p1-pl2-sample8-sperm1.tif 1 4 0.8527030161446006 
ch00_p1-pl2-sample8-sperm2.tif 1 4 0.9407523973800063 
ch00_p1-pl2-sample9-sperm14.tif 1 1 0.8027698656662847 
ch00_p1-pl2-sample9-sperm15.tif 1 4 0.8146992762482063 
ch00_p1-pl2-sample9-sperm2.tif 1 1 0.9958206253245858 
ch00_p1-pl3-sample10-sperm4.tif 1 4 0.989081585412868 
ch00_p1-pl3-sample10-sperm6.tif 1 1 0.9859305829398689 
ch00_p1-pl3-sample11-sperm9.tif 1 1 0.9320742444105379 
ch00_p1-pl3-sample12-sperm19.tif 1 1 0.9011584727482498 
ch00_p1-pl3-sample12-sperm5.tif 1 4 0.9749692723691697 
ch00_p1-pl3-sample13-sperm4.tif 1 4 0.9858275682688501 
ch00_p1-pl3-sample14-sperm10.tif 1 0 0.40483518687454034 
ch00_p1-pl3-sample14-sperm8.tif 1 4 0.8818722930498177 
ch00_p1-pl3-sample15-sperm6.tif 1 4 0.4986068534103987 
ch00_p1-pl3-sample16-sperm14.tif 1 1 0.9617878013027908 
ch00_p1-pl3-sample18-sperm4.tif 1 1 0.9181085917742777 
ch00_p1-pl3-sample19-sperm4.tif 1 4 0.6177346454610589 
ch00_p1-pl3-sample19-sperm7.tif 1 1 0.5664044364871869 
ch00_p1-pl3-sample7-sperm10.tif 1 1 0.9620625795172493 
ch00_p1-pl3-sample7-sperm12.tif 1 1 0.9666390557423361 
ch00_p1-pl3-sample7-sperm6.tif 1 1 0.9568130292899245 
ch00_p1-pl3-sample9-sperm7.tif 1 1 0.8111791124179857 
ch00_p3-pl1-sample10-sperm6.tif 1 1 0.87629851221722 
ch00_p3-pl1-sample11-sperm2.tif 1 1 0.5442196578126186 
ch00_p3-pl1-sample12-sperm5.tif 1 1 0.9619526540907306 
ch00_p3-pl1-sample14-sperm2.tif 1 4 0.7812623714173382 
ch00_p3-pl1-sample15-sperm9.tif 1 1 0.57917819370191 
ch00_p3-pl1-sample17-sperm4.tif 1 1 0.6379948087313229 
ch00_p3-pl1-sample19-sperm5.tif 1 1 0.871481018134794 
ch00_p3-pl1-sample19-sperm6.tif 1 4 0.7445722141908547 
ch00_p3-pl1-sample22-sperm1.tif 1 4 0.6262902169210917 
ch00_p3-pl1-sample22-sperm2.tif 1 4 0.6278572476871697 
ch00_p3-pl1-sample26-sperm6.tif 1 1 0.8516144571383235 
ch00_p3-pl1-sample28-sperm7.tif 1 4 0.9870471090372712 
ch00_p3-pl1-sample3-sperm10.tif 1 1 0.921906696103103 
ch00_p3-pl1-sample32-sperm5.tif 1 1 0.9823918387682912 
ch00_p3-pl1-sample4-sperm2.tif 1 1 0.8522902128800189 
ch00_p3-pl1-sample6-sperm5.tif 1 4 0.6786959806079172 
ch00_p3-pl1-sample7-sperm14.tif 1 1 0.9001211665939677 
ch00_p4-pl1-sample1-sperm4.tif 1 1 0.9592248705872586 
ch00_p4-pl1-sample20-sperm13.tif 1 1 0.9753018551395921 
ch00_p4-pl2-sample10-sperm2.tif 1 1 0.9119442173111221 
ch00_p4-pl2-sample4-sperm3.tif 1 4 0.9674498680683139 
ch00_p5-pl1-sample17-sperm15.tif 1 1 0.9439839394791605 
ch00_p5-pl1-sample5-sperm16.tif 1 4 0.7386568265970901 
ch00_p5-pl1-sample5-sperm20.tif 1 4 0.7172496718452872 
ch00_p5-pl1-sample6-sperm13.tif 1 4 0.6496127624017848 
ch00_p5-pl1-sample7-sperm7.tif 1 1 0.9032917797412272 
ch00_p1-pl2-sample14-sperm5.tif 2 2 0.9861698246256181 
ch00_p1-pl2-sample2-sperm15.tif 2 4 0.9965678117897411 
ch00_p1-pl2-sample2-sperm9.tif 2 2 0.9034577761640306 
ch00_p1-pl2-sample27-sperm7.tif 2 2 0.8993160688814881 
ch00_p1-pl2-sample34-sperm5.tif 2 1 0.8789609374934388 
ch00_p1-pl2-sample9-sperm17.tif 2 4 0.6322060224893483 
ch00_p1-pl3-sample17-sperm9.tif 2 2 0.9744402934698393 
ch00_p1-pl3-sample20-sperm4.tif 2 4 0.9143902209391769 
ch00_p1-pl3-sample21-sperm10.tif 2 2 0.9648952096792934 
ch00_p1-pl3-sample6-sperm17.tif 2 2 0.7129604092988019 
ch00_p1-pl3-sample6-sperm9.tif 2 4 0.9925028912737017 
ch00_p3-pl1-sample25-sperm7.tif 2 1 0.8445227695549372 
ch00_p4-pl1-sample13-sperm4.tif 2 2 0.9696640635779669 
ch00_p4-pl1-sample14-sperm14.tif 2 4 0.9682513034840367 
ch00_p4-pl1-sample16-sperm4.tif 2 4 0.976836542674926 
ch00_p4-pl1-sample17-sperm4.tif 2 1 0.5365450516747218 
ch00_p4-pl1-sample3-sperm10.tif 2 1 0.5389823647920329 
ch00_p4-pl1-sample3-sperm7.tif 2 3 0.7251202531113105 
ch00_p4-pl1-sample5-sperm3.tif 2 0 0.36690373246269437 
ch00_p4-pl1-sample5-sperm5.tif 2 4 0.6254411795130752 
ch00_p4-pl1-sample7-sperm15.tif 2 4 0.9859656499876994 
ch00_p4-pl2-sample17-sperm6.tif 2 4 0.868380664842566 
ch00_p1-pl2-sample21-sperm5.tif 3 4 0.7196822219639877 
ch00_p1-pl2-sample21-sperm7.tif 3 4 0.9569606124054902 
ch00_p1-pl2-sample22-sperm10.tif 3 4 0.7929017023726013 
ch00_p1-pl2-sample22-sperm2.tif 3 4 0.9906956007259371 
ch00_p1-pl2-sample23-sperm11.tif 3 4 0.8962345503668017 
ch00_p1-pl2-sample24-sperm3.tif 3 4 0.9143914092568114 
ch00_p1-pl2-sample25-sperm9.tif 3 0 0.8150326431628959 
ch00_p1-pl2-sample5-sperm11.tif 3 4 0.5081062075952556 
ch00_p1-pl2-sample5-sperm15.tif 3 3 0.9478274492507025 
ch00_p1-pl3-sample10-sperm9.tif 3 0 0.8239204050036147 
ch00_p1-pl3-sample16-sperm16.tif 3 4 0.9425170514146514 
ch00_p1-pl3-sample17-sperm4.tif 3 3 0.933078726335575 
ch00_p1-pl3-sample2-sperm13.tif 3 1 0.9586520110697095 
ch00_p1-pl3-sample23-sperm7.tif 3 4 0.7221897611757987 
ch00_p1-pl3-sample4-sperm4.tif 3 3 0.7094942102152629 
ch00_p1-pl3-sample9-sperm6.tif 3 4 0.9686819889031041 
ch00_p1-pl3-sample9-sperm9.tif 3 4 0.40450944700872193 
ch00_p3-pl1-sample31-sperm3.tif 3 4 0.9549839171497061 
ch00_p4-pl1-sample10-sperm2.tif 3 4 0.6075365819095302 
ch00_p4-pl1-sample4-sperm13.tif 3 3 0.9189461953095504 
ch00_p5-pl1-sample1-sperm4.tif 3 3 0.9603674557005792 
ch00_p1-pl2-sample11-sperm9.tif 4 4 0.9899592656167462 
ch00_p1-pl2-sample12-sperm11.tif 4 4 0.9060397599010621 
ch00_p1-pl2-sample13-sperm16.tif 4 4 0.6004440225812684 
ch00_p1-pl2-sample14-sperm1.tif 4 4 0.6275919689194362 
ch00_p1-pl2-sample14-sperm11.tif 4 4 0.9942048182186585 
ch00_p1-pl2-sample14-sperm4.tif 4 4 0.9776389660993194 
ch00_p1-pl2-sample2-sperm11.tif 4 4 0.9480838969774096 
ch00_p1-pl2-sample2-sperm17.tif 4 1 0.6325639755610614 
ch00_p1-pl2-sample2-sperm8.tif 4 4 0.9527684197863397 
ch00_p1-pl2-sample23-sperm16.tif 4 4 0.941351274103497 
ch00_p1-pl2-sample26-sperm1.tif 4 3 0.6953441827006778 
ch00_p1-pl2-sample26-sperm12.tif 4 4 0.9870287618775894 
ch00_p1-pl2-sample26-sperm4.tif 4 4 0.6067846149616428 
ch00_p1-pl2-sample27-sperm8.tif 4 1 0.5588200438476448 
ch00_p1-pl2-sample28-sperm10.tif 4 4 0.9071098187995557 
ch00_p1-pl2-sample28-sperm11.tif 4 1 0.738712615974099 
ch00_p1-pl2-sample28-sperm3.tif 4 4 0.8148854137344729 
ch00_p1-pl2-sample3-sperm14.tif 4 1 0.9628095031850149 
ch00_p1-pl2-sample3-sperm8.tif 4 4 0.8748146254022655 
ch00_p1-pl2-sample30-sperm4.tif 4 4 0.9172905290053068 
ch00_p1-pl2-sample31-sperm11.tif 4 2 0.8987088607572966 
ch00_p1-pl2-sample32-sperm1.tif 4 4 0.9553820276085959 
ch00_p1-pl2-sample32-sperm5.tif 4 4 0.6372464515290766 
ch00_p1-pl2-sample34-sperm10.tif 4 4 0.9692013067407454 
ch00_p1-pl2-sample34-sperm8.tif 4 4 0.7308830914185623 
ch00_p1-pl2-sample35-sperm5.tif 4 4 0.8568745303787323 
ch00_p1-pl2-sample35-sperm9.tif 4 3 0.9488056379330225 
ch00_p1-pl2-sample7-sperm1.tif 4 4 0.81643809225049 
ch00_p1-pl2-sample7-sperm10.tif 4 3 0.8865582690904698 
ch00_p1-pl2-sample7-sperm13.tif 4 4 0.9921138800196556 
ch00_p1-pl3-sample1-sperm7.tif 4 4 0.9963250499420769 
ch00_p1-pl3-sample10-sperm7.tif 4 4 0.8881604830077908 
ch00_p1-pl3-sample11-sperm5.tif 4 1 0.8612747628414547 
ch00_p1-pl3-sample11-sperm8.tif 4 4 0.9624882045968255 
ch00_p1-pl3-sample12-sperm10.tif 4 1 0.7042414368915495 
ch00_p1-pl3-sample12-sperm20.tif 4 4 0.9480229357918668 
ch00_p1-pl3-sample12-sperm3.tif 4 1 0.5271717546818543 
ch00_p1-pl3-sample12-sperm6.tif 4 0 0.8468238095952337 
ch00_p1-pl3-sample13-sperm8.tif 4 0 0.9652368936655217 
ch00_p1-pl3-sample13-sperm9.tif 4 4 0.6558688876411386 
ch00_p1-pl3-sample14-sperm1.tif 4 4 0.8082604350591229 
ch00_p1-pl3-sample15-sperm12.tif 4 4 0.9263253650576709 
ch00_p1-pl3-sample15-sperm2.tif 4 4 0.8148798429601228 
ch00_p1-pl3-sample15-sperm24.tif 4 4 0.9700723912470781 
ch00_p1-pl3-sample15-sperm8.tif 4 4 0.7842206936375856 
ch00_p1-pl3-sample17-sperm2.tif 4 4 0.8416994956407878 
ch00_p1-pl3-sample19-sperm1.tif 4 4 0.7568157555593167 
ch00_p1-pl3-sample19-sperm2.tif 4 4 0.9857089922479847 
ch00_p1-pl3-sample19-sperm8.tif 4 0 0.6016785395759905 
ch00_p1-pl3-sample20-sperm7.tif 4 4 0.9799200433404619 
ch00_p1-pl3-sample21-sperm6.tif 4 4 0.8651079046836325 
ch00_p1-pl3-sample22-sperm3.tif 4 1 0.7815219119802416 
ch00_p1-pl3-sample22-sperm6.tif 4 4 0.6649345625585967 
ch00_p1-pl3-sample22-sperm9.tif 4 4 0.9622335388881469 
ch00_p1-pl3-sample23-sperm11.tif 4 1 0.8967378549191038 
ch00_p1-pl3-sample23-sperm12.tif 4 4 0.9839982725779076 
ch00_p1-pl3-sample24-sperm10.tif 4 3 0.7909620047630106 
ch00_p1-pl3-sample24-sperm20.tif 4 4 0.8844179101859878 
ch00_p1-pl3-sample24-sperm21.tif 4 4 0.9582130589363732 
ch00_p1-pl3-sample24-sperm22.tif 4 4 0.8477329299604379 
ch00_p1-pl3-sample24-sperm24.tif 4 4 0.9943723266980744 
ch00_p1-pl3-sample24-sperm7.tif 4 3 0.9841571804124337 
ch00_p1-pl3-sample24-sperm8.tif 4 4 0.7791509024948757 
ch00_p1-pl3-sample25-sperm11.tif 4 4 0.9485995070250134 
ch00_p1-pl3-sample25-sperm2.tif 4 4 0.9568381664327198 
ch00_p1-pl3-sample25-sperm9.tif 4 4 0.8080996912335692 
ch00_p1-pl3-sample3-sperm1.tif 4 1 0.6381263204744224 
ch00_p1-pl3-sample3-sperm7.tif 4 1 0.7075136879348943 
ch00_p1-pl3-sample5-sperm6.tif 4 1 0.9689700329636983 
ch00_p1-pl3-sample5-sperm7.tif 4 2 0.5089659401950692 
ch00_p1-pl3-sample7-sperm11.tif 4 1 0.9813027090847758 
ch00_p1-pl3-sample7-sperm2.tif 4 4 0.9710889069834144 
ch00_p1-pl3-sample7-sperm3.tif 4 4 0.9919979216292562 
ch00_p1-pl3-sample8-sperm9.tif 4 4 0.970962635761317 
ch00_p1-pl3-sample9-sperm5.tif 4 4 0.6442563846166477 
ch00_p3-pl1-sample11-sperm5.tif 4 1 0.5723085639077311 
ch00_p3-pl1-sample13-sperm6.tif 4 4 0.8829227679445427 
ch00_p3-pl1-sample14-sperm9.tif 4 1 0.945576874616351 
ch00_p3-pl1-sample15-sperm4.tif 4 4 0.9553928664171851 
ch00_p3-pl1-sample16-sperm1.tif 4 4 0.9542279804656706 
ch00_p3-pl1-sample16-sperm3.tif 4 4 0.9912466025647211 
ch00_p3-pl1-sample16-sperm4.tif 4 4 0.807129295856703 
ch00_p3-pl1-sample22-sperm4.tif 4 4 0.9865821400721129 
ch00_p3-pl1-sample23-sperm2.tif 4 4 0.9909682139269239 
ch00_p3-pl1-sample23-sperm6.tif 4 4 0.9247330350435645 
ch00_p3-pl1-sample23-sperm9.tif 4 4 0.9163612870593627 
ch00_p3-pl1-sample25-sperm5.tif 4 4 0.9097241128486618 
ch00_p3-pl1-sample26-sperm4.tif 4 4 0.5847229481944622 
ch00_p3-pl1-sample26-sperm5.tif 4 4 0.8520117418134707 
ch00_p3-pl1-sample27-sperm3.tif 4 3 0.7816433728951862 
ch00_p3-pl1-sample29-sperm8.tif 4 4 0.979286015195209 
ch00_p3-pl1-sample3-sperm6.tif 4 4 0.8871200241641055 
ch00_p3-pl1-sample30-sperm4.tif 4 4 0.8580192870723385 
ch00_p3-pl1-sample4-sperm1.tif 4 4 0.6180786404544646 
ch00_p3-pl1-sample5-sperm2.tif 4 4 0.9722568767375839 
ch00_p3-pl1-sample5-sperm3.tif 4 4 0.7351959092734399 
ch00_p3-pl1-sample7-sperm1.tif 4 4 0.9664566237018277 
ch00_p3-pl1-sample7-sperm11.tif 4 4 0.990971574143759 
ch00_p3-pl1-sample7-sperm8.tif 4 4 0.9932192564170989 
ch00_p3-pl1-sample9-sperm5.tif 4 4 0.8854005107849952 
ch00_p3-pl1-sample9-sperm9.tif 4 4 0.6172660346394442 
ch00_p4-pl1-sample1-sperm12.tif 4 1 0.7846063374709773 
ch00_p4-pl1-sample1-sperm6.tif 4 4 0.9969465751054067 
ch00_p4-pl1-sample1-sperm7.tif 4 4 0.9795555278583081 
ch00_p4-pl1-sample1-sperm9.tif 4 4 0.9569520322502894 
ch00_p4-pl1-sample10-sperm15.tif 4 2 0.7044575008374646 
ch00_p4-pl1-sample10-sperm5.tif 4 2 0.8658304576704855 
ch00_p4-pl1-sample11-sperm12.tif 4 2 0.8813660081577277 
ch00_p4-pl1-sample12-sperm2.tif 4 2 0.8251547672808573 
ch00_p4-pl1-sample12-sperm9.tif 4 4 0.944779068407966 
ch00_p4-pl1-sample13-sperm2.tif 4 4 0.9484685364054727 
ch00_p4-pl1-sample13-sperm3.tif 4 1 0.5791674112792037 
ch00_p4-pl1-sample13-sperm5.tif 4 4 0.9492952888820367 
ch00_p4-pl1-sample13-sperm8.tif 4 4 0.9356032151065988 
ch00_p4-pl1-sample14-sperm12.tif 4 4 0.9657172607413302 
ch00_p4-pl1-sample14-sperm3.tif 4 4 0.9792192984621102 
ch00_p4-pl1-sample15-sperm10.tif 4 1 0.9470177754082912 
ch00_p4-pl1-sample16-sperm10.tif 4 2 0.6238901289582213 
ch00_p4-pl1-sample16-sperm16.tif 4 4 0.9761433878921844 
ch00_p4-pl1-sample16-sperm17.tif 4 4 0.9725057018220729 
ch00_p4-pl1-sample19-sperm6.tif 4 2 0.40726799530930163 
ch00_p4-pl1-sample19-sperm9.tif 4 4 0.7867331439562796 
ch00_p4-pl1-sample2-sperm10.tif 4 4 0.9797537878653569 
ch00_p4-pl1-sample20-sperm3.tif 4 4 0.8392591556638338 
ch00_p4-pl1-sample20-sperm6.tif 4 1 0.6999472693380998 
ch00_p4-pl1-sample20-sperm9.tif 4 4 0.9161489777202712 
ch00_p4-pl1-sample3-sperm3.tif 4 0 0.9675531279117636 
ch00_p4-pl1-sample3-sperm9.tif 4 4 0.6294839427994547 
ch00_p4-pl1-sample4-sperm11.tif 4 4 0.9889573658352254 
ch00_p4-pl1-sample4-sperm12.tif 4 4 0.9346425017115737 
ch00_p4-pl1-sample4-sperm3.tif 4 4 0.932854314160958 
ch00_p4-pl1-sample5-sperm1.tif 4 4 0.9067957587501747 
ch00_p4-pl1-sample5-sperm4.tif 4 4 0.8131454816153543 
ch00_p4-pl1-sample5-sperm9.tif 4 1 0.7228891364990304 
ch00_p4-pl1-sample6-sperm4.tif 4 4 0.9720784054904537 
ch00_p4-pl1-sample6-sperm7.tif 4 4 0.9515528861537883 
ch00_p4-pl1-sample6-sperm8.tif 4 4 0.9133248605230058 
ch00_p4-pl1-sample7-sperm10.tif 4 4 0.9858665131480303 
ch00_p4-pl1-sample7-sperm6.tif 4 4 0.9498353912055096 
ch00_p4-pl1-sample8-sperm1.tif 4 1 0.9108100956401356 
ch00_p4-pl1-sample8-sperm10.tif 4 4 0.505358920152565 
ch00_p4-pl1-sample8-sperm12.tif 4 2 0.8258954086795333 
ch00_p4-pl1-sample8-sperm2.tif 4 4 0.4991328997356931 
ch00_p4-pl1-sample8-sperm3.tif 4 4 0.5921576840436464 
ch00_p4-pl1-sample9-sperm15.tif 4 3 0.8825493595706926 
ch00_p4-pl1-sample9-sperm17.tif 4 1 0.4826811899902091 
ch00_p4-pl1-sample9-sperm2.tif 4 4 0.9912463672608787 
ch00_p4-pl1-sample9-sperm9.tif 4 4 0.9817788328666384 
ch00_p4-pl2-sample10-sperm1.tif 4 1 0.4920230615276538 
ch00_p4-pl2-sample10-sperm5.tif 4 4 0.996390892240693 
ch00_p4-pl2-sample10-sperm8.tif 4 4 0.9845661431369279 
ch00_p4-pl2-sample13-sperm2.tif 4 4 0.9917258424586622 
ch00_p4-pl2-sample13-sperm7.tif 4 4 0.9669484495486755 
ch00_p4-pl2-sample14-sperm10.tif 4 0 0.9843791623312719 
ch00_p4-pl2-sample14-sperm9.tif 4 1 0.981379794509877 
ch00_p4-pl2-sample15-sperm1.tif 4 4 0.9888613068334697 
ch00_p4-pl2-sample15-sperm7.tif 4 4 0.712999852902199 
ch00_p4-pl2-sample17-sperm2.tif 4 4 0.8624080698393336 
ch00_p4-pl2-sample19-sperm1.tif 4 0 0.9344460378436508 
ch00_p4-pl2-sample19-sperm3.tif 4 1 0.9051926148054148 
ch00_p4-pl2-sample2-sperm6.tif 4 4 0.9641313023003288 
ch00_p4-pl2-sample3-sperm2.tif 4 4 0.9841530535621369 
ch00_p4-pl2-sample3-sperm3.tif 4 4 0.9824319000920242 
ch00_p4-pl2-sample3-sperm5.tif 4 4 0.9136064317660216 
ch00_p4-pl2-sample3-sperm6.tif 4 1 0.7377301490834075 
ch00_p4-pl2-sample4-sperm4.tif 4 1 0.624694896575665 
ch00_p4-pl2-sample4-sperm7.tif 4 4 0.9852223844503142 
ch00_p4-pl2-sample7-sperm10.tif 4 4 0.9778357858595383 
ch00_p4-pl2-sample7-sperm5.tif 4 4 0.9016334647498416 
ch00_p4-pl2-sample7-sperm9.tif 4 4 0.8779253690606922 
ch00_p4-pl2-sample8-sperm2.tif 4 4 0.6119264786403769 
ch00_p4-pl2-sample9-sperm4.tif 4 4 0.9448037196433634 
ch00_p5-pl1-sample1-sperm5.tif 4 4 0.8094675422046393 
ch00_p5-pl1-sample10-sperm18.tif 4 3 0.8884375286602103 
ch00_p5-pl1-sample10-sperm6.tif 4 1 0.6322120594574522 
ch00_p5-pl1-sample10-sperm7.tif 4 4 0.9399186581747961 
ch00_p5-pl1-sample12-sperm15.tif 4 0 0.9533744248387528 
ch00_p5-pl1-sample12-sperm6.tif 4 1 0.7515420133392874 
ch00_p5-pl1-sample12-sperm7.tif 4 4 0.5534999624134869 
ch00_p5-pl1-sample13-sperm6.tif 4 0 0.9298904861780036 
ch00_p5-pl1-sample15-sperm2.tif 4 3 0.7057649450254987 
ch00_p5-pl1-sample16-sperm3.tif 4 4 0.8538816134754126 
ch00_p5-pl1-sample17-sperm13.tif 4 4 0.7521361806873006 
ch00_p5-pl1-sample17-sperm2.tif 4 4 0.8875824533470881 
ch00_p5-pl1-sample18-sperm3.tif 4 4 0.9823752395072628 
ch00_p5-pl1-sample2-sperm10.tif 4 4 0.9729934824055329 
ch00_p5-pl1-sample20-sperm12.tif 4 4 0.9225535187110738 
ch00_p5-pl1-sample20-sperm5.tif 4 3 0.8179149911518826 
ch00_p5-pl1-sample4-sperm2.tif 4 4 0.6216036880005372 
ch00_p5-pl1-sample4-sperm5.tif 4 4 0.8884879181217181 
ch00_p5-pl1-sample5-sperm10.tif 4 1 0.9711943692692655 
ch00_p5-pl1-sample5-sperm18.tif 4 3 0.4932323425675067 
ch00_p5-pl1-sample6-sperm4.tif 4 3 0.885641710502454 
ch00_p5-pl1-sample7-sperm5.tif 4 4 0.6970843780688806 
ch00_p5-pl1-sample8-sperm4.tif 4 4 0.8911362974393578 
ch00_p5-pl1-sample9-sperm5.tif 4 3 0.9563877585597347 
