ch00_p1-pl2-sample1-sperm10.tif 0 0 0.998176535182779 
ch00_p1-pl2-sample1-sperm5.tif 0 4 0.8566315470991827 
ch00_p1-pl2-sample13-sperm11.tif 0 4 0.9309873825167041 
ch00_p1-pl2-sample19-sperm7.tif 0 0 0.9967084831101202 
ch00_p1-pl2-sample3-sperm12.tif 0 4 0.8697787337184578 
ch00_p1-pl2-sample3-sperm4.tif 0 0 0.31071061824607105 
ch00_p1-pl2-sample34-sperm9.tif 0 0 0.6825101716951504 
ch00_p1-pl2-sample35-sperm1.tif 0 4 0.7229851590461893 
ch00_p1-pl2-sample4-sperm15.tif 0 4 0.9519872879488099 
ch00_p1-pl3-sample1-sperm17.tif 0 0 0.8949468882038065 
ch00_p1-pl3-sample1-sperm2.tif 0 0 0.9915892297079821 
ch00_p1-pl3-sample1-sperm3.tif 0 0 0.6085994917001636 
ch00_p1-pl3-sample13-sperm14.tif 0 4 0.9893119459633573 
ch00_p1-pl3-sample14-sperm3.tif 0 4 0.9877634528352374 
ch00_p1-pl3-sample15-sperm10.tif 0 4 0.7330215726115491 
ch00_p1-pl3-sample15-sperm22.tif 0 3 0.7107064085594563 
ch00_p3-pl1-sample14-sperm5.tif 0 4 0.9963806379946138 
ch00_p3-pl1-sample17-sperm7.tif 0 0 0.8512178643861666 
ch00_p3-pl1-sample19-sperm2.tif 0 0 0.9954457176094255 
ch00_p3-pl1-sample25-sperm12.tif 0 0 0.9900468476659551 
ch00_p4-pl1-sample10-sperm7.tif 0 0 0.9814863352205597 
ch00_p4-pl1-sample15-sperm4.tif 0 0 0.7330334523979518 
ch00_p4-pl1-sample17-sperm2.tif 0 4 0.9917089896721442 
ch00_p4-pl1-sample18-sperm8.tif 0 2 0.42705348658186615 
ch00_p4-pl1-sample19-sperm12.tif 0 4 0.994642084031418 
ch00_p4-pl2-sample17-sperm5.tif 0 4 0.8758841986116962 
ch00_p4-pl2-sample5-sperm6.tif 0 4 0.9999986347399058 
ch00_p5-pl1-sample2-sperm9.tif 0 4 0.9915927345927128 
ch00_p5-pl1-sample5-sperm3.tif 0 4 0.9905796160721055 
ch00_p5-pl1-sample8-sperm7.tif 0 4 0.9469260576329699 
ch00_p1-pl2-sample11-sperm10.tif 1 1 0.9441894491057492 
ch00_p1-pl2-sample12-sperm3.tif 1 1 0.9989292669600783 
ch00_p1-pl2-sample12-sperm4.tif 1 2 0.4931061995364591 
ch00_p1-pl2-sample13-sperm7.tif 1 4 0.9974606764863914 
ch00_p1-pl2-sample14-sperm13.tif 1 1 0.9506382839678096 
ch00_p1-pl2-sample19-sperm11.tif 1 1 0.9999995051460149 
ch00_p1-pl2-sample19-sperm4.tif 1 1 0.9796991577875952 
ch00_p1-pl2-sample19-sperm9.tif 1 1 0.9996850361875274 
ch00_p1-pl2-sample20-sperm7.tif 1 4 0.9999980261153206 
ch00_p1-pl2-sample21-sperm8.tif 1 4 0.9682370800371111 
ch00_p1-pl2-sample22-sperm3.tif 1 1 0.9997578101464784 
ch00_p1-pl2-sample25-sperm8.tif 1 1 0.9307423386309488 
ch00_p1-pl2-sample26-sperm5.tif 1 1 0.9999017373573464 
ch00_p1-pl2-sample27-sperm2.tif 1 1 0.6341873467870685 
ch00_p1-pl2-sample29-sperm8.tif 1 1 0.9999868289165424 
ch00_p1-pl2-sample33-sperm12.tif 1 1 0.999999797340705 
ch00_p1-pl2-sample35-sperm2.tif 1 4 0.5661638860857647 
ch00_p1-pl2-sample4-sperm11.tif 1 1 0.783706685202806 
ch00_p1-pl2-sample4-sperm3.tif 1 1 0.9999378635472784 
ch00_p1-pl2-sample6-sperm7.tif 1 1 0.9788934243015738 
ch00_p1-pl2-sample8-sperm1.tif 1 4 0.9960611504212075 
ch00_p1-pl2-sample8-sperm2.tif 1 1 0.9999798427178517 
ch00_p1-pl2-sample9-sperm14.tif 1 1 0.9999519242505849 
ch00_p1-pl2-sample9-sperm15.tif 1 4 0.9844098338382455 
ch00_p1-pl2-sample9-sperm2.tif 1 4 0.7618869029660466 
ch00_p1-pl3-sample10-sperm4.tif 1 4 0.9983716391376264 
ch00_p1-pl3-sample10-sperm6.tif 1 1 0.9994150273758565 
ch00_p1-pl3-sample11-sperm9.tif 1 1 0.999996415073065 
ch00_p1-pl3-sample12-sperm19.tif 1 1 0.9998924655394705 
ch00_p1-pl3-sample12-sperm5.tif 1 1 0.9759918209921016 
ch00_p1-pl3-sample13-sperm4.tif 1 1 0.5163703281847853 
ch00_p1-pl3-sample14-sperm10.tif 1 4 0.9983032337489397 
ch00_p1-pl3-sample14-sperm8.tif 1 4 0.9933785815589561 
ch00_p1-pl3-sample15-sperm6.tif 1 4 0.7610606567508108 
ch00_p1-pl3-sample16-sperm14.tif 1 1 0.9985441609860496 
ch00_p1-pl3-sample18-sperm4.tif 1 1 0.9999367235985874 
ch00_p1-pl3-sample19-sperm4.tif 1 4 0.9551744181534458 
ch00_p1-pl3-sample19-sperm7.tif 1 4 0.9999957268308428 
ch00_p1-pl3-sample7-sperm10.tif 1 1 0.8557188177547492 
ch00_p1-pl3-sample7-sperm12.tif 1 4 0.6089416181079281 
ch00_p1-pl3-sample7-sperm6.tif 1 1 0.9999384552103374 
ch00_p1-pl3-sample9-sperm7.tif 1 1 0.9986241610312611 
ch00_p3-pl1-sample10-sperm6.tif 1 1 0.9999900933865906 
ch00_p3-pl1-sample11-sperm2.tif 1 4 0.9999972902987987 
ch00_p3-pl1-sample12-sperm5.tif 1 1 0.9999804623577521 
ch00_p3-pl1-sample14-sperm2.tif 1 4 0.9979848433167509 
ch00_p3-pl1-sample15-sperm9.tif 1 1 0.8376322244665594 
ch00_p3-pl1-sample17-sperm4.tif 1 4 0.60609573208006 
ch00_p3-pl1-sample19-sperm5.tif 1 1 0.9999997946147133 
ch00_p3-pl1-sample19-sperm6.tif 1 1 0.9998858507309855 
ch00_p3-pl1-sample22-sperm1.tif 1 4 0.9999991683561342 
ch00_p3-pl1-sample22-sperm2.tif 1 4 0.9999998861646829 
ch00_p3-pl1-sample26-sperm6.tif 1 4 0.9828471026482051 
ch00_p3-pl1-sample28-sperm7.tif 1 4 0.8361871637926752 
ch00_p3-pl1-sample3-sperm10.tif 1 1 0.9999268865691587 
ch00_p3-pl1-sample32-sperm5.tif 1 4 0.7889116470265523 
ch00_p3-pl1-sample4-sperm2.tif 1 1 0.9993969225790885 
ch00_p3-pl1-sample6-sperm5.tif 1 1 0.9143887896531149 
ch00_p3-pl1-sample7-sperm14.tif 1 1 0.8654223379932499 
ch00_p4-pl1-sample1-sperm4.tif 1 1 0.9955217839242224 
ch00_p4-pl1-sample20-sperm13.tif 1 1 0.9966871702806209 
ch00_p4-pl2-sample10-sperm2.tif 1 4 0.8262041768014656 
ch00_p4-pl2-sample4-sperm3.tif 1 4 0.9999992034453569 
ch00_p5-pl1-sample17-sperm15.tif 1 1 0.9998045602775244 
ch00_p5-pl1-sample5-sperm16.tif 1 4 0.7199782818894815 
ch00_p5-pl1-sample5-sperm20.tif 1 1 0.9999828071048874 
ch00_p5-pl1-sample6-sperm13.tif 1 1 0.999999301510553 
ch00_p5-pl1-sample7-sperm7.tif 1 1 0.9999830323098807 
ch00_p1-pl2-sample14-sperm5.tif 2 2 0.9554761372444796 
ch00_p1-pl2-sample2-sperm15.tif 2 4 0.8368346859328155 
ch00_p1-pl2-sample2-sperm9.tif 2 2 0.6435405926263604 
ch00_p1-pl2-sample27-sperm7.tif 2 2 0.9999871076158168 
ch00_p1-pl2-sample34-sperm5.tif 2 2 0.6541870053868368 
ch00_p1-pl2-sample9-sperm17.tif 2 4 0.9361887114688099 
ch00_p1-pl3-sample17-sperm9.tif 2 2 0.9997855992898416 
ch00_p1-pl3-sample20-sperm4.tif 2 2 0.7789290538125642 
ch00_p1-pl3-sample21-sperm10.tif 2 2 0.9999747096387941 
ch00_p1-pl3-sample6-sperm17.tif 2 2 0.9950179825818796 
ch00_p1-pl3-sample6-sperm9.tif 2 4 0.7749087148417847 
ch00_p3-pl1-sample25-sperm7.tif 2 1 0.9992548838635633 
ch00_p4-pl1-sample13-sperm4.tif 2 4 0.783695073449696 
ch00_p4-pl1-sample14-sperm14.tif 2 4 0.9898444702191886 
ch00_p4-pl1-sample16-sperm4.tif 2 4 0.9999991423237015 
ch00_p4-pl1-sample17-sperm4.tif 2 4 0.9618136308868479 
ch00_p4-pl1-sample3-sperm10.tif 2 4 0.6238935666606883 
ch00_p4-pl1-sample3-sperm7.tif 2 4 0.46592010882864215 
ch00_p4-pl1-sample5-sperm3.tif 2 2 0.7608794103458019 
ch00_p4-pl1-sample5-sperm5.tif 2 4 0.9981049998863272 
ch00_p4-pl1-sample7-sperm15.tif 2 4 0.9975720681768612 
ch00_p4-pl2-sample17-sperm6.tif 2 4 0.998657240946236 
ch00_p1-pl2-sample21-sperm5.tif 3 0 0.9738770921448997 
ch00_p1-pl2-sample21-sperm7.tif 3 4 0.9766832335866852 
ch00_p1-pl2-sample22-sperm10.tif 3 3 0.9915917498405097 
ch00_p1-pl2-sample22-sperm2.tif 3 0 0.5695317355310375 
ch00_p1-pl2-sample23-sperm11.tif 3 4 0.9999995512714603 
ch00_p1-pl2-sample24-sperm3.tif 3 4 0.9431460040705371 
ch00_p1-pl2-sample25-sperm9.tif 3 0 0.800800016277444 
ch00_p1-pl2-sample5-sperm11.tif 3 3 0.43498423981244133 
ch00_p1-pl2-sample5-sperm15.tif 3 3 0.9988340478184853 
ch00_p1-pl3-sample10-sperm9.tif 3 3 0.8370280599156503 
ch00_p1-pl3-sample16-sperm16.tif 3 4 0.9952550489561708 
ch00_p1-pl3-sample17-sperm4.tif 3 3 0.9964385132222359 
ch00_p1-pl3-sample2-sperm13.tif 3 4 0.7338836971493993 
ch00_p1-pl3-sample23-sperm7.tif 3 3 0.8494750029992223 
ch00_p1-pl3-sample4-sperm4.tif 3 4 0.5918559413245104 
ch00_p1-pl3-sample9-sperm6.tif 3 4 0.9993146072952069 
ch00_p1-pl3-sample9-sperm9.tif 3 3 0.5977357500955559 
ch00_p3-pl1-sample31-sperm3.tif 3 4 0.7465598870497397 
ch00_p4-pl1-sample10-sperm2.tif 3 4 0.9909984034680724 
ch00_p4-pl1-sample4-sperm13.tif 3 4 0.62895172306966 
ch00_p5-pl1-sample1-sperm4.tif 3 4 0.9900517696035323 
ch00_p1-pl2-sample11-sperm9.tif 4 4 0.9999978097360277 
ch00_p1-pl2-sample12-sperm11.tif 4 4 0.9947493858586854 
ch00_p1-pl2-sample13-sperm16.tif 4 4 0.5948392741726315 
ch00_p1-pl2-sample14-sperm1.tif 4 4 0.9484853378448087 
ch00_p1-pl2-sample14-sperm11.tif 4 4 0.9999999873493343 
ch00_p1-pl2-sample14-sperm4.tif 4 4 0.9697830388618219 
ch00_p1-pl2-sample2-sperm11.tif 4 4 0.9977376370399409 
ch00_p1-pl2-sample2-sperm17.tif 4 1 0.5384516037110204 
ch00_p1-pl2-sample2-sperm8.tif 4 4 0.9978564969811511 
ch00_p1-pl2-sample23-sperm16.tif 4 4 0.9964006265842729 
ch00_p1-pl2-sample26-sperm1.tif 4 3 0.8199605097301317 
ch00_p1-pl2-sample26-sperm12.tif 4 4 0.9999999523435104 
ch00_p1-pl2-sample26-sperm4.tif 4 0 0.7840335834307007 
ch00_p1-pl2-sample27-sperm8.tif 4 4 0.9430219296800411 
ch00_p1-pl2-sample28-sperm10.tif 4 4 0.9761221150259473 
ch00_p1-pl2-sample28-sperm11.tif 4 1 0.9384034545457332 
ch00_p1-pl2-sample28-sperm3.tif 4 4 0.999999781529808 
ch00_p1-pl2-sample3-sperm14.tif 4 4 0.922297495899847 
ch00_p1-pl2-sample3-sperm8.tif 4 4 0.6257047078674569 
ch00_p1-pl2-sample30-sperm4.tif 4 4 0.5688397859847356 
ch00_p1-pl2-sample31-sperm11.tif 4 4 0.4898187003672412 
ch00_p1-pl2-sample32-sperm1.tif 4 2 0.46407892253366145 
ch00_p1-pl2-sample32-sperm5.tif 4 4 0.41793131136612005 
ch00_p1-pl2-sample34-sperm10.tif 4 4 0.9977887060050668 
ch00_p1-pl2-sample34-sperm8.tif 4 4 0.5927399965748511 
ch00_p1-pl2-sample35-sperm5.tif 4 4 0.907753701168679 
ch00_p1-pl2-sample35-sperm9.tif 4 3 0.9990969004545377 
ch00_p1-pl2-sample7-sperm1.tif 4 4 0.9768419995803888 
ch00_p1-pl2-sample7-sperm10.tif 4 4 0.9982296812790012 
ch00_p1-pl2-sample7-sperm13.tif 4 1 0.6827477025929145 
ch00_p1-pl3-sample1-sperm7.tif 4 4 0.999997424545367 
ch00_p1-pl3-sample10-sperm7.tif 4 4 0.9999990466949866 
ch00_p1-pl3-sample11-sperm5.tif 4 1 0.9792458636440862 
ch00_p1-pl3-sample11-sperm8.tif 4 4 0.9832400019705582 
ch00_p1-pl3-sample12-sperm10.tif 4 1 0.6936263226437297 
ch00_p1-pl3-sample12-sperm20.tif 4 1 0.8793181663188802 
ch00_p1-pl3-sample12-sperm3.tif 4 1 0.8386950378077891 
ch00_p1-pl3-sample12-sperm6.tif 4 4 0.3857061470901783 
ch00_p1-pl3-sample13-sperm8.tif 4 4 0.9875946818843057 
ch00_p1-pl3-sample13-sperm9.tif 4 4 0.9849466156956317 
ch00_p1-pl3-sample14-sperm1.tif 4 4 0.8764111120956223 
ch00_p1-pl3-sample15-sperm12.tif 4 4 0.9538486001888365 
ch00_p1-pl3-sample15-sperm2.tif 4 4 0.9999999999988648 
ch00_p1-pl3-sample15-sperm24.tif 4 0 0.598953627735425 
ch00_p1-pl3-sample15-sperm8.tif 4 4 0.7687116837780282 
ch00_p1-pl3-sample17-sperm2.tif 4 4 0.8780671008215986 
ch00_p1-pl3-sample19-sperm1.tif 4 4 0.9999999974573869 
ch00_p1-pl3-sample19-sperm2.tif 4 4 0.9951002578145067 
ch00_p1-pl3-sample19-sperm8.tif 4 0 0.4740620960107402 
ch00_p1-pl3-sample20-sperm7.tif 4 4 0.9411845070530346 
ch00_p1-pl3-sample21-sperm6.tif 4 4 0.97784747179907 
ch00_p1-pl3-sample22-sperm3.tif 4 4 0.9676978237072947 
ch00_p1-pl3-sample22-sperm6.tif 4 3 0.8759746307960318 
ch00_p1-pl3-sample22-sperm9.tif 4 4 0.9402779893534242 
ch00_p1-pl3-sample23-sperm11.tif 4 1 0.9999772402961697 
ch00_p1-pl3-sample23-sperm12.tif 4 4 0.9999967626551068 
ch00_p1-pl3-sample24-sperm10.tif 4 4 0.9999998638525079 
ch00_p1-pl3-sample24-sperm20.tif 4 4 0.8940817164658549 
ch00_p1-pl3-sample24-sperm21.tif 4 1 0.9943460570341599 
ch00_p1-pl3-sample24-sperm22.tif 4 4 0.4409425700618107 
ch00_p1-pl3-sample24-sperm24.tif 4 4 0.9936433782122718 
ch00_p1-pl3-sample24-sperm7.tif 4 3 0.999996027468072 
ch00_p1-pl3-sample24-sperm8.tif 4 4 0.9955601974982784 
ch00_p1-pl3-sample25-sperm11.tif 4 0 0.9657787475993108 
ch00_p1-pl3-sample25-sperm2.tif 4 4 0.9999966090522014 
ch00_p1-pl3-sample25-sperm9.tif 4 4 0.8184209604002919 
ch00_p1-pl3-sample3-sperm1.tif 4 1 0.9945851095032956 
ch00_p1-pl3-sample3-sperm7.tif 4 1 0.6405261059433199 
ch00_p1-pl3-sample5-sperm6.tif 4 4 0.6128172877476868 
ch00_p1-pl3-sample5-sperm7.tif 4 2 0.9283251836893479 
ch00_p1-pl3-sample7-sperm11.tif 4 1 0.9692763464532094 
ch00_p1-pl3-sample7-sperm2.tif 4 4 0.9999988809457521 
ch00_p1-pl3-sample7-sperm3.tif 4 4 0.9999995849957006 
ch00_p1-pl3-sample8-sperm9.tif 4 4 0.9973110692437102 
ch00_p1-pl3-sample9-sperm5.tif 4 4 0.9268934435939364 
ch00_p3-pl1-sample11-sperm5.tif 4 4 0.9999989637565644 
ch00_p3-pl1-sample13-sperm6.tif 4 4 0.9771306035157401 
ch00_p3-pl1-sample14-sperm9.tif 4 4 0.838941662595905 
ch00_p3-pl1-sample15-sperm4.tif 4 4 0.9999998732225626 
ch00_p3-pl1-sample16-sperm1.tif 4 4 0.9999999822337557 
ch00_p3-pl1-sample16-sperm3.tif 4 4 0.9999958897199721 
ch00_p3-pl1-sample16-sperm4.tif 4 4 0.9999998669472606 
ch00_p3-pl1-sample22-sperm4.tif 4 4 0.997108425472971 
ch00_p3-pl1-sample23-sperm2.tif 4 4 0.9999984570615587 
ch00_p3-pl1-sample23-sperm6.tif 4 4 0.9999993990350018 
ch00_p3-pl1-sample23-sperm9.tif 4 0 0.8404288303418044 
ch00_p3-pl1-sample25-sperm5.tif 4 4 0.9860331294306677 
ch00_p3-pl1-sample26-sperm4.tif 4 0 0.9877554723787513 
ch00_p3-pl1-sample26-sperm5.tif 4 4 0.9979661817435234 
ch00_p3-pl1-sample27-sperm3.tif 4 3 0.9704094714893358 
ch00_p3-pl1-sample29-sperm8.tif 4 4 0.9999966013099906 
ch00_p3-pl1-sample3-sperm6.tif 4 4 0.9999980196786339 
ch00_p3-pl1-sample30-sperm4.tif 4 4 0.9673927633458667 
ch00_p3-pl1-sample4-sperm1.tif 4 4 0.8004783665023231 
ch00_p3-pl1-sample5-sperm2.tif 4 1 0.7718001675820672 
ch00_p3-pl1-sample5-sperm3.tif 4 4 0.994235914501919 
ch00_p3-pl1-sample7-sperm1.tif 4 4 0.9999996107957149 
ch00_p3-pl1-sample7-sperm11.tif 4 4 0.9999997816878021 
ch00_p3-pl1-sample7-sperm8.tif 4 4 0.9999999908066075 
ch00_p3-pl1-sample9-sperm5.tif 4 4 0.9955880899011429 
ch00_p3-pl1-sample9-sperm9.tif 4 4 0.9931332529582961 
ch00_p4-pl1-sample1-sperm12.tif 4 1 0.8578488727614846 
ch00_p4-pl1-sample1-sperm6.tif 4 4 0.9956432563851202 
ch00_p4-pl1-sample1-sperm7.tif 4 4 0.9577478168724475 
ch00_p4-pl1-sample1-sperm9.tif 4 4 0.9163746924888104 
ch00_p4-pl1-sample10-sperm15.tif 4 2 0.879835065378646 
ch00_p4-pl1-sample10-sperm5.tif 4 4 0.918195933012012 
ch00_p4-pl1-sample11-sperm12.tif 4 4 0.5171488937265393 
ch00_p4-pl1-sample12-sperm2.tif 4 2 0.9978302350130741 
ch00_p4-pl1-sample12-sperm9.tif 4 4 0.998258354342042 
ch00_p4-pl1-sample13-sperm2.tif 4 4 0.9976945389628782 
ch00_p4-pl1-sample13-sperm3.tif 4 4 0.9553541024430748 
ch00_p4-pl1-sample13-sperm5.tif 4 4 0.9858295453543446 
ch00_p4-pl1-sample13-sperm8.tif 4 4 0.9974096697727161 
ch00_p4-pl1-sample14-sperm12.tif 4 4 0.9971871996698822 
ch00_p4-pl1-sample14-sperm3.tif 4 4 0.9999999998787176 
ch00_p4-pl1-sample15-sperm10.tif 4 1 0.9940427112629273 
ch00_p4-pl1-sample16-sperm10.tif 4 2 0.5714942736472374 
ch00_p4-pl1-sample16-sperm16.tif 4 4 0.964696188878817 
ch00_p4-pl1-sample16-sperm17.tif 4 4 0.9865706536800339 
ch00_p4-pl1-sample19-sperm6.tif 4 4 0.9546220127309615 
ch00_p4-pl1-sample19-sperm9.tif 4 4 0.9989526627829786 
ch00_p4-pl1-sample2-sperm10.tif 4 4 0.82847986085049 
ch00_p4-pl1-sample20-sperm3.tif 4 4 0.9999972983664405 
ch00_p4-pl1-sample20-sperm6.tif 4 4 0.9999974728259494 
ch00_p4-pl1-sample20-sperm9.tif 4 4 0.9986141076537869 
ch00_p4-pl1-sample3-sperm3.tif 4 0 0.647887280698686 
ch00_p4-pl1-sample3-sperm9.tif 4 4 0.9999997619507867 
ch00_p4-pl1-sample4-sperm11.tif 4 4 0.9968271913557334 
ch00_p4-pl1-sample4-sperm12.tif 4 4 0.9982798074622069 
ch00_p4-pl1-sample4-sperm3.tif 4 4 0.6366305168406792 
ch00_p4-pl1-sample5-sperm1.tif 4 4 0.818034925794015 
ch00_p4-pl1-sample5-sperm4.tif 4 4 0.938038929790207 
ch00_p4-pl1-sample5-sperm9.tif 4 4 0.9763766672458272 
ch00_p4-pl1-sample6-sperm4.tif 4 4 0.9516621751425411 
ch00_p4-pl1-sample6-sperm7.tif 4 4 0.9962657801048522 
ch00_p4-pl1-sample6-sperm8.tif 4 4 0.9679525705328903 
ch00_p4-pl1-sample7-sperm10.tif 4 0 0.9692815579760571 
ch00_p4-pl1-sample7-sperm6.tif 4 4 0.9999987041131873 
ch00_p4-pl1-sample8-sperm1.tif 4 4 0.9101186910389529 
ch00_p4-pl1-sample8-sperm10.tif 4 4 0.8369102957445822 
ch00_p4-pl1-sample8-sperm12.tif 4 4 0.9949860529365131 
ch00_p4-pl1-sample8-sperm2.tif 4 4 0.7973509095865052 
ch00_p4-pl1-sample8-sperm3.tif 4 4 0.5531368482401569 
ch00_p4-pl1-sample9-sperm15.tif 4 4 0.98656366717712 
ch00_p4-pl1-sample9-sperm17.tif 4 4 0.7065609357619751 
ch00_p4-pl1-sample9-sperm2.tif 4 4 0.9999999830812474 
ch00_p4-pl1-sample9-sperm9.tif 4 4 0.4700893100306374 
ch00_p4-pl2-sample10-sperm1.tif 4 4 0.9212011601041442 
ch00_p4-pl2-sample10-sperm5.tif 4 4 0.9999981406139656 
ch00_p4-pl2-sample10-sperm8.tif 4 4 0.9975209523829435 
ch00_p4-pl2-sample13-sperm2.tif 4 4 0.9884721633713083 
ch00_p4-pl2-sample13-sperm7.tif 4 4 0.9990636586583804 
ch00_p4-pl2-sample14-sperm10.tif 4 0 0.9997758607569132 
ch00_p4-pl2-sample14-sperm9.tif 4 4 0.9999996496980885 
ch00_p4-pl2-sample15-sperm1.tif 4 4 0.9987468609253481 
ch00_p4-pl2-sample15-sperm7.tif 4 4 0.966333387773307 
ch00_p4-pl2-sample17-sperm2.tif 4 4 0.999999119430516 
ch00_p4-pl2-sample19-sperm1.tif 4 4 0.999999986004203 
ch00_p4-pl2-sample19-sperm3.tif 4 4 0.9966651676870104 
ch00_p4-pl2-sample2-sperm6.tif 4 4 0.9992168912172912 
ch00_p4-pl2-sample3-sperm2.tif 4 4 0.9824277781912901 
ch00_p4-pl2-sample3-sperm3.tif 4 4 0.9999999467965849 
ch00_p4-pl2-sample3-sperm5.tif 4 4 0.9999995562704012 
ch00_p4-pl2-sample3-sperm6.tif 4 4 0.9969926091366597 
ch00_p4-pl2-sample4-sperm4.tif 4 4 0.9999992903421179 
ch00_p4-pl2-sample4-sperm7.tif 4 4 0.9999999999837728 
ch00_p4-pl2-sample7-sperm10.tif 4 4 0.9999993742248168 
ch00_p4-pl2-sample7-sperm5.tif 4 2 0.7157591012114473 
ch00_p4-pl2-sample7-sperm9.tif 4 4 0.9972802998902228 
ch00_p4-pl2-sample8-sperm2.tif 4 2 0.5620625289469191 
ch00_p4-pl2-sample9-sperm4.tif 4 4 0.9988958447531391 
ch00_p5-pl1-sample1-sperm5.tif 4 4 0.9973821264722983 
ch00_p5-pl1-sample10-sperm18.tif 4 4 0.9999968731075259 
ch00_p5-pl1-sample10-sperm6.tif 4 4 0.5850672270033563 
ch00_p5-pl1-sample10-sperm7.tif 4 4 0.9038349154396006 
ch00_p5-pl1-sample12-sperm15.tif 4 0 0.9891383894683164 
ch00_p5-pl1-sample12-sperm6.tif 4 1 0.9941341534185296 
ch00_p5-pl1-sample12-sperm7.tif 4 0 0.9686339943115817 
ch00_p5-pl1-sample13-sperm6.tif 4 4 0.49588022210230726 
ch00_p5-pl1-sample15-sperm2.tif 4 1 0.8507277178632431 
ch00_p5-pl1-sample16-sperm3.tif 4 4 0.9897193578370621 
ch00_p5-pl1-sample17-sperm13.tif 4 4 0.6316508046017429 
ch00_p5-pl1-sample17-sperm2.tif 4 4 0.9809278816185856 
ch00_p5-pl1-sample18-sperm3.tif 4 4 0.999272718662682 
ch00_p5-pl1-sample2-sperm10.tif 4 1 0.9998480840506452 
ch00_p5-pl1-sample20-sperm12.tif 4 4 0.9989841093328096 
ch00_p5-pl1-sample20-sperm5.tif 4 4 0.8113392168566989 
ch00_p5-pl1-sample4-sperm2.tif 4 4 0.999999967865404 
ch00_p5-pl1-sample4-sperm5.tif 4 4 0.9964591371695851 
ch00_p5-pl1-sample5-sperm10.tif 4 1 0.9090394901808249 
ch00_p5-pl1-sample5-sperm18.tif 4 4 0.9523555106201286 
ch00_p5-pl1-sample6-sperm4.tif 4 4 0.9822040455952374 
ch00_p5-pl1-sample7-sperm5.tif 4 4 0.8628913432423412 
ch00_p5-pl1-sample8-sperm4.tif 4 1 0.7580859534496003 
ch00_p5-pl1-sample9-sperm5.tif 4 4 0.8711368109695713 
