ch00_p1-pl2-sample1-sperm10.tif 0 0 0.7561113808529998 
ch00_p1-pl2-sample1-sperm3.tif 0 0 0.6736846614037754 
ch00_p1-pl2-sample10-sperm4.tif 0 4 0.48248622410608266 
ch00_p1-pl2-sample13-sperm11.tif 0 0 0.6042713340389401 
ch00_p1-pl2-sample3-sperm12.tif 0 0 0.4548684589394676 
ch00_p1-pl2-sample3-sperm4.tif 0 3 0.5054122365272815 
ch00_p1-pl2-sample30-sperm2.tif 0 0 0.8516175928630083 
ch00_p1-pl2-sample32-sperm3.tif 0 0 0.7620716178473022 
ch00_p1-pl2-sample4-sperm7.tif 0 3 0.44767401807892004 
ch00_p1-pl2-sample5-sperm3.tif 0 4 0.3983247097875008 
ch00_p1-pl3-sample1-sperm2.tif 0 0 0.6626576612581017 
ch00_p1-pl3-sample13-sperm14.tif 0 0 0.7915738902832504 
ch00_p1-pl3-sample2-sperm7.tif 0 4 0.45622321352157985 
ch00_p1-pl3-sample22-sperm5.tif 0 2 0.3173546887194263 
ch00_p3-pl1-sample21-sperm2.tif 0 4 0.40578635919902656 
ch00_p3-pl1-sample25-sperm13.tif 0 0 0.581575188064253 
ch00_p4-pl1-sample10-sperm7.tif 0 0 0.506128342374053 
ch00_p4-pl1-sample13-sperm6.tif 0 0 0.8256414599105039 
ch00_p4-pl1-sample14-sperm1.tif 0 4 0.6812221073829594 
ch00_p4-pl1-sample14-sperm2.tif 0 4 0.5522133335938395 
ch00_p4-pl1-sample15-sperm6.tif 0 0 0.5096860353380215 
ch00_p4-pl1-sample17-sperm9.tif 0 0 0.37747963001233814 
ch00_p4-pl1-sample2-sperm11.tif 0 4 0.554105710663453 
ch00_p4-pl1-sample20-sperm7.tif 0 0 0.8012260906236375 
ch00_p4-pl1-sample9-sperm5.tif 0 4 0.3521747481573085 
ch00_p4-pl2-sample14-sperm7.tif 0 4 0.5268846857589136 
ch00_p4-pl2-sample17-sperm5.tif 0 0 0.6891685082682194 
ch00_p5-pl1-sample5-sperm12.tif 0 4 0.47167641948674377 
ch00_p5-pl1-sample5-sperm3.tif 0 3 0.411388834267919 
ch00_p5-pl1-sample7-sperm9.tif 0 4 0.5711535479372469 
ch00_p1-pl2-sample1-sperm6.tif 1 4 0.33857116541043636 
ch00_p1-pl2-sample10-sperm5.tif 1 4 0.7810215002567733 
ch00_p1-pl2-sample11-sperm12.tif 1 1 0.7964654217286609 
ch00_p1-pl2-sample11-sperm2.tif 1 1 0.6431041471473552 
ch00_p1-pl2-sample11-sperm4.tif 1 4 0.4508960353068921 
ch00_p1-pl2-sample12-sperm3.tif 1 1 0.7928454142818528 
ch00_p1-pl2-sample13-sperm18.tif 1 1 0.5941442098866395 
ch00_p1-pl2-sample15-sperm3.tif 1 1 0.6593200370427696 
ch00_p1-pl2-sample18-sperm1.tif 1 1 0.5133564401653017 
ch00_p1-pl2-sample18-sperm10.tif 1 4 0.45897661867651096 
ch00_p1-pl2-sample18-sperm3.tif 1 1 0.7241557684574081 
ch00_p1-pl2-sample19-sperm10.tif 1 1 0.6941589553456474 
ch00_p1-pl2-sample19-sperm14.tif 1 1 0.5547801317111943 
ch00_p1-pl2-sample2-sperm3.tif 1 4 0.5593639075952943 
ch00_p1-pl2-sample2-sperm4.tif 1 4 0.6486419549597917 
ch00_p1-pl2-sample20-sperm13.tif 1 1 0.6341621520177174 
ch00_p1-pl2-sample21-sperm3.tif 1 1 0.707789421298416 
ch00_p1-pl2-sample21-sperm9.tif 1 1 0.7625058199669447 
ch00_p1-pl2-sample22-sperm3.tif 1 2 0.46674313738889506 
ch00_p1-pl2-sample22-sperm6.tif 1 1 0.43542589920370056 
ch00_p1-pl2-sample25-sperm8.tif 1 4 0.6393083434643193 
ch00_p1-pl2-sample29-sperm6.tif 1 1 0.6056690461857983 
ch00_p1-pl2-sample29-sperm8.tif 1 1 0.6080777170038292 
ch00_p1-pl2-sample30-sperm7.tif 1 4 0.5979387727185171 
ch00_p1-pl2-sample32-sperm2.tif 1 4 0.6218019557964792 
ch00_p1-pl2-sample32-sperm6.tif 1 4 0.6440294706343791 
ch00_p1-pl2-sample4-sperm5.tif 1 1 0.4775906870575716 
ch00_p1-pl2-sample4-sperm8.tif 1 4 0.5544964862049467 
ch00_p1-pl2-sample6-sperm10.tif 1 1 0.703960899463012 
ch00_p1-pl2-sample6-sperm3.tif 1 4 0.47136440221160175 
ch00_p1-pl2-sample6-sperm4.tif 1 1 0.7403487991851204 
ch00_p1-pl2-sample7-sperm11.tif 1 1 0.6514587799411591 
ch00_p1-pl2-sample8-sperm1.tif 1 3 0.30450211783776543 
ch00_p1-pl2-sample8-sperm3.tif 1 1 0.7172005423922376 
ch00_p1-pl2-sample9-sperm12.tif 1 4 0.32710686342745476 
ch00_p1-pl2-sample9-sperm2.tif 1 1 0.7258004564208369 
ch00_p1-pl3-sample10-sperm6.tif 1 1 0.7989032085259843 
ch00_p1-pl3-sample12-sperm2.tif 1 1 0.7111238217281622 
ch00_p1-pl3-sample12-sperm5.tif 1 1 0.48316622854756525 
ch00_p1-pl3-sample12-sperm7.tif 1 2 0.6673298886963758 
ch00_p1-pl3-sample15-sperm21.tif 1 1 0.6336756589416176 
ch00_p1-pl3-sample16-sperm13.tif 1 1 0.6046381694012342 
ch00_p1-pl3-sample18-sperm3.tif 1 1 0.6900354605960556 
ch00_p1-pl3-sample6-sperm16.tif 1 4 0.4362352932875242 
ch00_p3-pl1-sample10-sperm2.tif 1 1 0.7091631212192431 
ch00_p3-pl1-sample27-sperm2.tif 1 1 0.8085920483715674 
ch00_p3-pl1-sample27-sperm5.tif 1 1 0.702472376684854 
ch00_p3-pl1-sample31-sperm6.tif 1 1 0.79974230457257 
ch00_p3-pl1-sample4-sperm2.tif 1 1 0.7019302802281895 
ch00_p3-pl1-sample5-sperm1.tif 1 1 0.6796718671120219 
ch00_p3-pl1-sample7-sperm14.tif 1 4 0.4404154975348813 
ch00_p4-pl1-sample1-sperm11.tif 1 1 0.5940434837974461 
ch00_p4-pl1-sample10-sperm18.tif 1 1 0.7825265961926058 
ch00_p4-pl1-sample17-sperm3.tif 1 1 0.7186212390299983 
ch00_p4-pl1-sample19-sperm3.tif 1 1 0.5918204982928242 
ch00_p4-pl1-sample6-sperm5.tif 1 1 0.6576081813952327 
ch00_p4-pl1-sample7-sperm18.tif 1 1 0.6492303452721632 
ch00_p4-pl2-sample8-sperm6.tif 1 1 0.5000222503655294 
ch00_p5-pl1-sample11-sperm5.tif 1 1 0.6305418138414286 
ch00_p5-pl1-sample12-sperm17.tif 1 4 0.6344625438631943 
ch00_p5-pl1-sample14-sperm5.tif 1 4 0.48645033842154384 
ch00_p5-pl1-sample4-sperm1.tif 1 4 0.5429526503072204 
ch00_p5-pl1-sample4-sperm9.tif 1 4 0.505798708856974 
ch00_p5-pl1-sample5-sperm16.tif 1 1 0.5482381736716128 
ch00_p5-pl1-sample6-sperm13.tif 1 1 0.7168464488273055 
ch00_p5-pl1-sample7-sperm6.tif 1 4 0.4268642076616482 
ch00_p5-pl1-sample7-sperm7.tif 1 4 0.5336788590451028 
ch00_p5-pl1-sample8-sperm5.tif 1 1 0.6882715949112711 
ch00_p1-pl2-sample13-sperm4.tif 2 4 0.7145327212191257 
ch00_p1-pl2-sample2-sperm6.tif 2 1 0.45798440303105004 
ch00_p1-pl2-sample23-sperm9.tif 2 2 0.5560480087817606 
ch00_p1-pl2-sample35-sperm6.tif 2 2 0.5865996743527517 
ch00_p1-pl2-sample8-sperm4.tif 2 2 0.4625734842521952 
ch00_p1-pl3-sample1-sperm9.tif 2 4 0.5028899084528989 
ch00_p1-pl3-sample11-sperm7.tif 2 4 0.49092540822225234 
ch00_p1-pl3-sample15-sperm14.tif 2 2 0.45865635054927995 
ch00_p1-pl3-sample17-sperm9.tif 2 2 0.7963270318489253 
ch00_p1-pl3-sample20-sperm4.tif 2 2 0.500188132239191 
ch00_p1-pl3-sample6-sperm17.tif 2 0 0.7243032465329002 
ch00_p1-pl3-sample6-sperm2.tif 2 4 0.601787372079811 
ch00_p1-pl3-sample7-sperm13.tif 2 0 0.7423086546196409 
ch00_p1-pl3-sample7-sperm5.tif 2 1 0.38649168788515365 
ch00_p3-pl1-sample25-sperm7.tif 2 1 0.46804296038980553 
ch00_p3-pl1-sample29-sperm10.tif 2 1 0.6110628081511147 
ch00_p4-pl1-sample12-sperm4.tif 2 4 0.6665657948413137 
ch00_p4-pl1-sample19-sperm4.tif 2 4 0.7849029083245634 
ch00_p4-pl1-sample3-sperm10.tif 2 2 0.5841114013001489 
ch00_p4-pl1-sample4-sperm6.tif 2 4 0.5047399465542053 
ch00_p4-pl1-sample5-sperm10.tif 2 2 0.8185830733781501 
ch00_p4-pl2-sample11-sperm5.tif 2 2 0.6077211494443523 
ch00_p1-pl2-sample13-sperm13.tif 3 3 0.697368894816913 
ch00_p1-pl2-sample15-sperm6.tif 3 4 0.3455500164348832 
ch00_p1-pl2-sample18-sperm4.tif 3 0 0.8330711992199749 
ch00_p1-pl2-sample21-sperm7.tif 3 4 0.5659878017152276 
ch00_p1-pl2-sample22-sperm10.tif 3 4 0.43098160096252447 
ch00_p1-pl2-sample22-sperm2.tif 3 0 0.8639776799077726 
ch00_p1-pl2-sample23-sperm8.tif 3 3 0.7296421516488495 
ch00_p1-pl2-sample31-sperm1.tif 3 1 0.3308192419763784 
ch00_p1-pl2-sample4-sperm12.tif 3 0 0.5465941828817457 
ch00_p1-pl3-sample10-sperm9.tif 3 0 0.48162804560277955 
ch00_p1-pl3-sample21-sperm7.tif 3 3 0.6950165778794571 
ch00_p1-pl3-sample23-sperm16.tif 3 4 0.49011443066100396 
ch00_p1-pl3-sample23-sperm7.tif 3 3 0.6931857692684452 
ch00_p1-pl3-sample25-sperm14.tif 3 3 0.8551388729292234 
ch00_p1-pl3-sample9-sperm9.tif 3 4 0.4697368120982969 
ch00_p3-pl1-sample1-sperm3.tif 3 3 0.5195919359338974 
ch00_p3-pl1-sample12-sperm3.tif 3 3 0.7263953747060153 
ch00_p3-pl1-sample28-sperm2.tif 3 3 0.6738902088671179 
ch00_p3-pl1-sample32-sperm1.tif 3 3 0.5650472340039064 
ch00_p4-pl1-sample20-sperm4.tif 3 2 0.5701929521269581 
ch00_p4-pl2-sample12-sperm8.tif 3 4 0.5013685468230191 
ch00_p1-pl2-sample1-sperm4.tif 4 1 0.6935415495561957 
ch00_p1-pl2-sample10-sperm16.tif 4 0 0.5191590539035875 
ch00_p1-pl2-sample12-sperm1.tif 4 4 0.7125324697466342 
ch00_p1-pl2-sample12-sperm10.tif 4 4 0.6034041198940703 
ch00_p1-pl2-sample12-sperm11.tif 4 4 0.4926077228860476 
ch00_p1-pl2-sample12-sperm8.tif 4 0 0.5798438964269023 
ch00_p1-pl2-sample13-sperm1.tif 4 4 0.6012397499592559 
ch00_p1-pl2-sample13-sperm2.tif 4 0 0.6399558722444427 
ch00_p1-pl2-sample13-sperm5.tif 4 3 0.6271812114397465 
ch00_p1-pl2-sample14-sperm4.tif 4 1 0.46957385027450027 
ch00_p1-pl2-sample16-sperm5.tif 4 1 0.5702089719394587 
ch00_p1-pl2-sample16-sperm7.tif 4 0 0.4169498351708344 
ch00_p1-pl2-sample20-sperm10.tif 4 0 0.43477295330990157 
ch00_p1-pl2-sample22-sperm11.tif 4 4 0.7039826488392259 
ch00_p1-pl2-sample23-sperm16.tif 4 4 0.7077061120697874 
ch00_p1-pl2-sample23-sperm17.tif 4 4 0.4033728202048521 
ch00_p1-pl2-sample24-sperm10.tif 4 0 0.6630738051146199 
ch00_p1-pl2-sample24-sperm13.tif 4 4 0.5791333354004377 
ch00_p1-pl2-sample28-sperm1.tif 4 4 0.41193918916638766 
ch00_p1-pl2-sample28-sperm3.tif 4 1 0.6155615840663383 
ch00_p1-pl2-sample3-sperm8.tif 4 4 0.4645487170553293 
ch00_p1-pl2-sample30-sperm4.tif 4 4 0.617785864877245 
ch00_p1-pl2-sample30-sperm6.tif 4 4 0.32472902923806557 
ch00_p1-pl2-sample31-sperm3.tif 4 1 0.5143862707414534 
ch00_p1-pl2-sample32-sperm1.tif 4 4 0.3936895472210886 
ch00_p1-pl2-sample32-sperm11.tif 4 4 0.45798127617300105 
ch00_p1-pl2-sample32-sperm5.tif 4 0 0.8376591925219179 
ch00_p1-pl2-sample33-sperm2.tif 4 0 0.39087467480917126 
ch00_p1-pl2-sample33-sperm3.tif 4 2 0.7200930543360223 
ch00_p1-pl2-sample34-sperm7.tif 4 4 0.6295036048823406 
ch00_p1-pl2-sample35-sperm12.tif 4 4 0.5129778831348883 
ch00_p1-pl2-sample35-sperm8.tif 4 0 0.5556699940406506 
ch00_p1-pl2-sample4-sperm4.tif 4 3 0.37983033784891074 
ch00_p1-pl2-sample9-sperm18.tif 4 4 0.5439960650765593 
ch00_p1-pl2-sample9-sperm4.tif 4 3 0.4132363782044991 
ch00_p1-pl3-sample1-sperm13.tif 4 4 0.5589208051899264 
ch00_p1-pl3-sample1-sperm14.tif 4 0 0.8092505044972023 
ch00_p1-pl3-sample12-sperm16.tif 4 4 0.4253013453208582 
ch00_p1-pl3-sample12-sperm3.tif 4 4 0.5731832197529674 
ch00_p1-pl3-sample12-sperm6.tif 4 0 0.7444876162164508 
ch00_p1-pl3-sample12-sperm8.tif 4 4 0.3444930752102967 
ch00_p1-pl3-sample13-sperm5.tif 4 4 0.4243154348185096 
ch00_p1-pl3-sample13-sperm8.tif 4 4 0.5201343089165168 
ch00_p1-pl3-sample14-sperm16.tif 4 0 0.33402164243703575 
ch00_p1-pl3-sample15-sperm20.tif 4 3 0.650937418564986 
ch00_p1-pl3-sample15-sperm3.tif 4 4 0.36141032681925006 
ch00_p1-pl3-sample15-sperm7.tif 4 4 0.39641851218445123 
ch00_p1-pl3-sample16-sperm17.tif 4 4 0.4444536700576748 
ch00_p1-pl3-sample16-sperm8.tif 4 4 0.6004964779589959 
ch00_p1-pl3-sample17-sperm11.tif 4 4 0.5411742701038066 
ch00_p1-pl3-sample19-sperm8.tif 4 0 0.6138298297700411 
ch00_p1-pl3-sample2-sperm10.tif 4 0 0.5242384997863748 
ch00_p1-pl3-sample2-sperm12.tif 4 0 0.8248548771950781 
ch00_p1-pl3-sample20-sperm12.tif 4 4 0.7152272570175526 
ch00_p1-pl3-sample21-sperm1.tif 4 4 0.45120939854691133 
ch00_p1-pl3-sample21-sperm11.tif 4 1 0.7070841855075781 
ch00_p1-pl3-sample21-sperm12.tif 4 4 0.3256247567587845 
ch00_p1-pl3-sample23-sperm19.tif 4 3 0.3496241629188874 
ch00_p1-pl3-sample23-sperm3.tif 4 4 0.6502236798659411 
ch00_p1-pl3-sample24-sperm22.tif 4 1 0.5579822585650858 
ch00_p1-pl3-sample24-sperm23.tif 4 4 0.5523823355655135 
ch00_p1-pl3-sample24-sperm24.tif 4 4 0.6593503983857667 
ch00_p1-pl3-sample24-sperm5.tif 4 4 0.618146533533968 
ch00_p1-pl3-sample24-sperm9.tif 4 2 0.4579598188338915 
ch00_p1-pl3-sample25-sperm1.tif 4 0 0.43252336982981854 
ch00_p1-pl3-sample25-sperm13.tif 4 1 0.7769159493674358 
ch00_p1-pl3-sample25-sperm9.tif 4 0 0.4478583390158373 
ch00_p1-pl3-sample3-sperm2.tif 4 3 0.7883298650617093 
ch00_p1-pl3-sample3-sperm5.tif 4 0 0.5772769791709901 
ch00_p1-pl3-sample3-sperm8.tif 4 3 0.737552093030496 
ch00_p1-pl3-sample4-sperm3.tif 4 3 0.8399768310881471 
ch00_p1-pl3-sample5-sperm6.tif 4 1 0.5728358807336582 
ch00_p1-pl3-sample5-sperm7.tif 4 2 0.40909427518584013 
ch00_p1-pl3-sample6-sperm6.tif 4 1 0.4923649576279882 
ch00_p1-pl3-sample7-sperm11.tif 4 4 0.48538688591161877 
ch00_p1-pl3-sample7-sperm9.tif 4 4 0.7689024104147087 
ch00_p1-pl3-sample8-sperm11.tif 4 1 0.6963901813183393 
ch00_p1-pl3-sample8-sperm8.tif 4 2 0.7198226304485261 
ch00_p1-pl3-sample9-sperm5.tif 4 0 0.5755626500834131 
ch00_p3-pl1-sample11-sperm1.tif 4 4 0.5309854657772213 
ch00_p3-pl1-sample11-sperm6.tif 4 4 0.3720108111311603 
ch00_p3-pl1-sample12-sperm6.tif 4 4 0.6753898562239942 
ch00_p3-pl1-sample15-sperm4.tif 4 4 0.4516530884605308 
ch00_p3-pl1-sample18-sperm2.tif 4 0 0.3240442445445207 
ch00_p3-pl1-sample19-sperm4.tif 4 4 0.63203936151275 
ch00_p3-pl1-sample19-sperm9.tif 4 3 0.6871991910866362 
ch00_p3-pl1-sample20-sperm2.tif 4 0 0.6476834314713235 
ch00_p3-pl1-sample21-sperm4.tif 4 3 0.43543902953870456 
ch00_p3-pl1-sample22-sperm8.tif 4 4 0.5165510025352207 
ch00_p3-pl1-sample25-sperm10.tif 4 1 0.6476653326553686 
ch00_p3-pl1-sample25-sperm2.tif 4 1 0.38677174877400067 
ch00_p3-pl1-sample27-sperm3.tif 4 3 0.7174799555660349 
ch00_p3-pl1-sample29-sperm4.tif 4 4 0.5595624763154637 
ch00_p3-pl1-sample29-sperm9.tif 4 0 0.27538759472599683 
ch00_p3-pl1-sample30-sperm4.tif 4 4 0.6362001306374514 
ch00_p3-pl1-sample30-sperm5.tif 4 1 0.5904837302843788 
ch00_p3-pl1-sample31-sperm1.tif 4 4 0.6689447976295216 
ch00_p3-pl1-sample31-sperm2.tif 4 1 0.7560771189642669 
ch00_p3-pl1-sample31-sperm7.tif 4 3 0.49074248598348813 
ch00_p3-pl1-sample4-sperm5.tif 4 4 0.6720093499258474 
ch00_p3-pl1-sample5-sperm3.tif 4 1 0.7719578249568452 
ch00_p3-pl1-sample7-sperm7.tif 4 0 0.2984034541100393 
ch00_p3-pl1-sample8-sperm5.tif 4 4 0.49412228621583937 
ch00_p3-pl1-sample9-sperm9.tif 4 1 0.5049768601149822 
ch00_p4-pl1-sample1-sperm7.tif 4 4 0.5702212246648212 
ch00_p4-pl1-sample11-sperm13.tif 4 4 0.6229047415864674 
ch00_p4-pl1-sample12-sperm2.tif 4 2 0.6176028050706147 
ch00_p4-pl1-sample12-sperm3.tif 4 4 0.5511560814943457 
ch00_p4-pl1-sample12-sperm8.tif 4 2 0.38332654802840777 
ch00_p4-pl1-sample12-sperm9.tif 4 4 0.5106551777412829 
ch00_p4-pl1-sample13-sperm2.tif 4 2 0.5905068499176692 
ch00_p4-pl1-sample13-sperm3.tif 4 4 0.4027054994828493 
ch00_p4-pl1-sample13-sperm7.tif 4 4 0.6103439370823184 
ch00_p4-pl1-sample14-sperm12.tif 4 1 0.34331228411265163 
ch00_p4-pl1-sample14-sperm5.tif 4 4 0.7179773046764546 
ch00_p4-pl1-sample16-sperm15.tif 4 2 0.7606494715994583 
ch00_p4-pl1-sample16-sperm8.tif 4 4 0.4501885476579661 
ch00_p4-pl1-sample17-sperm5.tif 4 2 0.7875165496106711 
ch00_p4-pl1-sample18-sperm5.tif 4 3 0.5153803029010438 
ch00_p4-pl1-sample2-sperm13.tif 4 4 0.45645322887098455 
ch00_p4-pl1-sample20-sperm1.tif 4 2 0.7889331727289968 
ch00_p4-pl1-sample20-sperm11.tif 4 4 0.6231090488361737 
ch00_p4-pl1-sample20-sperm6.tif 4 4 0.5057935086702676 
ch00_p4-pl1-sample3-sperm3.tif 4 4 0.5750453921539811 
ch00_p4-pl1-sample3-sperm9.tif 4 3 0.3760255484320099 
ch00_p4-pl1-sample4-sperm11.tif 4 4 0.6482527821354204 
ch00_p4-pl1-sample4-sperm12.tif 4 4 0.6329114326860321 
ch00_p4-pl1-sample4-sperm3.tif 4 2 0.5222450784200916 
ch00_p4-pl1-sample5-sperm4.tif 4 2 0.4716381121531329 
ch00_p4-pl1-sample5-sperm7.tif 4 0 0.36266984382635387 
ch00_p4-pl1-sample6-sperm11.tif 4 2 0.8487300717170431 
ch00_p4-pl1-sample6-sperm7.tif 4 4 0.42133217121344047 
ch00_p4-pl1-sample6-sperm9.tif 4 4 0.540816275148182 
ch00_p4-pl1-sample7-sperm2.tif 4 4 0.7684937587023194 
ch00_p4-pl1-sample7-sperm8.tif 4 0 0.5706054672440751 
ch00_p4-pl1-sample8-sperm1.tif 4 1 0.5665604949704257 
ch00_p4-pl1-sample8-sperm8.tif 4 1 0.4765375213382851 
ch00_p4-pl1-sample9-sperm15.tif 4 4 0.42688536667157273 
ch00_p4-pl1-sample9-sperm17.tif 4 4 0.5728827441378586 
ch00_p4-pl1-sample9-sperm4.tif 4 4 0.48262294241564424 
ch00_p4-pl1-sample9-sperm8.tif 4 4 0.44848818559536063 
ch00_p4-pl2-sample1-sperm7.tif 4 4 0.591011753152339 
ch00_p4-pl2-sample10-sperm1.tif 4 0 0.5250472615349739 
ch00_p4-pl2-sample10-sperm11.tif 4 4 0.6548132037101946 
ch00_p4-pl2-sample10-sperm12.tif 4 4 0.7608323842752117 
ch00_p4-pl2-sample10-sperm5.tif 4 0 0.5179012970102213 
ch00_p4-pl2-sample10-sperm9.tif 4 4 0.544105659279116 
ch00_p4-pl2-sample13-sperm7.tif 4 2 0.46988069858306036 
ch00_p4-pl2-sample14-sperm6.tif 4 1 0.3740537526447753 
ch00_p4-pl2-sample14-sperm8.tif 4 2 0.2990268501526783 
ch00_p4-pl2-sample15-sperm6.tif 4 4 0.5056923961953209 
ch00_p4-pl2-sample16-sperm7.tif 4 4 0.6603644508368867 
ch00_p4-pl2-sample17-sperm1.tif 4 4 0.7926486847093664 
ch00_p4-pl2-sample17-sperm4.tif 4 1 0.5658962855155577 
ch00_p4-pl2-sample18-sperm1.tif 4 4 0.4602970992646664 
ch00_p4-pl2-sample18-sperm6.tif 4 1 0.6986843601453118 
ch00_p4-pl2-sample18-sperm7.tif 4 4 0.47493920536581724 
ch00_p4-pl2-sample18-sperm8.tif 4 1 0.6319365256748499 
ch00_p4-pl2-sample19-sperm2.tif 4 2 0.428818527457758 
ch00_p4-pl2-sample19-sperm8.tif 4 4 0.4579279666393686 
ch00_p4-pl2-sample2-sperm2.tif 4 0 0.5473401851526183 
ch00_p4-pl2-sample2-sperm5.tif 4 4 0.6298739747129137 
ch00_p4-pl2-sample20-sperm6.tif 4 4 0.40589285324942503 
ch00_p4-pl2-sample20-sperm8.tif 4 4 0.7293550707737081 
ch00_p4-pl2-sample3-sperm3.tif 4 4 0.8150383898311421 
ch00_p4-pl2-sample3-sperm6.tif 4 1 0.7433150100978229 
ch00_p4-pl2-sample5-sperm1.tif 4 4 0.6129597754648923 
ch00_p4-pl2-sample6-sperm2.tif 4 4 0.3482598161984662 
ch00_p4-pl2-sample7-sperm2.tif 4 0 0.4370823222981001 
ch00_p4-pl2-sample8-sperm2.tif 4 4 0.5719568314839728 
ch00_p5-pl1-sample1-sperm13.tif 4 4 0.5597043697273718 
ch00_p5-pl1-sample1-sperm15.tif 4 4 0.46726336838355137 
ch00_p5-pl1-sample10-sperm18.tif 4 4 0.42002390558964287 
ch00_p5-pl1-sample11-sperm10.tif 4 4 0.48227235448308087 
ch00_p5-pl1-sample11-sperm4.tif 4 1 0.5172299797482159 
ch00_p5-pl1-sample12-sperm14.tif 4 4 0.36377995642721606 
ch00_p5-pl1-sample12-sperm5.tif 4 4 0.5678590820735457 
ch00_p5-pl1-sample15-sperm2.tif 4 4 0.4463693690390497 
ch00_p5-pl1-sample15-sperm3.tif 4 3 0.5460518538908217 
ch00_p5-pl1-sample17-sperm5.tif 4 4 0.40016354669278026 
ch00_p5-pl1-sample19-sperm13.tif 4 4 0.4283230855901516 
ch00_p5-pl1-sample2-sperm10.tif 4 4 0.6521759324174924 
ch00_p5-pl1-sample2-sperm13.tif 4 3 0.5436180482651125 
ch00_p5-pl1-sample2-sperm3.tif 4 3 0.7016631451194171 
ch00_p5-pl1-sample20-sperm13.tif 4 4 0.5341190780756625 
ch00_p5-pl1-sample3-sperm13.tif 4 4 0.4754637651364766 
ch00_p5-pl1-sample3-sperm15.tif 4 4 0.5172245194456618 
ch00_p5-pl1-sample3-sperm23.tif 4 2 0.44756687605449885 
ch00_p5-pl1-sample3-sperm7.tif 4 1 0.7887884947310255 
ch00_p5-pl1-sample4-sperm10.tif 4 3 0.6589010904526522 
ch00_p5-pl1-sample5-sperm15.tif 4 4 0.379048391440743 
ch00_p5-pl1-sample5-sperm18.tif 4 3 0.6971019558822845 
ch00_p5-pl1-sample5-sperm4.tif 4 1 0.48794442338131744 
ch00_p5-pl1-sample5-sperm9.tif 4 1 0.6245287110524829 
ch00_p5-pl1-sample6-sperm15.tif 4 4 0.5937820083001666 
ch00_p5-pl1-sample6-sperm4.tif 4 3 0.4271954153134842 
