ch00_p1-pl2-sample1-sperm10.tif 0 0 0.9973597489401435 
ch00_p1-pl2-sample1-sperm3.tif 0 0 0.9998281446162919 
ch00_p1-pl2-sample10-sperm4.tif 0 4 0.9498970305810968 
ch00_p1-pl2-sample13-sperm11.tif 0 4 0.9740644669447457 
ch00_p1-pl2-sample3-sperm12.tif 0 4 0.9692219406322355 
ch00_p1-pl2-sample3-sperm4.tif 0 4 0.7510301871812123 
ch00_p1-pl2-sample30-sperm2.tif 0 4 0.9492403377034484 
ch00_p1-pl2-sample32-sperm3.tif 0 0 0.9713991273830926 
ch00_p1-pl2-sample4-sperm7.tif 0 4 0.5905160362911434 
ch00_p1-pl2-sample5-sperm3.tif 0 4 0.9999995980694549 
ch00_p1-pl3-sample1-sperm2.tif 0 0 0.9644062903063407 
ch00_p1-pl3-sample13-sperm14.tif 0 4 0.8902065464666319 
ch00_p1-pl3-sample2-sperm7.tif 0 4 0.9977172000340258 
ch00_p1-pl3-sample22-sperm5.tif 0 4 0.9891601036870379 
ch00_p3-pl1-sample21-sperm2.tif 0 0 0.9961062285978682 
ch00_p3-pl1-sample25-sperm13.tif 0 3 0.8094926264129014 
ch00_p4-pl1-sample10-sperm7.tif 0 4 0.9999999995273662 
ch00_p4-pl1-sample13-sperm6.tif 0 3 0.6026090576261103 
ch00_p4-pl1-sample14-sperm1.tif 0 4 0.9683939099396647 
ch00_p4-pl1-sample14-sperm2.tif 0 4 0.7063555769767659 
ch00_p4-pl1-sample15-sperm6.tif 0 4 0.9659888250450547 
ch00_p4-pl1-sample17-sperm9.tif 0 4 0.9999995216589453 
ch00_p4-pl1-sample2-sperm11.tif 0 4 0.9905380430643819 
ch00_p4-pl1-sample20-sperm7.tif 0 0 0.8010811977714776 
ch00_p4-pl1-sample9-sperm5.tif 0 4 0.9840156271163212 
ch00_p4-pl2-sample14-sperm7.tif 0 4 0.9999981958961358 
ch00_p4-pl2-sample17-sperm5.tif 0 4 0.9999997253631524 
ch00_p5-pl1-sample5-sperm12.tif 0 4 0.9923343427474216 
ch00_p5-pl1-sample5-sperm3.tif 0 4 0.9979972107293142 
ch00_p5-pl1-sample7-sperm9.tif 0 4 0.9780081529260266 
ch00_p1-pl2-sample1-sperm6.tif 1 1 0.8407573725707586 
ch00_p1-pl2-sample10-sperm5.tif 1 4 0.9999984532351924 
ch00_p1-pl2-sample11-sperm12.tif 1 1 0.9413893150334404 
ch00_p1-pl2-sample11-sperm2.tif 1 1 0.9998679934411119 
ch00_p1-pl2-sample11-sperm4.tif 1 4 0.9412336994292176 
ch00_p1-pl2-sample12-sperm3.tif 1 1 0.999502037381452 
ch00_p1-pl2-sample13-sperm18.tif 1 1 0.9656757854634618 
ch00_p1-pl2-sample15-sperm3.tif 1 4 0.8142167402870438 
ch00_p1-pl2-sample18-sperm1.tif 1 4 0.8774672685260668 
ch00_p1-pl2-sample18-sperm10.tif 1 4 0.9504409566155853 
ch00_p1-pl2-sample18-sperm3.tif 1 4 0.8219171959395093 
ch00_p1-pl2-sample19-sperm10.tif 1 4 0.6995496432785172 
ch00_p1-pl2-sample19-sperm14.tif 1 1 0.41243646587532223 
ch00_p1-pl2-sample2-sperm3.tif 1 4 0.999999991106223 
ch00_p1-pl2-sample2-sperm4.tif 1 4 0.9999996383398929 
ch00_p1-pl2-sample20-sperm13.tif 1 1 0.7225529784917363 
ch00_p1-pl2-sample21-sperm3.tif 1 1 0.9999917914503322 
ch00_p1-pl2-sample21-sperm9.tif 1 1 0.9999960549059339 
ch00_p1-pl2-sample22-sperm3.tif 1 2 0.8611466346291463 
ch00_p1-pl2-sample22-sperm6.tif 1 4 0.8904518378926298 
ch00_p1-pl2-sample25-sperm8.tif 1 4 0.9822051999136355 
ch00_p1-pl2-sample29-sperm6.tif 1 4 0.7006662723389999 
ch00_p1-pl2-sample29-sperm8.tif 1 1 0.5180637924720046 
ch00_p1-pl2-sample30-sperm7.tif 1 4 0.8049965053211443 
ch00_p1-pl2-sample32-sperm2.tif 1 4 0.913686119772583 
ch00_p1-pl2-sample32-sperm6.tif 1 1 0.9999996645617758 
ch00_p1-pl2-sample4-sperm5.tif 1 1 0.9614433151489871 
ch00_p1-pl2-sample4-sperm8.tif 1 1 0.9997177716004078 
ch00_p1-pl2-sample6-sperm10.tif 1 1 0.9999998660259541 
ch00_p1-pl2-sample6-sperm3.tif 1 4 0.9978759365681038 
ch00_p1-pl2-sample6-sperm4.tif 1 1 0.9999986167611187 
ch00_p1-pl2-sample7-sperm11.tif 1 1 0.9650576040598379 
ch00_p1-pl2-sample8-sperm1.tif 1 4 0.999999293657858 
ch00_p1-pl2-sample8-sperm3.tif 1 1 0.9999907569663266 
ch00_p1-pl2-sample9-sperm12.tif 1 2 0.9048586353680874 
ch00_p1-pl2-sample9-sperm2.tif 1 1 0.9999404878430549 
ch00_p1-pl3-sample10-sperm6.tif 1 1 0.999999509545932 
ch00_p1-pl3-sample12-sperm2.tif 1 1 0.9999268119305196 
ch00_p1-pl3-sample12-sperm5.tif 1 1 0.998162663441198 
ch00_p1-pl3-sample12-sperm7.tif 1 2 0.44962296993120177 
ch00_p1-pl3-sample15-sperm21.tif 1 1 0.9998964827292179 
ch00_p1-pl3-sample16-sperm13.tif 1 4 0.623596944051681 
ch00_p1-pl3-sample18-sperm3.tif 1 1 0.9663427587869163 
ch00_p1-pl3-sample6-sperm16.tif 1 1 0.9829352538301516 
ch00_p3-pl1-sample10-sperm2.tif 1 1 0.9995655017419538 
ch00_p3-pl1-sample27-sperm2.tif 1 1 0.5168957269353459 
ch00_p3-pl1-sample27-sperm5.tif 1 4 0.8108097574279315 
ch00_p3-pl1-sample31-sperm6.tif 1 1 0.9993618682846969 
ch00_p3-pl1-sample4-sperm2.tif 1 1 0.9944970506496562 
ch00_p3-pl1-sample5-sperm1.tif 1 4 0.9775424933791584 
ch00_p3-pl1-sample7-sperm14.tif 1 3 0.6659851538427425 
ch00_p4-pl1-sample1-sperm11.tif 1 4 0.9114458286014221 
ch00_p4-pl1-sample10-sperm18.tif 1 1 0.9999996673418043 
ch00_p4-pl1-sample17-sperm3.tif 1 1 0.969269618646653 
ch00_p4-pl1-sample19-sperm3.tif 1 4 0.9646808072803812 
ch00_p4-pl1-sample6-sperm5.tif 1 1 0.8756355346692424 
ch00_p4-pl1-sample7-sperm18.tif 1 1 0.7011853263317673 
ch00_p4-pl2-sample8-sperm6.tif 1 4 0.69561184015464 
ch00_p5-pl1-sample11-sperm5.tif 1 4 0.993162813225818 
ch00_p5-pl1-sample12-sperm17.tif 1 4 0.9984315494637409 
ch00_p5-pl1-sample14-sperm5.tif 1 4 0.998651986346069 
ch00_p5-pl1-sample4-sperm1.tif 1 4 0.9999995632802844 
ch00_p5-pl1-sample4-sperm9.tif 1 4 0.9999998294588017 
ch00_p5-pl1-sample5-sperm16.tif 1 1 0.9658138528477808 
ch00_p5-pl1-sample6-sperm13.tif 1 4 0.7678961116389061 
ch00_p5-pl1-sample7-sperm6.tif 1 4 0.7404408939778537 
ch00_p5-pl1-sample7-sperm7.tif 1 1 0.9994691845710859 
ch00_p5-pl1-sample8-sperm5.tif 1 1 0.999929150967747 
ch00_p1-pl2-sample13-sperm4.tif 2 1 0.9527688285388298 
ch00_p1-pl2-sample2-sperm6.tif 2 4 0.8404411624037967 
ch00_p1-pl2-sample23-sperm9.tif 2 4 0.9751509318216538 
ch00_p1-pl2-sample35-sperm6.tif 2 2 0.9977171297632536 
ch00_p1-pl2-sample8-sperm4.tif 2 1 0.9933298570770349 
ch00_p1-pl3-sample1-sperm9.tif 2 4 0.9356223027546028 
ch00_p1-pl3-sample11-sperm7.tif 2 4 0.7734366742694713 
ch00_p1-pl3-sample15-sperm14.tif 2 4 0.9727609503621556 
ch00_p1-pl3-sample17-sperm9.tif 2 2 0.9994424515471648 
ch00_p1-pl3-sample20-sperm4.tif 2 4 0.9999986195506896 
ch00_p1-pl3-sample6-sperm17.tif 2 0 0.9977303792126468 
ch00_p1-pl3-sample6-sperm2.tif 2 4 0.563047328985676 
ch00_p1-pl3-sample7-sperm13.tif 2 0 0.9994249916470136 
ch00_p1-pl3-sample7-sperm5.tif 2 2 0.6613780928889028 
ch00_p3-pl1-sample25-sperm7.tif 2 4 0.9701962694811312 
ch00_p3-pl1-sample29-sperm10.tif 2 2 0.9890458329394568 
ch00_p4-pl1-sample12-sperm4.tif 2 1 0.7163784918075504 
ch00_p4-pl1-sample19-sperm4.tif 2 4 0.99410781294692 
ch00_p4-pl1-sample3-sperm10.tif 2 2 0.6972424663174921 
ch00_p4-pl1-sample4-sperm6.tif 2 2 0.8586710091880737 
ch00_p4-pl1-sample5-sperm10.tif 2 4 0.7912834743616938 
ch00_p4-pl2-sample11-sperm5.tif 2 4 0.9249803015302555 
ch00_p1-pl2-sample13-sperm13.tif 3 4 0.9980956982504183 
ch00_p1-pl2-sample15-sperm6.tif 3 3 0.9524467352280309 
ch00_p1-pl2-sample18-sperm4.tif 3 4 0.8499428628815614 
ch00_p1-pl2-sample21-sperm7.tif 3 4 0.9101399450892365 
ch00_p1-pl2-sample22-sperm10.tif 3 3 0.5889896135039465 
ch00_p1-pl2-sample22-sperm2.tif 3 4 0.9587791244361343 
ch00_p1-pl2-sample23-sperm8.tif 3 3 0.9811256350218522 
ch00_p1-pl2-sample31-sperm1.tif 3 3 0.992077620448997 
ch00_p1-pl2-sample4-sperm12.tif 3 4 0.9522847925933368 
ch00_p1-pl3-sample10-sperm9.tif 3 0 0.9999793147772451 
ch00_p1-pl3-sample21-sperm7.tif 3 3 0.9998861339613524 
ch00_p1-pl3-sample23-sperm16.tif 3 4 0.9999999771916771 
ch00_p1-pl3-sample23-sperm7.tif 3 3 0.4158333258325738 
ch00_p1-pl3-sample25-sperm14.tif 3 3 0.9998717619163592 
ch00_p1-pl3-sample9-sperm9.tif 3 3 0.6057339621307893 
ch00_p3-pl1-sample1-sperm3.tif 3 4 0.9693590299490134 
ch00_p3-pl1-sample12-sperm3.tif 3 3 0.9999999000304871 
ch00_p3-pl1-sample28-sperm2.tif 3 3 0.8498215879159537 
ch00_p3-pl1-sample32-sperm1.tif 3 4 0.5505578510743159 
ch00_p4-pl1-sample20-sperm4.tif 3 4 0.9999997297069515 
ch00_p4-pl2-sample12-sperm8.tif 3 4 0.9999998150919422 
ch00_p1-pl2-sample1-sperm4.tif 4 1 0.9950161835437983 
ch00_p1-pl2-sample10-sperm16.tif 4 3 0.9048059370205298 
ch00_p1-pl2-sample12-sperm1.tif 4 4 0.9974351447960172 
ch00_p1-pl2-sample12-sperm10.tif 4 4 0.769626795864039 
ch00_p1-pl2-sample12-sperm11.tif 4 4 0.9927778968791409 
ch00_p1-pl2-sample12-sperm8.tif 4 4 0.9964137362946739 
ch00_p1-pl2-sample13-sperm1.tif 4 4 0.9999997676105797 
ch00_p1-pl2-sample13-sperm2.tif 4 0 0.9999893027863103 
ch00_p1-pl2-sample13-sperm5.tif 4 4 0.7323525014127953 
ch00_p1-pl2-sample14-sperm4.tif 4 4 0.999995996873718 
ch00_p1-pl2-sample16-sperm5.tif 4 1 0.5361057997855174 
ch00_p1-pl2-sample16-sperm7.tif 4 4 0.990967016293065 
ch00_p1-pl2-sample20-sperm10.tif 4 4 0.7034543148207584 
ch00_p1-pl2-sample22-sperm11.tif 4 3 0.5627861430471203 
ch00_p1-pl2-sample23-sperm16.tif 4 4 0.9359927139606693 
ch00_p1-pl2-sample23-sperm17.tif 4 4 0.9999973900058993 
ch00_p1-pl2-sample24-sperm10.tif 4 3 0.8487444221785442 
ch00_p1-pl2-sample24-sperm13.tif 4 4 0.9999999772183435 
ch00_p1-pl2-sample28-sperm1.tif 4 0 0.9430783286191416 
ch00_p1-pl2-sample28-sperm3.tif 4 1 0.9999757096487193 
ch00_p1-pl2-sample3-sperm8.tif 4 4 0.9463784811301673 
ch00_p1-pl2-sample30-sperm4.tif 4 4 0.9875262268369888 
ch00_p1-pl2-sample30-sperm6.tif 4 4 0.8691357884246879 
ch00_p1-pl2-sample31-sperm3.tif 4 1 0.4904578234128058 
ch00_p1-pl2-sample32-sperm1.tif 4 4 0.9844386455785569 
ch00_p1-pl2-sample32-sperm11.tif 4 1 0.5089362834242002 
ch00_p1-pl2-sample32-sperm5.tif 4 4 0.9601882138927267 
ch00_p1-pl2-sample33-sperm2.tif 4 4 0.8526035227973155 
ch00_p1-pl2-sample33-sperm3.tif 4 4 0.999999728716142 
ch00_p1-pl2-sample34-sperm7.tif 4 4 0.9954037786796494 
ch00_p1-pl2-sample35-sperm12.tif 4 3 0.9778175775151128 
ch00_p1-pl2-sample35-sperm8.tif 4 4 0.9286991560034412 
ch00_p1-pl2-sample4-sperm4.tif 4 4 0.7464826704908033 
ch00_p1-pl2-sample9-sperm18.tif 4 4 0.9647805129930815 
ch00_p1-pl2-sample9-sperm4.tif 4 4 0.99536801638268 
ch00_p1-pl3-sample1-sperm13.tif 4 4 0.9999997132731707 
ch00_p1-pl3-sample1-sperm14.tif 4 0 0.9933699273321026 
ch00_p1-pl3-sample12-sperm16.tif 4 4 0.9963509717654333 
ch00_p1-pl3-sample12-sperm3.tif 4 4 0.7251132277941413 
ch00_p1-pl3-sample12-sperm6.tif 4 4 0.9624344149078751 
ch00_p1-pl3-sample12-sperm8.tif 4 4 0.9447750109402422 
ch00_p1-pl3-sample13-sperm5.tif 4 4 0.9836456365746985 
ch00_p1-pl3-sample13-sperm8.tif 4 4 0.997167742552666 
ch00_p1-pl3-sample14-sperm16.tif 4 4 0.8673176123841793 
ch00_p1-pl3-sample15-sperm20.tif 4 3 0.8798586953654747 
ch00_p1-pl3-sample15-sperm3.tif 4 3 0.9327396629541971 
ch00_p1-pl3-sample15-sperm7.tif 4 4 0.9084608939979545 
ch00_p1-pl3-sample16-sperm17.tif 4 4 0.9976037585555103 
ch00_p1-pl3-sample16-sperm8.tif 4 3 0.4831592908754334 
ch00_p1-pl3-sample17-sperm11.tif 4 4 0.99999912486519 
ch00_p1-pl3-sample19-sperm8.tif 4 0 0.9972410996957726 
ch00_p1-pl3-sample2-sperm10.tif 4 4 0.9999978592136386 
ch00_p1-pl3-sample2-sperm12.tif 4 0 0.9932931336608286 
ch00_p1-pl3-sample20-sperm12.tif 4 4 0.998410943489707 
ch00_p1-pl3-sample21-sperm1.tif 4 4 0.8685527374882646 
ch00_p1-pl3-sample21-sperm11.tif 4 4 0.9550495772175304 
ch00_p1-pl3-sample21-sperm12.tif 4 4 0.9856731404816975 
ch00_p1-pl3-sample23-sperm19.tif 4 4 0.9999997868060456 
ch00_p1-pl3-sample23-sperm3.tif 4 4 0.999999996621212 
ch00_p1-pl3-sample24-sperm22.tif 4 1 0.48334523403356827 
ch00_p1-pl3-sample24-sperm23.tif 4 4 0.9859106895959532 
ch00_p1-pl3-sample24-sperm24.tif 4 4 0.781169494846511 
ch00_p1-pl3-sample24-sperm5.tif 4 4 0.9999999380434297 
ch00_p1-pl3-sample24-sperm9.tif 4 2 0.5257345548725813 
ch00_p1-pl3-sample25-sperm1.tif 4 4 0.7001077136994427 
ch00_p1-pl3-sample25-sperm13.tif 4 1 0.9999994963641723 
ch00_p1-pl3-sample25-sperm9.tif 4 2 0.7677853804289712 
ch00_p1-pl3-sample3-sperm2.tif 4 3 0.9999999000126311 
ch00_p1-pl3-sample3-sperm5.tif 4 4 0.9739727560930189 
ch00_p1-pl3-sample3-sperm8.tif 4 4 0.935076196583245 
ch00_p1-pl3-sample4-sperm3.tif 4 3 0.99999990001145 
ch00_p1-pl3-sample5-sperm6.tif 4 1 0.4200512396434205 
ch00_p1-pl3-sample5-sperm7.tif 4 4 0.9984839595091299 
ch00_p1-pl3-sample6-sperm6.tif 4 4 0.7923960408016777 
ch00_p1-pl3-sample7-sperm11.tif 4 1 0.8275929662184742 
ch00_p1-pl3-sample7-sperm9.tif 4 4 0.990926747934498 
ch00_p1-pl3-sample8-sperm11.tif 4 1 0.6213178401049877 
ch00_p1-pl3-sample8-sperm8.tif 4 4 0.9269584334377904 
ch00_p1-pl3-sample9-sperm5.tif 4 4 0.9843076498265062 
ch00_p3-pl1-sample11-sperm1.tif 4 4 0.9983576514907095 
ch00_p3-pl1-sample11-sperm6.tif 4 0 0.6290390210789479 
ch00_p3-pl1-sample12-sperm6.tif 4 4 0.9999982800669814 
ch00_p3-pl1-sample15-sperm4.tif 4 0 0.678933111806308 
ch00_p3-pl1-sample18-sperm2.tif 4 0 0.9523585615444365 
ch00_p3-pl1-sample19-sperm4.tif 4 4 0.5549264066882501 
ch00_p3-pl1-sample19-sperm9.tif 4 3 0.7773676839141377 
ch00_p3-pl1-sample20-sperm2.tif 4 0 0.9795708841750942 
ch00_p3-pl1-sample21-sperm4.tif 4 0 0.9912399288239298 
ch00_p3-pl1-sample22-sperm8.tif 4 4 0.9806186081723741 
ch00_p3-pl1-sample25-sperm10.tif 4 1 0.6897459920157356 
ch00_p3-pl1-sample25-sperm2.tif 4 4 0.9961440120202006 
ch00_p3-pl1-sample27-sperm3.tif 4 3 0.9999998454327557 
ch00_p3-pl1-sample29-sperm4.tif 4 4 0.9999995637272375 
ch00_p3-pl1-sample29-sperm9.tif 4 1 0.7621179617336505 
ch00_p3-pl1-sample30-sperm4.tif 4 4 0.9999999998428135 
ch00_p3-pl1-sample30-sperm5.tif 4 4 0.9451401857905863 
ch00_p3-pl1-sample31-sperm1.tif 4 1 0.5522356218120362 
ch00_p3-pl1-sample31-sperm2.tif 4 1 0.9999998807366034 
ch00_p3-pl1-sample31-sperm7.tif 4 4 0.9999991197543561 
ch00_p3-pl1-sample4-sperm5.tif 4 4 0.99999976154316 
ch00_p3-pl1-sample5-sperm3.tif 4 4 0.710006971603066 
ch00_p3-pl1-sample7-sperm7.tif 4 1 0.4862027389219233 
ch00_p3-pl1-sample8-sperm5.tif 4 4 0.9915721284285021 
ch00_p3-pl1-sample9-sperm9.tif 4 4 0.9949705100706963 
ch00_p4-pl1-sample1-sperm7.tif 4 4 0.9999980692908821 
ch00_p4-pl1-sample11-sperm13.tif 4 4 0.9981632163145908 
ch00_p4-pl1-sample12-sperm2.tif 4 2 0.9750107593293335 
ch00_p4-pl1-sample12-sperm3.tif 4 4 0.9752571519751623 
ch00_p4-pl1-sample12-sperm8.tif 4 2 0.9841457323411169 
ch00_p4-pl1-sample12-sperm9.tif 4 4 0.999999137285689 
ch00_p4-pl1-sample13-sperm2.tif 4 4 0.6236207970668121 
ch00_p4-pl1-sample13-sperm3.tif 4 4 0.9819576647474839 
ch00_p4-pl1-sample13-sperm7.tif 4 4 0.9596754010746776 
ch00_p4-pl1-sample14-sperm12.tif 4 4 0.9999995566810043 
ch00_p4-pl1-sample14-sperm5.tif 4 4 0.9847755674543542 
ch00_p4-pl1-sample16-sperm15.tif 4 1 0.9986528563363826 
ch00_p4-pl1-sample16-sperm8.tif 4 4 0.9902984274994662 
ch00_p4-pl1-sample17-sperm5.tif 4 4 0.9242218642715837 
ch00_p4-pl1-sample18-sperm5.tif 4 4 0.9844526136165195 
ch00_p4-pl1-sample2-sperm13.tif 4 4 0.9826374952850402 
ch00_p4-pl1-sample20-sperm1.tif 4 2 0.7942979833061408 
ch00_p4-pl1-sample20-sperm11.tif 4 0 0.49185633322637334 
ch00_p4-pl1-sample20-sperm6.tif 4 4 0.9968965007865024 
ch00_p4-pl1-sample3-sperm3.tif 4 4 0.994126059126733 
ch00_p4-pl1-sample3-sperm9.tif 4 4 0.9148043381484884 
ch00_p4-pl1-sample4-sperm11.tif 4 4 0.9999983507136727 
ch00_p4-pl1-sample4-sperm12.tif 4 4 0.9310126313807636 
ch00_p4-pl1-sample4-sperm3.tif 4 2 0.7547307912292086 
ch00_p4-pl1-sample5-sperm4.tif 4 2 0.8217574128949158 
ch00_p4-pl1-sample5-sperm7.tif 4 4 0.9710348152636525 
ch00_p4-pl1-sample6-sperm11.tif 4 4 0.9999999931769135 
ch00_p4-pl1-sample6-sperm7.tif 4 3 0.5685372705024603 
ch00_p4-pl1-sample6-sperm9.tif 4 4 0.9250141839104231 
ch00_p4-pl1-sample7-sperm2.tif 4 4 0.9848399784100592 
ch00_p4-pl1-sample7-sperm8.tif 4 0 0.9323481466012145 
ch00_p4-pl1-sample8-sperm1.tif 4 4 0.6307130687062393 
ch00_p4-pl1-sample8-sperm8.tif 4 4 0.9968101695803565 
ch00_p4-pl1-sample9-sperm15.tif 4 4 0.9999997065065765 
ch00_p4-pl1-sample9-sperm17.tif 4 4 0.8611340141246422 
ch00_p4-pl1-sample9-sperm4.tif 4 4 0.9702630403255709 
ch00_p4-pl1-sample9-sperm8.tif 4 4 0.9446579823655341 
ch00_p4-pl2-sample1-sperm7.tif 4 4 0.9932227652013872 
ch00_p4-pl2-sample10-sperm1.tif 4 4 0.9769913963042508 
ch00_p4-pl2-sample10-sperm11.tif 4 4 0.9999999217760067 
ch00_p4-pl2-sample10-sperm12.tif 4 4 0.9999999711695322 
ch00_p4-pl2-sample10-sperm5.tif 4 4 0.9938725770063541 
ch00_p4-pl2-sample10-sperm9.tif 4 1 0.565238501113609 
ch00_p4-pl2-sample13-sperm7.tif 4 4 0.6459845900185226 
ch00_p4-pl2-sample14-sperm6.tif 4 4 0.9999999961344235 
ch00_p4-pl2-sample14-sperm8.tif 4 4 0.9516330075284379 
ch00_p4-pl2-sample15-sperm6.tif 4 4 0.9531801238645556 
ch00_p4-pl2-sample16-sperm7.tif 4 4 0.9999991640985487 
ch00_p4-pl2-sample17-sperm1.tif 4 1 0.9772187378958338 
ch00_p4-pl2-sample17-sperm4.tif 4 1 0.8787953381358629 
ch00_p4-pl2-sample18-sperm1.tif 4 4 0.9846441980207629 
ch00_p4-pl2-sample18-sperm6.tif 4 4 0.9999999998016724 
ch00_p4-pl2-sample18-sperm7.tif 4 4 0.9948002906818794 
ch00_p4-pl2-sample18-sperm8.tif 4 1 0.9999347237239521 
ch00_p4-pl2-sample19-sperm2.tif 4 2 0.9926216710337836 
ch00_p4-pl2-sample19-sperm8.tif 4 4 0.9972340999768876 
ch00_p4-pl2-sample2-sperm2.tif 4 4 0.9999999998974587 
ch00_p4-pl2-sample2-sperm5.tif 4 4 0.9999999995265519 
ch00_p4-pl2-sample20-sperm6.tif 4 3 0.61582621231053 
ch00_p4-pl2-sample20-sperm8.tif 4 4 0.9999999965360642 
ch00_p4-pl2-sample3-sperm3.tif 4 4 0.9982267809455169 
ch00_p4-pl2-sample3-sperm6.tif 4 4 0.8034835596243051 
ch00_p4-pl2-sample5-sperm1.tif 4 4 0.9999995418940948 
ch00_p4-pl2-sample6-sperm2.tif 4 4 0.951242526656453 
ch00_p4-pl2-sample7-sperm2.tif 4 4 0.9999999386572429 
ch00_p4-pl2-sample8-sperm2.tif 4 4 0.7073881645386887 
ch00_p5-pl1-sample1-sperm13.tif 4 4 0.9778789022398319 
ch00_p5-pl1-sample1-sperm15.tif 4 4 0.9999999833583032 
ch00_p5-pl1-sample10-sperm18.tif 4 4 0.9999999999996829 
ch00_p5-pl1-sample11-sperm10.tif 4 4 0.9999999875371808 
ch00_p5-pl1-sample11-sperm4.tif 4 4 0.925382180864924 
ch00_p5-pl1-sample12-sperm14.tif 4 4 0.9999983059282471 
ch00_p5-pl1-sample12-sperm5.tif 4 4 0.9999999932319269 
ch00_p5-pl1-sample15-sperm2.tif 4 4 0.9999992441027628 
ch00_p5-pl1-sample15-sperm3.tif 4 4 0.9850191143720932 
ch00_p5-pl1-sample17-sperm5.tif 4 4 0.9999999072004248 
ch00_p5-pl1-sample19-sperm13.tif 4 4 0.9999932472326514 
ch00_p5-pl1-sample2-sperm10.tif 4 4 0.9756705226410602 
ch00_p5-pl1-sample2-sperm13.tif 4 4 0.9999999217264562 
ch00_p5-pl1-sample2-sperm3.tif 4 0 0.7583198005142434 
ch00_p5-pl1-sample20-sperm13.tif 4 4 0.9854280573837303 
ch00_p5-pl1-sample3-sperm13.tif 4 4 0.999998548991137 
ch00_p5-pl1-sample3-sperm15.tif 4 4 0.9964507150074057 
ch00_p5-pl1-sample3-sperm23.tif 4 4 0.9952562692732926 
ch00_p5-pl1-sample3-sperm7.tif 4 4 0.9016437072273793 
ch00_p5-pl1-sample4-sperm10.tif 4 4 0.9999986548288644 
ch00_p5-pl1-sample5-sperm15.tif 4 4 0.9815340206740285 
ch00_p5-pl1-sample5-sperm18.tif 4 4 0.9704318661547373 
ch00_p5-pl1-sample5-sperm4.tif 4 4 0.9748664004941455 
ch00_p5-pl1-sample5-sperm9.tif 4 1 0.9994779026581404 
ch00_p5-pl1-sample6-sperm15.tif 4 4 0.9999999609468745 
ch00_p5-pl1-sample6-sperm4.tif 4 4 0.9609363835160902 
