ch00_p1-pl2-sample10-sperm10.tif 0 0 0.9933846468989225 
ch00_p1-pl2-sample12-sperm13.tif 0 1 0.5840073147650399 
ch00_p1-pl2-sample12-sperm9.tif 0 0 0.9979851186939904 
ch00_p1-pl2-sample14-sperm9.tif 0 0 0.9544793580273815 
ch00_p1-pl2-sample22-sperm5.tif 0 0 0.98659726706076 
ch00_p1-pl2-sample3-sperm4.tif 0 3 0.6732707501420734 
ch00_p1-pl2-sample32-sperm3.tif 0 4 0.5027159810634171 
ch00_p1-pl2-sample34-sperm9.tif 0 4 0.6268894917010781 
ch00_p1-pl2-sample35-sperm1.tif 0 4 0.9659929687238544 
ch00_p1-pl2-sample5-sperm3.tif 0 4 0.7227007640121975 
ch00_p1-pl2-sample8-sperm6.tif 0 0 0.9885843065318826 
ch00_p1-pl2-sample9-sperm7.tif 0 0 0.8116820013400585 
ch00_p1-pl3-sample1-sperm3.tif 0 0 0.9986889143604555 
ch00_p1-pl3-sample12-sperm1.tif 0 4 0.9518499467455871 
ch00_p1-pl3-sample17-sperm3.tif 0 4 0.9444477821754194 
ch00_p1-pl3-sample6-sperm11.tif 0 4 0.9977266289777602 
ch00_p3-pl1-sample13-sperm3.tif 0 1 0.7448345040017721 
ch00_p3-pl1-sample30-sperm6.tif 0 0 0.9763189874578121 
ch00_p4-pl1-sample1-sperm13.tif 0 0 0.7387018727667807 
ch00_p4-pl1-sample10-sperm9.tif 0 0 0.9630618147139902 
ch00_p4-pl1-sample15-sperm4.tif 0 0 0.9341842530084454 
ch00_p4-pl1-sample15-sperm7.tif 0 0 0.9740249001875125 
ch00_p4-pl1-sample19-sperm1.tif 0 4 0.9222545393495313 
ch00_p4-pl1-sample6-sperm1.tif 0 0 0.9498310071918288 
ch00_p4-pl1-sample6-sperm10.tif 0 4 0.7799142346923885 
ch00_p4-pl2-sample13-sperm1.tif 0 4 0.9999999210092245 
ch00_p4-pl2-sample16-sperm9.tif 0 0 0.9784437728390393 
ch00_p4-pl2-sample5-sperm6.tif 0 4 0.6406147767320652 
ch00_p4-pl2-sample8-sperm5.tif 0 0 0.9984753055505557 
ch00_p5-pl1-sample5-sperm3.tif 0 4 0.9749921917768147 
ch00_p1-pl2-sample1-sperm6.tif 1 4 0.8001064454653122 
ch00_p1-pl2-sample11-sperm4.tif 1 4 0.9543248975662089 
ch00_p1-pl2-sample13-sperm6.tif 1 3 0.9914493980145936 
ch00_p1-pl2-sample14-sperm13.tif 1 4 0.9729433142833293 
ch00_p1-pl2-sample18-sperm3.tif 1 1 0.9948640638848482 
ch00_p1-pl2-sample19-sperm10.tif 1 4 0.7539408164892535 
ch00_p1-pl2-sample19-sperm4.tif 1 1 0.997933696214258 
ch00_p1-pl2-sample2-sperm3.tif 1 4 0.6009495216453957 
ch00_p1-pl2-sample20-sperm7.tif 1 4 0.9999999986142906 
ch00_p1-pl2-sample21-sperm3.tif 1 1 0.9130623853914664 
ch00_p1-pl2-sample21-sperm9.tif 1 1 0.8474012990171761 
ch00_p1-pl2-sample23-sperm10.tif 1 1 0.7357015800713851 
ch00_p1-pl2-sample23-sperm14.tif 1 4 0.9999972085086288 
ch00_p1-pl2-sample23-sperm15.tif 1 4 0.7425680232519428 
ch00_p1-pl2-sample25-sperm8.tif 1 4 0.7948584175501051 
ch00_p1-pl2-sample29-sperm5.tif 1 1 0.9453611538319111 
ch00_p1-pl2-sample3-sperm9.tif 1 1 0.8748377474775232 
ch00_p1-pl2-sample31-sperm4.tif 1 4 0.6008576812295213 
ch00_p1-pl2-sample31-sperm8.tif 1 1 0.6630137861240766 
ch00_p1-pl2-sample32-sperm7.tif 1 4 0.9986919052113368 
ch00_p1-pl2-sample35-sperm7.tif 1 1 0.9733878864066999 
ch00_p1-pl2-sample4-sperm11.tif 1 2 0.9716615278129153 
ch00_p1-pl2-sample4-sperm14.tif 1 1 0.9382578809218787 
ch00_p1-pl2-sample4-sperm17.tif 1 2 0.4933205475315329 
ch00_p1-pl2-sample4-sperm5.tif 1 4 0.6288595760272185 
ch00_p1-pl2-sample5-sperm16.tif 1 4 0.5164598111484049 
ch00_p1-pl2-sample6-sperm3.tif 1 1 0.9923555529589786 
ch00_p1-pl2-sample7-sperm11.tif 1 1 0.9983560007805716 
ch00_p1-pl2-sample8-sperm3.tif 1 1 0.6083612299939474 
ch00_p1-pl2-sample9-sperm14.tif 1 1 0.9989191640616198 
ch00_p1-pl2-sample9-sperm15.tif 1 1 0.9784307760996638 
ch00_p1-pl2-sample9-sperm2.tif 1 1 0.8982321743942193 
ch00_p1-pl3-sample12-sperm19.tif 1 1 0.9469332056186138 
ch00_p1-pl3-sample12-sperm5.tif 1 1 0.9940474080718168 
ch00_p1-pl3-sample12-sperm7.tif 1 1 0.9698124049522745 
ch00_p1-pl3-sample13-sperm13.tif 1 1 0.9977695715960859 
ch00_p1-pl3-sample14-sperm8.tif 1 1 0.9973833273375572 
ch00_p1-pl3-sample19-sperm7.tif 1 4 0.9988119530334121 
ch00_p1-pl3-sample24-sperm17.tif 1 2 0.8837566566952353 
ch00_p1-pl3-sample5-sperm2.tif 1 4 0.9875771688344889 
ch00_p1-pl3-sample6-sperm16.tif 1 4 0.9999999739440981 
ch00_p3-pl1-sample12-sperm5.tif 1 1 0.998197948531718 
ch00_p3-pl1-sample15-sperm9.tif 1 1 0.9825278779205356 
ch00_p3-pl1-sample17-sperm2.tif 1 4 0.8491138889435657 
ch00_p3-pl1-sample19-sperm6.tif 1 4 0.9999999950109789 
ch00_p3-pl1-sample2-sperm7.tif 1 1 0.998013086034971 
ch00_p3-pl1-sample22-sperm2.tif 1 4 0.9262029190880982 
ch00_p3-pl1-sample26-sperm6.tif 1 1 0.9902452658113293 
ch00_p3-pl1-sample27-sperm4.tif 1 1 0.9725951418833269 
ch00_p3-pl1-sample28-sperm7.tif 1 4 0.5319082544619058 
ch00_p3-pl1-sample30-sperm2.tif 1 1 0.9987175469464135 
ch00_p3-pl1-sample31-sperm5.tif 1 1 0.9983908612055797 
ch00_p3-pl1-sample4-sperm2.tif 1 1 0.9960507749603559 
ch00_p3-pl1-sample5-sperm1.tif 1 1 0.709062762051689 
ch00_p3-pl1-sample8-sperm2.tif 1 1 0.9967977132955507 
ch00_p4-pl1-sample12-sperm7.tif 1 1 0.9810075639723387 
ch00_p4-pl1-sample6-sperm5.tif 1 1 0.9782043523675759 
ch00_p4-pl1-sample7-sperm16.tif 1 4 0.779648023752334 
ch00_p4-pl2-sample4-sperm3.tif 1 4 0.8926535208066056 
ch00_p4-pl2-sample7-sperm11.tif 1 4 0.9999990958288296 
ch00_p4-pl2-sample8-sperm6.tif 1 1 0.7553316517717954 
ch00_p5-pl1-sample11-sperm2.tif 1 1 0.9709071566867855 
ch00_p5-pl1-sample19-sperm11.tif 1 4 0.985633402882882 
ch00_p5-pl1-sample2-sperm2.tif 1 4 0.4666018945767007 
ch00_p5-pl1-sample5-sperm16.tif 1 1 0.819991299369159 
ch00_p5-pl1-sample5-sperm20.tif 1 1 0.8553967041064912 
ch00_p5-pl1-sample8-sperm2.tif 1 4 0.9973465534455864 
ch00_p5-pl1-sample8-sperm5.tif 1 1 0.9181238124687671 
ch00_p1-pl2-sample13-sperm20.tif 2 4 0.603182078832444 
ch00_p1-pl2-sample17-sperm10.tif 2 4 0.9691201506414951 
ch00_p1-pl2-sample2-sperm6.tif 2 4 0.9948136278856285 
ch00_p1-pl2-sample24-sperm4.tif 2 4 0.9935221589863027 
ch00_p1-pl2-sample33-sperm13.tif 2 0 0.7808599661721454 
ch00_p1-pl2-sample35-sperm6.tif 2 4 0.9606540687907168 
ch00_p1-pl2-sample8-sperm4.tif 2 2 0.6212449232992963 
ch00_p1-pl3-sample1-sperm15.tif 2 4 0.9241541993303228 
ch00_p1-pl3-sample11-sperm6.tif 2 2 0.9995010817596672 
ch00_p1-pl3-sample12-sperm12.tif 2 2 0.9911447745454197 
ch00_p1-pl3-sample15-sperm14.tif 2 2 0.9940381581113095 
ch00_p1-pl3-sample21-sperm10.tif 2 2 0.9998201033212555 
ch00_p1-pl3-sample22-sperm11.tif 2 2 0.9337210532004945 
ch00_p1-pl3-sample6-sperm17.tif 2 2 0.9927151290382829 
ch00_p3-pl1-sample28-sperm5.tif 2 2 0.998557094726401 
ch00_p4-pl1-sample10-sperm10.tif 2 4 0.5193419028818244 
ch00_p4-pl1-sample17-sperm4.tif 2 4 0.8533081070321813 
ch00_p4-pl1-sample17-sperm8.tif 2 4 0.8698967339454575 
ch00_p4-pl1-sample3-sperm7.tif 2 4 0.9895927025293575 
ch00_p4-pl1-sample5-sperm10.tif 2 2 0.9985924686282251 
ch00_p4-pl1-sample7-sperm19.tif 2 4 0.9842560927413657 
ch00_p4-pl2-sample3-sperm10.tif 2 2 0.9985166517417297 
ch00_p1-pl2-sample14-sperm12.tif 3 4 0.8925877836788069 
ch00_p1-pl2-sample15-sperm6.tif 3 3 0.987593609130505 
ch00_p1-pl2-sample18-sperm8.tif 3 4 0.9999999552157143 
ch00_p1-pl2-sample5-sperm11.tif 3 3 0.9871447616409444 
ch00_p1-pl2-sample5-sperm4.tif 3 4 0.9910714397913527 
ch00_p1-pl3-sample16-sperm11.tif 3 3 0.9564726871887176 
ch00_p1-pl3-sample17-sperm4.tif 3 3 0.9957569975202112 
ch00_p1-pl3-sample2-sperm13.tif 3 1 0.7939580406478417 
ch00_p1-pl3-sample20-sperm9.tif 3 4 0.6243710642742244 
ch00_p1-pl3-sample21-sperm7.tif 3 3 0.8723065829605531 
ch00_p1-pl3-sample23-sperm15.tif 3 4 0.9981704673790688 
ch00_p1-pl3-sample5-sperm3.tif 3 4 0.6677545819775423 
ch00_p1-pl3-sample9-sperm6.tif 3 4 0.7841878275997065 
ch00_p1-pl3-sample9-sperm9.tif 3 3 0.9978163811940448 
ch00_p3-pl1-sample30-sperm1.tif 3 4 0.6762428046354835 
ch00_p3-pl1-sample31-sperm4.tif 3 4 0.9405599930244203 
ch00_p3-pl1-sample32-sperm1.tif 3 4 0.9536254952270132 
ch00_p4-pl1-sample11-sperm3.tif 3 3 0.8963490126169331 
ch00_p4-pl1-sample20-sperm4.tif 3 4 0.9999991037196205 
ch00_p4-pl1-sample5-sperm8.tif 3 4 0.990766955424179 
ch00_p5-pl1-sample1-sperm4.tif 3 3 0.5497125711462443 
ch00_p1-pl2-sample10-sperm2.tif 4 4 0.574101573463037 
ch00_p1-pl2-sample12-sperm1.tif 4 4 0.5670156222902064 
ch00_p1-pl2-sample12-sperm5.tif 4 4 0.999999894912154 
ch00_p1-pl2-sample12-sperm7.tif 4 4 0.7495415895319264 
ch00_p1-pl2-sample12-sperm8.tif 4 4 0.9987654862304054 
ch00_p1-pl2-sample13-sperm1.tif 4 1 0.8499260246688801 
ch00_p1-pl2-sample14-sperm14.tif 4 4 0.9835340002234716 
ch00_p1-pl2-sample14-sperm2.tif 4 1 0.984697903393747 
ch00_p1-pl2-sample14-sperm8.tif 4 0 0.6185650797004617 
ch00_p1-pl2-sample17-sperm2.tif 4 2 0.8406683503942404 
ch00_p1-pl2-sample18-sperm6.tif 4 4 0.4725883472949423 
ch00_p1-pl2-sample18-sperm9.tif 4 4 0.5062484053602538 
ch00_p1-pl2-sample20-sperm2.tif 4 4 0.9999999650030308 
ch00_p1-pl2-sample21-sperm10.tif 4 4 0.9999997572429961 
ch00_p1-pl2-sample22-sperm11.tif 4 4 0.9140000274719445 
ch00_p1-pl2-sample23-sperm17.tif 4 4 0.8718926343675119 
ch00_p1-pl2-sample24-sperm10.tif 4 4 0.6899690008732702 
ch00_p1-pl2-sample24-sperm13.tif 4 4 0.9999995007893161 
ch00_p1-pl2-sample26-sperm7.tif 4 4 0.7083304098967295 
ch00_p1-pl2-sample27-sperm5.tif 4 4 0.7882453050490474 
ch00_p1-pl2-sample28-sperm10.tif 4 4 0.9999994471660005 
ch00_p1-pl2-sample28-sperm3.tif 4 4 0.9925825578135153 
ch00_p1-pl2-sample28-sperm6.tif 4 2 0.435764927105515 
ch00_p1-pl2-sample3-sperm14.tif 4 3 0.9700867286158947 
ch00_p1-pl2-sample30-sperm1.tif 4 4 0.9999979301393743 
ch00_p1-pl2-sample30-sperm6.tif 4 1 0.6711702826133044 
ch00_p1-pl2-sample31-sperm12.tif 4 3 0.8494438459843108 
ch00_p1-pl2-sample31-sperm3.tif 4 4 0.7152823817133264 
ch00_p1-pl2-sample32-sperm5.tif 4 4 0.8514790024751342 
ch00_p1-pl2-sample33-sperm10.tif 4 4 0.9999995555063188 
ch00_p1-pl2-sample34-sperm3.tif 4 4 0.9910600717072721 
ch00_p1-pl2-sample34-sperm6.tif 4 1 0.9691923014000712 
ch00_p1-pl2-sample34-sperm8.tif 4 4 0.9648107896972555 
ch00_p1-pl2-sample35-sperm12.tif 4 4 0.5192805101858703 
ch00_p1-pl2-sample35-sperm9.tif 4 4 0.9586187977205625 
ch00_p1-pl2-sample4-sperm16.tif 4 1 0.6968880322772042 
ch00_p1-pl2-sample7-sperm5.tif 4 4 0.9999980006173551 
ch00_p1-pl2-sample9-sperm5.tif 4 4 0.9999989208631985 
ch00_p1-pl3-sample1-sperm1.tif 4 1 0.9536627866771452 
ch00_p1-pl3-sample1-sperm7.tif 4 4 0.9719103038053424 
ch00_p1-pl3-sample10-sperm1.tif 4 4 0.9989681790263512 
ch00_p1-pl3-sample10-sperm3.tif 4 0 0.9039062861998787 
ch00_p1-pl3-sample12-sperm4.tif 4 1 0.9683952423049805 
ch00_p1-pl3-sample12-sperm6.tif 4 4 0.8217603687969175 
ch00_p1-pl3-sample13-sperm5.tif 4 4 0.8553730064704812 
ch00_p1-pl3-sample14-sperm11.tif 4 3 0.9963941869270656 
ch00_p1-pl3-sample14-sperm6.tif 4 3 0.8756635225701992 
ch00_p1-pl3-sample15-sperm19.tif 4 4 0.9999991357923865 
ch00_p1-pl3-sample15-sperm20.tif 4 4 0.9324924653370927 
ch00_p1-pl3-sample15-sperm7.tif 4 4 0.9568333261916933 
ch00_p1-pl3-sample15-sperm8.tif 4 1 0.9309118900047854 
ch00_p1-pl3-sample16-sperm17.tif 4 4 0.9715088329852387 
ch00_p1-pl3-sample17-sperm11.tif 4 4 0.966428542417504 
ch00_p1-pl3-sample19-sperm1.tif 4 4 0.9999988062054963 
ch00_p1-pl3-sample2-sperm11.tif 4 4 0.9999999330259386 
ch00_p1-pl3-sample2-sperm4.tif 4 4 0.6556482437564701 
ch00_p1-pl3-sample20-sperm8.tif 4 4 0.9813070521436902 
ch00_p1-pl3-sample21-sperm11.tif 4 4 0.7672150100693658 
ch00_p1-pl3-sample21-sperm4.tif 4 1 0.9119510214062402 
ch00_p1-pl3-sample21-sperm9.tif 4 1 0.8340336172878905 
ch00_p1-pl3-sample22-sperm1.tif 4 4 0.9999994298655122 
ch00_p1-pl3-sample22-sperm3.tif 4 2 0.9998056068592909 
ch00_p1-pl3-sample23-sperm14.tif 4 1 0.9967278728356732 
ch00_p1-pl3-sample24-sperm11.tif 4 3 0.8147810710662953 
ch00_p1-pl3-sample24-sperm13.tif 4 1 0.984674531726096 
ch00_p1-pl3-sample24-sperm14.tif 4 2 0.8420083660824517 
ch00_p1-pl3-sample24-sperm22.tif 4 1 0.8059773288653695 
ch00_p1-pl3-sample24-sperm5.tif 4 4 0.8599399683679032 
ch00_p1-pl3-sample25-sperm1.tif 4 3 0.6841716005206382 
ch00_p1-pl3-sample25-sperm10.tif 4 1 0.87868751654677 
ch00_p1-pl3-sample25-sperm11.tif 4 4 0.9999999981864148 
ch00_p1-pl3-sample25-sperm13.tif 4 1 0.8167355045562378 
ch00_p1-pl3-sample25-sperm4.tif 4 4 0.9789596290316368 
ch00_p1-pl3-sample25-sperm8.tif 4 0 0.9372427854289309 
ch00_p1-pl3-sample3-sperm4.tif 4 4 0.8671919530662132 
ch00_p1-pl3-sample4-sperm8.tif 4 1 0.902120302646435 
ch00_p1-pl3-sample4-sperm9.tif 4 4 0.9955291120287387 
ch00_p1-pl3-sample5-sperm4.tif 4 4 0.6953878502638445 
ch00_p1-pl3-sample6-sperm3.tif 4 1 0.8137069555905909 
ch00_p1-pl3-sample6-sperm5.tif 4 4 0.9784074705766892 
ch00_p1-pl3-sample6-sperm6.tif 4 4 0.9646862313971746 
ch00_p1-pl3-sample7-sperm14.tif 4 4 0.6947974104538471 
ch00_p1-pl3-sample7-sperm3.tif 4 4 0.9969993241693055 
ch00_p1-pl3-sample7-sperm7.tif 4 4 0.5934107353468038 
ch00_p1-pl3-sample8-sperm11.tif 4 1 0.971664392623074 
ch00_p1-pl3-sample8-sperm6.tif 4 0 0.8990742238377809 
ch00_p1-pl3-sample9-sperm8.tif 4 4 0.8953426964141322 
ch00_p3-pl1-sample1-sperm4.tif 4 4 0.8112988284562793 
ch00_p3-pl1-sample11-sperm5.tif 4 1 0.8894569950175969 
ch00_p3-pl1-sample12-sperm2.tif 4 0 0.9773533244094547 
ch00_p3-pl1-sample15-sperm4.tif 4 4 0.9927159717878192 
ch00_p3-pl1-sample15-sperm8.tif 4 4 0.9999999535837213 
ch00_p3-pl1-sample16-sperm3.tif 4 4 0.9821811093407411 
ch00_p3-pl1-sample16-sperm4.tif 4 0 0.46910505809809194 
ch00_p3-pl1-sample18-sperm2.tif 4 0 0.8138147752756675 
ch00_p3-pl1-sample19-sperm8.tif 4 4 0.9999999984378964 
ch00_p3-pl1-sample19-sperm9.tif 4 4 0.9958055963848741 
ch00_p3-pl1-sample23-sperm7.tif 4 4 0.9974740149768052 
ch00_p3-pl1-sample23-sperm9.tif 4 0 0.7980638050424179 
ch00_p3-pl1-sample25-sperm10.tif 4 1 0.9979209659587039 
ch00_p3-pl1-sample25-sperm5.tif 4 4 0.9999999614821274 
ch00_p3-pl1-sample25-sperm8.tif 4 3 0.9978971536214356 
ch00_p3-pl1-sample26-sperm1.tif 4 4 0.9999994795044936 
ch00_p3-pl1-sample29-sperm9.tif 4 4 0.9984292667946251 
ch00_p3-pl1-sample4-sperm1.tif 4 2 0.6870810924952766 
ch00_p3-pl1-sample4-sperm5.tif 4 4 0.6969277945813543 
ch00_p3-pl1-sample6-sperm4.tif 4 4 0.9988850651304848 
ch00_p3-pl1-sample8-sperm3.tif 4 1 0.8846859369891991 
ch00_p4-pl1-sample1-sperm12.tif 4 4 0.6629650039476773 
ch00_p4-pl1-sample1-sperm6.tif 4 0 0.6303721813990225 
ch00_p4-pl1-sample1-sperm8.tif 4 4 0.5598824939885657 
ch00_p4-pl1-sample10-sperm12.tif 4 3 0.9335699296756811 
ch00_p4-pl1-sample10-sperm22.tif 4 1 0.7603724874956574 
ch00_p4-pl1-sample11-sperm13.tif 4 4 0.805495503564094 
ch00_p4-pl1-sample11-sperm4.tif 4 4 0.9865788717933707 
ch00_p4-pl1-sample12-sperm11.tif 4 4 0.946211439481742 
ch00_p4-pl1-sample12-sperm3.tif 4 4 0.9883628514355748 
ch00_p4-pl1-sample12-sperm6.tif 4 4 0.9123099768124605 
ch00_p4-pl1-sample14-sperm12.tif 4 4 0.9999994731162659 
ch00_p4-pl1-sample14-sperm4.tif 4 0 0.9679386728840187 
ch00_p4-pl1-sample14-sperm5.tif 4 4 0.843130277004903 
ch00_p4-pl1-sample16-sperm15.tif 4 4 0.9233002461428809 
ch00_p4-pl1-sample17-sperm10.tif 4 4 0.8072916592240209 
ch00_p4-pl1-sample19-sperm6.tif 4 4 0.9967340410422807 
ch00_p4-pl1-sample2-sperm13.tif 4 2 0.9985169822116267 
ch00_p4-pl1-sample4-sperm14.tif 4 4 0.903825172553019 
ch00_p4-pl1-sample5-sperm9.tif 4 4 0.9765196333414631 
ch00_p4-pl1-sample6-sperm11.tif 4 4 0.9991847061928785 
ch00_p4-pl1-sample6-sperm8.tif 4 4 0.9184580758567148 
ch00_p4-pl1-sample7-sperm10.tif 4 4 0.984335943821571 
ch00_p4-pl1-sample7-sperm13.tif 4 4 0.9467908838635491 
ch00_p4-pl1-sample7-sperm2.tif 4 4 0.9971286272234835 
ch00_p4-pl1-sample7-sperm8.tif 4 0 0.8707624395816875 
ch00_p4-pl1-sample8-sperm1.tif 4 4 0.8822910210618903 
ch00_p4-pl1-sample8-sperm2.tif 4 4 0.8017623923653971 
ch00_p4-pl1-sample8-sperm8.tif 4 4 0.8198663723770736 
ch00_p4-pl1-sample9-sperm11.tif 4 1 0.9125957825700405 
ch00_p4-pl1-sample9-sperm12.tif 4 4 0.9871675341648363 
ch00_p4-pl1-sample9-sperm4.tif 4 4 0.9999985903662107 
ch00_p4-pl1-sample9-sperm6.tif 4 3 0.9390941441994688 
ch00_p4-pl2-sample10-sperm1.tif 4 4 0.8366153008157281 
ch00_p4-pl2-sample10-sperm10.tif 4 4 0.894028923069966 
ch00_p4-pl2-sample10-sperm11.tif 4 4 0.9959759036800296 
ch00_p4-pl2-sample10-sperm8.tif 4 4 0.7285943914065883 
ch00_p4-pl2-sample10-sperm9.tif 4 1 0.7974468529185308 
ch00_p4-pl2-sample11-sperm3.tif 4 4 0.9991740960909302 
ch00_p4-pl2-sample12-sperm11.tif 4 2 0.9903623120929375 
ch00_p4-pl2-sample12-sperm7.tif 4 4 0.7016399002568433 
ch00_p4-pl2-sample12-sperm9.tif 4 4 0.85526730556338 
ch00_p4-pl2-sample13-sperm10.tif 4 4 0.9999996138603401 
ch00_p4-pl2-sample13-sperm2.tif 4 0 0.9965613162691473 
ch00_p4-pl2-sample13-sperm9.tif 4 4 0.950451750154749 
ch00_p4-pl2-sample14-sperm9.tif 4 4 0.9999999931585029 
ch00_p4-pl2-sample19-sperm1.tif 4 4 0.999998401466895 
ch00_p4-pl2-sample19-sperm8.tif 4 4 0.9879875650050447 
ch00_p4-pl2-sample2-sperm3.tif 4 4 0.7582391521482138 
ch00_p4-pl2-sample2-sperm5.tif 4 4 0.9999978710219092 
ch00_p4-pl2-sample2-sperm7.tif 4 4 0.9999999940736563 
ch00_p4-pl2-sample20-sperm2.tif 4 4 0.9999998025775706 
ch00_p4-pl2-sample20-sperm4.tif 4 2 0.9982217518715303 
ch00_p4-pl2-sample3-sperm3.tif 4 4 0.9662548227560598 
ch00_p4-pl2-sample3-sperm5.tif 4 4 0.9999991464655236 
ch00_p4-pl2-sample3-sperm6.tif 4 4 0.9894776285974282 
ch00_p4-pl2-sample3-sperm7.tif 4 4 0.9999991956679669 
ch00_p4-pl2-sample4-sperm4.tif 4 4 0.9048016885582434 
ch00_p4-pl2-sample5-sperm4.tif 4 3 0.8180165615976791 
ch00_p4-pl2-sample6-sperm3.tif 4 4 0.9712315622288218 
ch00_p4-pl2-sample7-sperm4.tif 4 4 0.8613697981159611 
ch00_p4-pl2-sample7-sperm5.tif 4 4 0.9999998711799942 
ch00_p4-pl2-sample7-sperm6.tif 4 0 0.9460134845549721 
ch00_p4-pl2-sample7-sperm7.tif 4 4 0.7901370422593472 
ch00_p4-pl2-sample7-sperm8.tif 4 0 0.9243889261768472 
ch00_p4-pl2-sample8-sperm9.tif 4 3 0.7200759333900975 
ch00_p4-pl2-sample9-sperm7.tif 4 4 0.8615690264978444 
ch00_p5-pl1-sample1-sperm12.tif 4 4 0.9999997162455462 
ch00_p5-pl1-sample10-sperm6.tif 4 1 0.8475272539970817 
ch00_p5-pl1-sample10-sperm7.tif 4 1 0.7353789565997708 
ch00_p5-pl1-sample12-sperm13.tif 4 4 0.6012355101613679 
ch00_p5-pl1-sample12-sperm16.tif 4 4 0.937666097394034 
ch00_p5-pl1-sample12-sperm7.tif 4 2 0.9660949377999348 
ch00_p5-pl1-sample17-sperm13.tif 4 4 0.6981159908558405 
ch00_p5-pl1-sample17-sperm2.tif 4 4 0.9999995433674941 
ch00_p5-pl1-sample17-sperm3.tif 4 4 0.9638345161121765 
ch00_p5-pl1-sample19-sperm2.tif 4 1 0.9088138879726722 
ch00_p5-pl1-sample2-sperm13.tif 4 4 0.9999999269407905 
ch00_p5-pl1-sample20-sperm12.tif 4 4 0.9962182200019359 
ch00_p5-pl1-sample20-sperm13.tif 4 1 0.5376659308244155 
ch00_p5-pl1-sample20-sperm2.tif 4 4 0.8378341026074018 
ch00_p5-pl1-sample20-sperm5.tif 4 4 0.9912630220328627 
ch00_p5-pl1-sample20-sperm6.tif 4 4 0.9948841591586006 
ch00_p5-pl1-sample20-sperm7.tif 4 4 0.9780281747768447 
ch00_p5-pl1-sample3-sperm7.tif 4 1 0.9990518028989342 
ch00_p5-pl1-sample4-sperm8.tif 4 3 0.5884990743276357 
ch00_p5-pl1-sample5-sperm10.tif 4 4 0.9885972853178694 
ch00_p5-pl1-sample9-sperm1.tif 4 4 0.9988248064189985 
ch00_p5-pl1-sample9-sperm3.tif 4 1 0.5584118637549038 
