ch00_p1-pl2-sample10-sperm10.tif 0 0 0.9874454470192645 
ch00_p1-pl2-sample12-sperm13.tif 0 1 0.9437486341337039 
ch00_p1-pl2-sample12-sperm9.tif 0 0 0.8159173090803337 
ch00_p1-pl2-sample14-sperm9.tif 0 0 0.36104944681778883 
ch00_p1-pl2-sample22-sperm5.tif 0 0 0.9430017107968645 
ch00_p1-pl2-sample3-sperm4.tif 0 3 0.40532165313389973 
ch00_p1-pl2-sample32-sperm3.tif 0 0 0.7927548555668475 
ch00_p1-pl2-sample34-sperm9.tif 0 4 0.9999999998261803 
ch00_p1-pl2-sample35-sperm1.tif 0 1 0.42733867293966293 
ch00_p1-pl2-sample5-sperm3.tif 0 4 0.9999985024272999 
ch00_p1-pl2-sample8-sperm6.tif 0 0 0.9999840413035141 
ch00_p1-pl2-sample9-sperm7.tif 0 4 0.9628536652083045 
ch00_p1-pl3-sample1-sperm3.tif 0 0 0.9980072928743327 
ch00_p1-pl3-sample12-sperm1.tif 0 4 0.9999999999679862 
ch00_p1-pl3-sample17-sperm3.tif 0 1 0.9373238795892922 
ch00_p1-pl3-sample6-sperm11.tif 0 4 0.896823621917863 
ch00_p3-pl1-sample13-sperm3.tif 0 0 0.9972436168334305 
ch00_p3-pl1-sample30-sperm6.tif 0 0 0.9997766760615404 
ch00_p4-pl1-sample1-sperm13.tif 0 0 0.9681368465401701 
ch00_p4-pl1-sample10-sperm9.tif 0 0 0.9901979517693732 
ch00_p4-pl1-sample15-sperm4.tif 0 0 0.6166055099007601 
ch00_p4-pl1-sample15-sperm7.tif 0 4 0.9270372199366895 
ch00_p4-pl1-sample19-sperm1.tif 0 0 0.385459441590192 
ch00_p4-pl1-sample6-sperm1.tif 0 4 0.588064979585768 
ch00_p4-pl1-sample6-sperm10.tif 0 0 0.9981471060155084 
ch00_p4-pl2-sample13-sperm1.tif 0 4 0.9575229484404689 
ch00_p4-pl2-sample16-sperm9.tif 0 0 0.9973548492534465 
ch00_p4-pl2-sample5-sperm6.tif 0 0 0.9974578316154292 
ch00_p4-pl2-sample8-sperm5.tif 0 0 0.9997637919112261 
ch00_p5-pl1-sample5-sperm3.tif 0 4 0.998317215395461 
ch00_p1-pl2-sample1-sperm6.tif 1 4 0.7590373497662327 
ch00_p1-pl2-sample11-sperm4.tif 1 4 0.9939621848040443 
ch00_p1-pl2-sample13-sperm6.tif 1 3 0.8574603431580983 
ch00_p1-pl2-sample14-sperm13.tif 1 4 0.5937851303641617 
ch00_p1-pl2-sample18-sperm3.tif 1 1 0.8317560591856544 
ch00_p1-pl2-sample19-sperm10.tif 1 4 0.9999999999991747 
ch00_p1-pl2-sample19-sperm4.tif 1 1 0.9768618417551649 
ch00_p1-pl2-sample2-sperm3.tif 1 4 0.8946290156891489 
ch00_p1-pl2-sample20-sperm7.tif 1 4 0.99999999828205 
ch00_p1-pl2-sample21-sperm3.tif 1 1 0.9825065628973361 
ch00_p1-pl2-sample21-sperm9.tif 1 1 0.9737174984450985 
ch00_p1-pl2-sample23-sperm10.tif 1 1 0.955661865961551 
ch00_p1-pl2-sample23-sperm14.tif 1 2 0.8344045447926058 
ch00_p1-pl2-sample23-sperm15.tif 1 4 0.97063291143362 
ch00_p1-pl2-sample25-sperm8.tif 1 1 0.8680577047221094 
ch00_p1-pl2-sample29-sperm5.tif 1 1 0.8832715590773396 
ch00_p1-pl2-sample3-sperm9.tif 1 1 0.9759362312826065 
ch00_p1-pl2-sample31-sperm4.tif 1 1 0.9459254476227567 
ch00_p1-pl2-sample31-sperm8.tif 1 1 0.9641042589796004 
ch00_p1-pl2-sample32-sperm7.tif 1 4 0.9999998557210701 
ch00_p1-pl2-sample35-sperm7.tif 1 1 0.9649941207988223 
ch00_p1-pl2-sample4-sperm11.tif 1 2 0.8027498840442404 
ch00_p1-pl2-sample4-sperm14.tif 1 4 0.9999996050011971 
ch00_p1-pl2-sample4-sperm17.tif 1 1 0.9499060416900296 
ch00_p1-pl2-sample4-sperm5.tif 1 1 0.8610795286339455 
ch00_p1-pl2-sample5-sperm16.tif 1 1 0.7758570864267281 
ch00_p1-pl2-sample6-sperm3.tif 1 1 0.9166165979680403 
ch00_p1-pl2-sample7-sperm11.tif 1 1 0.9870628691937086 
ch00_p1-pl2-sample8-sperm3.tif 1 1 0.9421133231709141 
ch00_p1-pl2-sample9-sperm14.tif 1 1 0.9871768144684789 
ch00_p1-pl2-sample9-sperm15.tif 1 1 0.9466611073036677 
ch00_p1-pl2-sample9-sperm2.tif 1 1 0.9657386782804612 
ch00_p1-pl3-sample12-sperm19.tif 1 1 0.9721354977763039 
ch00_p1-pl3-sample12-sperm5.tif 1 1 0.9377519627234889 
ch00_p1-pl3-sample12-sperm7.tif 1 1 0.9255842326499649 
ch00_p1-pl3-sample13-sperm13.tif 1 1 0.9136221136632463 
ch00_p1-pl3-sample14-sperm8.tif 1 1 0.9508730458698089 
ch00_p1-pl3-sample19-sperm7.tif 1 4 0.9999996887623162 
ch00_p1-pl3-sample24-sperm17.tif 1 2 0.4872729641917188 
ch00_p1-pl3-sample5-sperm2.tif 1 1 0.7497651920202308 
ch00_p1-pl3-sample6-sperm16.tif 1 4 0.8997717044272612 
ch00_p3-pl1-sample12-sperm5.tif 1 1 0.9877448868338973 
ch00_p3-pl1-sample15-sperm9.tif 1 1 0.9586171110339112 
ch00_p3-pl1-sample17-sperm2.tif 1 4 0.9999991081794852 
ch00_p3-pl1-sample19-sperm6.tif 1 4 0.9999998689018443 
ch00_p3-pl1-sample2-sperm7.tif 1 1 0.9675016813186145 
ch00_p3-pl1-sample22-sperm2.tif 1 1 0.9680175606479713 
ch00_p3-pl1-sample26-sperm6.tif 1 1 0.8601961637725721 
ch00_p3-pl1-sample27-sperm4.tif 1 1 0.9493784267631029 
ch00_p3-pl1-sample28-sperm7.tif 1 1 0.7579867990555287 
ch00_p3-pl1-sample30-sperm2.tif 1 1 0.9783279531622241 
ch00_p3-pl1-sample31-sperm5.tif 1 1 0.9850841712068537 
ch00_p3-pl1-sample4-sperm2.tif 1 1 0.9825460700304895 
ch00_p3-pl1-sample5-sperm1.tif 1 1 0.960113169212256 
ch00_p3-pl1-sample8-sperm2.tif 1 1 0.989692608033325 
ch00_p4-pl1-sample12-sperm7.tif 1 3 0.617158207894134 
ch00_p4-pl1-sample6-sperm5.tif 1 1 0.9728170875494234 
ch00_p4-pl1-sample7-sperm16.tif 1 1 0.8262727257509763 
ch00_p4-pl2-sample4-sperm3.tif 1 4 0.8955448219899494 
ch00_p4-pl2-sample7-sperm11.tif 1 4 0.9999999992030809 
ch00_p4-pl2-sample8-sperm6.tif 1 1 0.9570540574726275 
ch00_p5-pl1-sample11-sperm2.tif 1 1 0.5652039222477218 
ch00_p5-pl1-sample19-sperm11.tif 1 4 0.9999986329123597 
ch00_p5-pl1-sample2-sperm2.tif 1 4 0.9900918794176505 
ch00_p5-pl1-sample5-sperm16.tif 1 1 0.9072673465006494 
ch00_p5-pl1-sample5-sperm20.tif 1 1 0.9032012992265677 
ch00_p5-pl1-sample8-sperm2.tif 1 4 0.9987498990405598 
ch00_p5-pl1-sample8-sperm5.tif 1 1 0.9641674751700252 
ch00_p1-pl2-sample13-sperm20.tif 2 2 0.7115044155362295 
ch00_p1-pl2-sample17-sperm10.tif 2 4 0.999999999999861 
ch00_p1-pl2-sample2-sperm6.tif 2 4 0.9999998513324625 
ch00_p1-pl2-sample24-sperm4.tif 2 4 0.9977801540582876 
ch00_p1-pl2-sample33-sperm13.tif 2 0 0.5030153252346102 
ch00_p1-pl2-sample35-sperm6.tif 2 2 0.9725203979964377 
ch00_p1-pl2-sample8-sperm4.tif 2 2 0.5215177718643833 
ch00_p1-pl3-sample1-sperm15.tif 2 2 0.9889122209332527 
ch00_p1-pl3-sample11-sperm6.tif 2 2 0.9999582324527766 
ch00_p1-pl3-sample12-sperm12.tif 2 2 0.9756267119842619 
ch00_p1-pl3-sample15-sperm14.tif 2 2 0.6341604148322595 
ch00_p1-pl3-sample21-sperm10.tif 2 2 0.9989353144424871 
ch00_p1-pl3-sample22-sperm11.tif 2 1 0.9415889471339387 
ch00_p1-pl3-sample6-sperm17.tif 2 2 0.8753543241336934 
ch00_p3-pl1-sample28-sperm5.tif 2 2 0.9736455338030436 
ch00_p4-pl1-sample10-sperm10.tif 2 1 0.9743038624827417 
ch00_p4-pl1-sample17-sperm4.tif 2 1 0.6566856223225629 
ch00_p4-pl1-sample17-sperm8.tif 2 4 0.49041672641224254 
ch00_p4-pl1-sample3-sperm7.tif 2 4 0.7612345513524907 
ch00_p4-pl1-sample5-sperm10.tif 2 2 0.9286181159489024 
ch00_p4-pl1-sample7-sperm19.tif 2 4 0.9986689212613541 
ch00_p4-pl2-sample3-sperm10.tif 2 2 0.9999693114134972 
ch00_p1-pl2-sample14-sperm12.tif 3 4 0.999999999999862 
ch00_p1-pl2-sample15-sperm6.tif 3 3 0.9669823086998808 
ch00_p1-pl2-sample18-sperm8.tif 3 4 0.803199985244706 
ch00_p1-pl2-sample5-sperm11.tif 3 3 0.9773046885356562 
ch00_p1-pl2-sample5-sperm4.tif 3 4 0.9660625871511931 
ch00_p1-pl3-sample16-sperm11.tif 3 3 0.9705685268067347 
ch00_p1-pl3-sample17-sperm4.tif 3 3 0.9746104775929657 
ch00_p1-pl3-sample2-sperm13.tif 3 4 0.9713313503828629 
ch00_p1-pl3-sample20-sperm9.tif 3 0 0.7739236869452545 
ch00_p1-pl3-sample21-sperm7.tif 3 3 0.926765578618484 
ch00_p1-pl3-sample23-sperm15.tif 3 4 0.999999999999862 
ch00_p1-pl3-sample5-sperm3.tif 3 4 0.9999999876472526 
ch00_p1-pl3-sample9-sperm6.tif 3 4 0.9214707477264286 
ch00_p1-pl3-sample9-sperm9.tif 3 3 0.9771678893169783 
ch00_p3-pl1-sample30-sperm1.tif 3 3 0.9281108016207272 
ch00_p3-pl1-sample31-sperm4.tif 3 3 0.5717685822179739 
ch00_p3-pl1-sample32-sperm1.tif 3 4 0.9985265437558993 
ch00_p4-pl1-sample11-sperm3.tif 3 3 0.9681017211564363 
ch00_p4-pl1-sample20-sperm4.tif 3 4 0.9999993276964487 
ch00_p4-pl1-sample5-sperm8.tif 3 4 0.991451849729772 
ch00_p5-pl1-sample1-sperm4.tif 3 4 0.999999725488001 
ch00_p1-pl2-sample10-sperm2.tif 4 4 0.9673332391173796 
ch00_p1-pl2-sample12-sperm1.tif 4 4 0.9999999999745264 
ch00_p1-pl2-sample12-sperm5.tif 4 4 0.9986747654111156 
ch00_p1-pl2-sample12-sperm7.tif 4 1 0.970743940234463 
ch00_p1-pl2-sample12-sperm8.tif 4 4 0.999999999829288 
ch00_p1-pl2-sample13-sperm1.tif 4 4 0.9310359312041717 
ch00_p1-pl2-sample14-sperm14.tif 4 4 0.9973641468266823 
ch00_p1-pl2-sample14-sperm2.tif 4 0 0.9850335124769373 
ch00_p1-pl2-sample14-sperm8.tif 4 4 0.927142383270608 
ch00_p1-pl2-sample17-sperm2.tif 4 4 0.9178510672885987 
ch00_p1-pl2-sample18-sperm6.tif 4 1 0.9717188221954872 
ch00_p1-pl2-sample18-sperm9.tif 4 4 0.9999999999996272 
ch00_p1-pl2-sample20-sperm2.tif 4 4 0.9937255728163306 
ch00_p1-pl2-sample21-sperm10.tif 4 4 0.9999999999998892 
ch00_p1-pl2-sample22-sperm11.tif 4 3 0.9716680267740724 
ch00_p1-pl2-sample23-sperm17.tif 4 4 0.9999973217292452 
ch00_p1-pl2-sample24-sperm10.tif 4 4 0.7574707257223996 
ch00_p1-pl2-sample24-sperm13.tif 4 4 0.999999996501625 
ch00_p1-pl2-sample26-sperm7.tif 4 4 0.9999999877340787 
ch00_p1-pl2-sample27-sperm5.tif 4 4 0.9943099791412908 
ch00_p1-pl2-sample28-sperm10.tif 4 4 0.6380933091425374 
ch00_p1-pl2-sample28-sperm3.tif 4 4 0.9576684621940958 
ch00_p1-pl2-sample28-sperm6.tif 4 1 0.48950887664976356 
ch00_p1-pl2-sample3-sperm14.tif 4 4 0.8768040870308842 
ch00_p1-pl2-sample30-sperm1.tif 4 4 0.9967905709521744 
ch00_p1-pl2-sample30-sperm6.tif 4 4 0.9164189008744241 
ch00_p1-pl2-sample31-sperm12.tif 4 4 0.48405953595433515 
ch00_p1-pl2-sample31-sperm3.tif 4 1 0.6000245473367499 
ch00_p1-pl2-sample32-sperm5.tif 4 3 0.677814806270565 
ch00_p1-pl2-sample33-sperm10.tif 4 4 0.9999955016984551 
ch00_p1-pl2-sample34-sperm3.tif 4 4 0.8252015077636486 
ch00_p1-pl2-sample34-sperm6.tif 4 0 0.8525473762608741 
ch00_p1-pl2-sample34-sperm8.tif 4 4 0.9999999999834663 
ch00_p1-pl2-sample35-sperm12.tif 4 4 0.9803521572828091 
ch00_p1-pl2-sample35-sperm9.tif 4 4 0.9899535621500234 
ch00_p1-pl2-sample4-sperm16.tif 4 1 0.9626400435762948 
ch00_p1-pl2-sample7-sperm5.tif 4 4 0.9999999999917549 
ch00_p1-pl2-sample9-sperm5.tif 4 4 0.999999999999879 
ch00_p1-pl3-sample1-sperm1.tif 4 1 0.985399625214609 
ch00_p1-pl3-sample1-sperm7.tif 4 4 0.9999999999926149 
ch00_p1-pl3-sample10-sperm1.tif 4 4 0.9999999999863265 
ch00_p1-pl3-sample10-sperm3.tif 4 4 0.9768204671922625 
ch00_p1-pl3-sample12-sperm4.tif 4 1 0.939166886041956 
ch00_p1-pl3-sample12-sperm6.tif 4 3 0.8714032797983353 
ch00_p1-pl3-sample13-sperm5.tif 4 4 0.6303289886285358 
ch00_p1-pl3-sample14-sperm11.tif 4 4 0.7295205381944275 
ch00_p1-pl3-sample14-sperm6.tif 4 4 0.7571358624990427 
ch00_p1-pl3-sample15-sperm19.tif 4 4 0.7902318552070093 
ch00_p1-pl3-sample15-sperm20.tif 4 4 0.5810843208407346 
ch00_p1-pl3-sample15-sperm7.tif 4 4 0.9980785148616317 
ch00_p1-pl3-sample15-sperm8.tif 4 1 0.9514505300125086 
ch00_p1-pl3-sample16-sperm17.tif 4 4 0.9999999999998685 
ch00_p1-pl3-sample17-sperm11.tif 4 4 0.9999999719117427 
ch00_p1-pl3-sample19-sperm1.tif 4 4 0.9999999994585131 
ch00_p1-pl3-sample2-sperm11.tif 4 4 0.9999999999998604 
ch00_p1-pl3-sample2-sperm4.tif 4 1 0.9063709294360871 
ch00_p1-pl3-sample20-sperm8.tif 4 4 0.9999998873556768 
ch00_p1-pl3-sample21-sperm11.tif 4 4 0.9270384963934943 
ch00_p1-pl3-sample21-sperm4.tif 4 1 0.6535793716136196 
ch00_p1-pl3-sample21-sperm9.tif 4 4 0.9999999999985231 
ch00_p1-pl3-sample22-sperm1.tif 4 4 0.9999994816752075 
ch00_p1-pl3-sample22-sperm3.tif 4 2 0.9965723120038076 
ch00_p1-pl3-sample23-sperm14.tif 4 1 0.9808613340716684 
ch00_p1-pl3-sample24-sperm11.tif 4 3 0.9538851010412169 
ch00_p1-pl3-sample24-sperm13.tif 4 1 0.9399952239207489 
ch00_p1-pl3-sample24-sperm14.tif 4 2 0.8177078999937912 
ch00_p1-pl3-sample24-sperm22.tif 4 1 0.9780197466238669 
ch00_p1-pl3-sample24-sperm5.tif 4 4 0.999999999999278 
ch00_p1-pl3-sample25-sperm1.tif 4 3 0.6623251778513374 
ch00_p1-pl3-sample25-sperm10.tif 4 1 0.9494235869251192 
ch00_p1-pl3-sample25-sperm11.tif 4 4 0.9685566346686162 
ch00_p1-pl3-sample25-sperm13.tif 4 1 0.8183003676550153 
ch00_p1-pl3-sample25-sperm4.tif 4 2 0.708977961559052 
ch00_p1-pl3-sample25-sperm8.tif 4 0 0.9991143029501697 
ch00_p1-pl3-sample3-sperm4.tif 4 1 0.9126136321359292 
ch00_p1-pl3-sample4-sperm8.tif 4 4 0.9850650000398727 
ch00_p1-pl3-sample4-sperm9.tif 4 4 0.5150908288937666 
ch00_p1-pl3-sample5-sperm4.tif 4 4 0.999999999999547 
ch00_p1-pl3-sample6-sperm3.tif 4 1 0.9463504474192632 
ch00_p1-pl3-sample6-sperm5.tif 4 4 0.9155341307265942 
ch00_p1-pl3-sample6-sperm6.tif 4 1 0.9049200257015468 
ch00_p1-pl3-sample7-sperm14.tif 4 4 0.9983098118329554 
ch00_p1-pl3-sample7-sperm3.tif 4 4 0.9903383727658244 
ch00_p1-pl3-sample7-sperm7.tif 4 4 0.41992856470097345 
ch00_p1-pl3-sample8-sperm11.tif 4 1 0.9744463452929334 
ch00_p1-pl3-sample8-sperm6.tif 4 4 0.9999999998052416 
ch00_p1-pl3-sample9-sperm8.tif 4 4 0.8997872685477077 
ch00_p3-pl1-sample1-sperm4.tif 4 4 0.9999999999777904 
ch00_p3-pl1-sample11-sperm5.tif 4 4 0.9275760387626651 
ch00_p3-pl1-sample12-sperm2.tif 4 4 0.810107553465018 
ch00_p3-pl1-sample15-sperm4.tif 4 4 0.9982420385316223 
ch00_p3-pl1-sample15-sperm8.tif 4 4 0.9956466842259176 
ch00_p3-pl1-sample16-sperm3.tif 4 4 0.9042902333603665 
ch00_p3-pl1-sample16-sperm4.tif 4 4 0.9999995455748109 
ch00_p3-pl1-sample18-sperm2.tif 4 4 0.6771895156491393 
ch00_p3-pl1-sample19-sperm8.tif 4 4 0.9999999968019994 
ch00_p3-pl1-sample19-sperm9.tif 4 4 0.9757826561215682 
ch00_p3-pl1-sample23-sperm7.tif 4 3 0.8475825288652011 
ch00_p3-pl1-sample23-sperm9.tif 4 0 0.999921548316722 
ch00_p3-pl1-sample25-sperm10.tif 4 1 0.7578115431431965 
ch00_p3-pl1-sample25-sperm5.tif 4 4 0.9999999999998616 
ch00_p3-pl1-sample25-sperm8.tif 4 3 0.8897412581513038 
ch00_p3-pl1-sample26-sperm1.tif 4 4 0.9965886992644787 
ch00_p3-pl1-sample29-sperm9.tif 4 4 0.9999999948889295 
ch00_p3-pl1-sample4-sperm1.tif 4 4 0.995101790727218 
ch00_p3-pl1-sample4-sperm5.tif 4 1 0.8579571441059655 
ch00_p3-pl1-sample6-sperm4.tif 4 4 0.999999999999819 
ch00_p3-pl1-sample8-sperm3.tif 4 1 0.876599216679432 
ch00_p4-pl1-sample1-sperm12.tif 4 1 0.9408150776670657 
ch00_p4-pl1-sample1-sperm6.tif 4 4 0.8627879881669592 
ch00_p4-pl1-sample1-sperm8.tif 4 4 0.8651455106846745 
ch00_p4-pl1-sample10-sperm12.tif 4 3 0.8452626497697526 
ch00_p4-pl1-sample10-sperm22.tif 4 1 0.9776901110867032 
ch00_p4-pl1-sample11-sperm13.tif 4 4 0.9999998272157855 
ch00_p4-pl1-sample11-sperm4.tif 4 4 0.9345844843217637 
ch00_p4-pl1-sample12-sperm11.tif 4 4 0.9999997455003209 
ch00_p4-pl1-sample12-sperm3.tif 4 4 0.6500208975967027 
ch00_p4-pl1-sample12-sperm6.tif 4 4 0.972265454721399 
ch00_p4-pl1-sample14-sperm12.tif 4 4 0.9845370357397714 
ch00_p4-pl1-sample14-sperm4.tif 4 4 0.8392256980055428 
ch00_p4-pl1-sample14-sperm5.tif 4 4 0.9999999111558578 
ch00_p4-pl1-sample16-sperm15.tif 4 4 0.5102709872481687 
ch00_p4-pl1-sample17-sperm10.tif 4 4 0.999999999999887 
ch00_p4-pl1-sample19-sperm6.tif 4 1 0.8368870826856257 
ch00_p4-pl1-sample2-sperm13.tif 4 4 0.9999988938855305 
ch00_p4-pl1-sample4-sperm14.tif 4 4 0.9052993147093417 
ch00_p4-pl1-sample5-sperm9.tif 4 4 0.9999984711312866 
ch00_p4-pl1-sample6-sperm11.tif 4 4 0.9999999999993415 
ch00_p4-pl1-sample6-sperm8.tif 4 4 0.7688597543642046 
ch00_p4-pl1-sample7-sperm10.tif 4 4 0.6089148414514945 
ch00_p4-pl1-sample7-sperm13.tif 4 4 0.5494072651853723 
ch00_p4-pl1-sample7-sperm2.tif 4 4 0.9999976772507753 
ch00_p4-pl1-sample7-sperm8.tif 4 0 0.5482905496929025 
ch00_p4-pl1-sample8-sperm1.tif 4 1 0.5430440089425609 
ch00_p4-pl1-sample8-sperm2.tif 4 2 0.9929869824022166 
ch00_p4-pl1-sample8-sperm8.tif 4 1 0.9515677211757739 
ch00_p4-pl1-sample9-sperm11.tif 4 1 0.72464511729757 
ch00_p4-pl1-sample9-sperm12.tif 4 4 0.8869299720056809 
ch00_p4-pl1-sample9-sperm4.tif 4 4 0.9999999999995138 
ch00_p4-pl1-sample9-sperm6.tif 4 4 0.9988403031392359 
ch00_p4-pl2-sample10-sperm1.tif 4 0 0.49547453588513085 
ch00_p4-pl2-sample10-sperm10.tif 4 4 0.5302087547706185 
ch00_p4-pl2-sample10-sperm11.tif 4 4 0.999999999999782 
ch00_p4-pl2-sample10-sperm8.tif 4 1 0.7891312835725495 
ch00_p4-pl2-sample10-sperm9.tif 4 1 0.9226892515118084 
ch00_p4-pl2-sample11-sperm3.tif 4 4 0.9999968846585962 
ch00_p4-pl2-sample12-sperm11.tif 4 4 0.9646071645103024 
ch00_p4-pl2-sample12-sperm7.tif 4 4 0.9570099173347667 
ch00_p4-pl2-sample12-sperm9.tif 4 1 0.9400262107765517 
ch00_p4-pl2-sample13-sperm10.tif 4 4 0.999999999981464 
ch00_p4-pl2-sample13-sperm2.tif 4 0 0.9840698575373131 
ch00_p4-pl2-sample13-sperm9.tif 4 4 0.9989480580662581 
ch00_p4-pl2-sample14-sperm9.tif 4 4 0.8060271338512132 
ch00_p4-pl2-sample19-sperm1.tif 4 4 0.9999998901117538 
ch00_p4-pl2-sample19-sperm8.tif 4 4 0.9999996725223194 
ch00_p4-pl2-sample2-sperm3.tif 4 2 0.9144398405453931 
ch00_p4-pl2-sample2-sperm5.tif 4 4 0.9999979760618821 
ch00_p4-pl2-sample2-sperm7.tif 4 4 0.9999999999862015 
ch00_p4-pl2-sample20-sperm2.tif 4 4 0.9675831330774067 
ch00_p4-pl2-sample20-sperm4.tif 4 2 0.8777247870641269 
ch00_p4-pl2-sample3-sperm3.tif 4 4 0.999999596527841 
ch00_p4-pl2-sample3-sperm5.tif 4 4 0.9999999999998895 
ch00_p4-pl2-sample3-sperm6.tif 4 4 0.9335851032950164 
ch00_p4-pl2-sample3-sperm7.tif 4 4 0.9999998437394072 
ch00_p4-pl2-sample4-sperm4.tif 4 4 0.9598233406804455 
ch00_p4-pl2-sample5-sperm4.tif 4 1 0.4676881374175437 
ch00_p4-pl2-sample6-sperm3.tif 4 1 0.6855127875292362 
ch00_p4-pl2-sample7-sperm4.tif 4 0 0.5165048000631631 
ch00_p4-pl2-sample7-sperm5.tif 4 4 0.9999999613844766 
ch00_p4-pl2-sample7-sperm6.tif 4 4 0.7156584759108913 
ch00_p4-pl2-sample7-sperm7.tif 4 4 0.8783408959072445 
ch00_p4-pl2-sample7-sperm8.tif 4 4 0.9461660796030057 
ch00_p4-pl2-sample8-sperm9.tif 4 3 0.8907264989242758 
ch00_p4-pl2-sample9-sperm7.tif 4 4 0.9854536186952648 
ch00_p5-pl1-sample1-sperm12.tif 4 4 0.8345244168566199 
ch00_p5-pl1-sample10-sperm6.tif 4 1 0.9341808251563594 
ch00_p5-pl1-sample10-sperm7.tif 4 0 0.819318303902073 
ch00_p5-pl1-sample12-sperm13.tif 4 4 0.9980156104071901 
ch00_p5-pl1-sample12-sperm16.tif 4 4 0.9999999983654458 
ch00_p5-pl1-sample12-sperm7.tif 4 0 0.9259659939213059 
ch00_p5-pl1-sample17-sperm13.tif 4 1 0.9129595049995745 
ch00_p5-pl1-sample17-sperm2.tif 4 4 0.9999999735280132 
ch00_p5-pl1-sample17-sperm3.tif 4 4 0.7096107615221127 
ch00_p5-pl1-sample19-sperm2.tif 4 4 0.9225701308953764 
ch00_p5-pl1-sample2-sperm13.tif 4 4 0.999999999999872 
ch00_p5-pl1-sample20-sperm12.tif 4 4 0.9901012782453581 
ch00_p5-pl1-sample20-sperm13.tif 4 4 0.8961674984517446 
ch00_p5-pl1-sample20-sperm2.tif 4 4 0.9999999952733397 
ch00_p5-pl1-sample20-sperm5.tif 4 4 0.5576546723770455 
ch00_p5-pl1-sample20-sperm6.tif 4 4 0.9960246998382901 
ch00_p5-pl1-sample20-sperm7.tif 4 4 0.9984691686887552 
ch00_p5-pl1-sample3-sperm7.tif 4 1 0.9841163749008601 
ch00_p5-pl1-sample4-sperm8.tif 4 4 0.9854452094530296 
ch00_p5-pl1-sample5-sperm10.tif 4 4 0.5057955122803177 
ch00_p5-pl1-sample9-sperm1.tif 4 4 0.9999978783007378 
ch00_p5-pl1-sample9-sperm3.tif 4 4 0.7060098590672632 
