ch00_p1-pl2-sample3-sperm12.tif 0 0 0.9573904926448034 
ch00_p1-pl2-sample34-sperm9.tif 0 0 0.9964891846776099 
ch00_p1-pl2-sample35-sperm1.tif 0 1 0.5632637383190303 
ch00_p1-pl3-sample10-sperm2.tif 0 4 0.8074268124382474 
ch00_p1-pl3-sample13-sperm3.tif 0 2 0.6164105740315587 
ch00_p1-pl3-sample15-sperm10.tif 0 4 0.9393225098782065 
ch00_p1-pl3-sample15-sperm22.tif 0 3 0.6665244694369886 
ch00_p1-pl3-sample16-sperm10.tif 0 0 0.6690142678964959 
ch00_p1-pl3-sample17-sperm3.tif 0 0 0.9377487548901421 
ch00_p1-pl3-sample2-sperm3.tif 0 4 0.670564457515614 
ch00_p1-pl3-sample6-sperm11.tif 0 2 0.7643314238837126 
ch00_p3-pl1-sample16-sperm2.tif 0 4 0.9387368722255081 
ch00_p3-pl1-sample17-sperm7.tif 0 4 0.9931955439541144 
ch00_p3-pl1-sample19-sperm2.tif 0 0 0.9930560320761876 
ch00_p3-pl1-sample25-sperm13.tif 0 0 0.6733178501179747 
ch00_p3-pl1-sample30-sperm6.tif 0 0 0.9871735075017896 
ch00_p3-pl1-sample4-sperm4.tif 0 0 0.4531110325663795 
ch00_p4-pl1-sample1-sperm13.tif 0 0 0.9546510145588679 
ch00_p4-pl1-sample1-sperm3.tif 0 0 0.8904498144768686 
ch00_p4-pl1-sample10-sperm9.tif 0 0 0.9703236449021985 
ch00_p4-pl1-sample13-sperm6.tif 0 0 0.8958802434969387 
ch00_p4-pl1-sample15-sperm7.tif 0 0 0.994418002823895 
ch00_p4-pl1-sample18-sperm4.tif 0 0 0.9946314543049627 
ch00_p4-pl1-sample20-sperm7.tif 0 4 0.7219238593905667 
ch00_p4-pl1-sample9-sperm3.tif 0 0 0.9874189189191724 
ch00_p4-pl1-sample9-sperm5.tif 0 2 0.6898986187121489 
ch00_p4-pl2-sample5-sperm6.tif 0 4 0.919913993733378 
ch00_p5-pl1-sample2-sperm9.tif 0 3 0.77055060135813 
ch00_p5-pl1-sample5-sperm3.tif 0 3 0.820789102489312 
ch00_p5-pl1-sample8-sperm7.tif 0 3 0.9246830020257317 
ch00_p1-pl2-sample11-sperm2.tif 1 1 0.990432958358722 
ch00_p1-pl2-sample11-sperm4.tif 1 1 0.6610964268233713 
ch00_p1-pl2-sample12-sperm3.tif 1 1 0.6811426649552358 
ch00_p1-pl2-sample19-sperm10.tif 1 4 0.8881955283321554 
ch00_p1-pl2-sample19-sperm11.tif 1 1 0.8899519071105161 
ch00_p1-pl2-sample19-sperm14.tif 1 2 0.9476476150021804 
ch00_p1-pl2-sample2-sperm12.tif 1 1 0.9105124396491703 
ch00_p1-pl2-sample20-sperm7.tif 1 4 0.9272291517608799 
ch00_p1-pl2-sample21-sperm9.tif 1 4 0.5301956592260624 
ch00_p1-pl2-sample22-sperm6.tif 1 4 0.47374725784348176 
ch00_p1-pl2-sample25-sperm8.tif 1 4 0.39562795148113333 
ch00_p1-pl2-sample26-sperm5.tif 1 1 0.9054325120445165 
ch00_p1-pl2-sample29-sperm6.tif 1 4 0.861298196766047 
ch00_p1-pl2-sample3-sperm17.tif 1 1 0.619480151039535 
ch00_p1-pl2-sample3-sperm3.tif 1 4 0.5155988069980464 
ch00_p1-pl2-sample30-sperm7.tif 1 1 0.9898722873358761 
ch00_p1-pl2-sample35-sperm7.tif 1 1 0.9796335617915555 
ch00_p1-pl2-sample4-sperm8.tif 1 4 0.9003064541492607 
ch00_p1-pl2-sample5-sperm5.tif 1 1 0.829514552254283 
ch00_p1-pl2-sample6-sperm10.tif 1 1 0.9866713798402903 
ch00_p1-pl2-sample7-sperm11.tif 1 1 0.7483933911684746 
ch00_p1-pl2-sample7-sperm3.tif 1 2 0.4934352130714663 
ch00_p1-pl2-sample8-sperm1.tif 1 4 0.9782243371419167 
ch00_p1-pl2-sample9-sperm11.tif 1 1 0.9972075333854556 
ch00_p1-pl2-sample9-sperm12.tif 1 0 0.9522799472138048 
ch00_p1-pl2-sample9-sperm15.tif 1 4 0.6100283225291189 
ch00_p1-pl2-sample9-sperm2.tif 1 4 0.977396644562135 
ch00_p1-pl2-sample9-sperm8.tif 1 1 0.9445645781332358 
ch00_p1-pl3-sample1-sperm5.tif 1 4 0.5109461375771044 
ch00_p1-pl3-sample10-sperm4.tif 1 4 0.6299364238008445 
ch00_p1-pl3-sample11-sperm9.tif 1 1 0.9946805813255962 
ch00_p1-pl3-sample12-sperm19.tif 1 1 0.9948435511452013 
ch00_p1-pl3-sample15-sperm6.tif 1 0 0.45080049217806784 
ch00_p1-pl3-sample17-sperm8.tif 1 0 0.8051124775410041 
ch00_p1-pl3-sample18-sperm3.tif 1 1 0.9642532846216054 
ch00_p1-pl3-sample19-sperm4.tif 1 4 0.9701502262536951 
ch00_p1-pl3-sample5-sperm2.tif 1 4 0.9284838143449133 
ch00_p1-pl3-sample7-sperm12.tif 1 1 0.9335818097933098 
ch00_p3-pl1-sample10-sperm2.tif 1 1 0.9283641550597708 
ch00_p3-pl1-sample12-sperm4.tif 1 1 0.9921122796485103 
ch00_p3-pl1-sample17-sperm4.tif 1 4 0.7981739464688707 
ch00_p3-pl1-sample18-sperm1.tif 1 1 0.8401215667310306 
ch00_p3-pl1-sample21-sperm7.tif 1 1 0.9993689281370784 
ch00_p3-pl1-sample23-sperm11.tif 1 1 0.9710456908566258 
ch00_p3-pl1-sample23-sperm4.tif 1 4 0.6779068311587809 
ch00_p3-pl1-sample27-sperm2.tif 1 1 0.9913703825455468 
ch00_p3-pl1-sample29-sperm6.tif 1 1 0.9737974055908853 
ch00_p3-pl1-sample30-sperm2.tif 1 1 0.9230279864467378 
ch00_p3-pl1-sample31-sperm6.tif 1 1 0.9802316884772341 
ch00_p3-pl1-sample6-sperm5.tif 1 4 0.6217835721557693 
ch00_p3-pl1-sample7-sperm14.tif 1 1 0.8370971621226634 
ch00_p4-pl1-sample1-sperm11.tif 1 1 0.44721609282207825 
ch00_p4-pl1-sample1-sperm4.tif 1 1 0.9264239805343014 
ch00_p4-pl1-sample19-sperm3.tif 1 1 0.8691437391279138 
ch00_p4-pl1-sample2-sperm7.tif 1 1 0.5187470372330929 
ch00_p4-pl1-sample3-sperm8.tif 1 1 0.9350327350360171 
ch00_p4-pl1-sample9-sperm16.tif 1 1 0.9887249222862303 
ch00_p4-pl2-sample10-sperm2.tif 1 1 0.9000112488398752 
ch00_p4-pl2-sample11-sperm1.tif 1 4 0.8478405607489801 
ch00_p5-pl1-sample11-sperm2.tif 1 1 0.9781678812450738 
ch00_p5-pl1-sample14-sperm5.tif 1 1 0.9672730236849066 
ch00_p5-pl1-sample18-sperm11.tif 1 0 0.616609136009984 
ch00_p5-pl1-sample2-sperm2.tif 1 1 0.9984905988554187 
ch00_p5-pl1-sample20-sperm11.tif 1 2 0.6474425042587936 
ch00_p5-pl1-sample4-sperm9.tif 1 3 0.9814065648259404 
ch00_p5-pl1-sample6-sperm13.tif 1 1 0.9969389825874259 
ch00_p5-pl1-sample7-sperm10.tif 1 1 0.9797674301196203 
ch00_p5-pl1-sample8-sperm2.tif 1 1 0.42301821891528635 
ch00_p1-pl2-sample10-sperm7.tif 2 4 0.9660522759007131 
ch00_p1-pl2-sample17-sperm10.tif 2 0 0.44994779019952863 
ch00_p1-pl2-sample17-sperm12.tif 2 4 0.9779799680051513 
ch00_p1-pl2-sample24-sperm4.tif 2 2 0.9886507256157907 
ch00_p1-pl2-sample31-sperm2.tif 2 2 0.8361283552915241 
ch00_p1-pl2-sample35-sperm14.tif 2 1 0.9386314242232451 
ch00_p1-pl2-sample9-sperm17.tif 2 4 0.7989714923500842 
ch00_p1-pl3-sample1-sperm15.tif 2 4 0.9443068337915294 
ch00_p1-pl3-sample10-sperm5.tif 2 2 0.9908564046252865 
ch00_p1-pl3-sample11-sperm6.tif 2 2 0.8819011452491922 
ch00_p1-pl3-sample17-sperm9.tif 2 2 0.9971755395849571 
ch00_p1-pl3-sample5-sperm12.tif 2 4 0.873949151320354 
ch00_p1-pl3-sample7-sperm5.tif 2 2 0.9470880402660015 
ch00_p1-pl3-sample9-sperm4.tif 2 2 0.9684529070649497 
ch00_p4-pl1-sample10-sperm10.tif 2 1 0.7593070916352493 
ch00_p4-pl1-sample12-sperm15.tif 2 4 0.6912970095786721 
ch00_p4-pl1-sample13-sperm4.tif 2 2 0.9969142439413475 
ch00_p4-pl1-sample19-sperm7.tif 2 2 0.9908884857296579 
ch00_p4-pl1-sample3-sperm10.tif 2 1 0.6647613312885942 
ch00_p4-pl2-sample11-sperm5.tif 2 2 0.907929722901604 
ch00_p4-pl2-sample17-sperm6.tif 2 4 0.8667742301081076 
ch00_p4-pl2-sample3-sperm10.tif 2 2 0.7117471071265815 
ch00_p1-pl2-sample13-sperm13.tif 3 3 0.9600759075068098 
ch00_p1-pl2-sample15-sperm6.tif 3 1 0.4269366975499086 
ch00_p1-pl2-sample18-sperm4.tif 3 0 0.5819021066096585 
ch00_p1-pl2-sample22-sperm10.tif 3 4 0.9489930174815344 
ch00_p1-pl2-sample28-sperm2.tif 3 3 0.9775441352404621 
ch00_p1-pl2-sample7-sperm4.tif 3 4 0.9595987458898143 
ch00_p1-pl3-sample12-sperm9.tif 3 4 0.5225322141184926 
ch00_p1-pl3-sample15-sperm11.tif 3 0 0.5238922198661901 
ch00_p1-pl3-sample16-sperm11.tif 3 2 0.89442096821815 
ch00_p1-pl3-sample16-sperm16.tif 3 3 0.81570855256779 
ch00_p1-pl3-sample23-sperm13.tif 3 4 0.9911713879791585 
ch00_p1-pl3-sample24-sperm1.tif 3 0 0.9150775252742612 
ch00_p1-pl3-sample25-sperm14.tif 3 3 0.9944115797172073 
ch00_p1-pl3-sample5-sperm10.tif 3 4 0.6712701882373551 
ch00_p1-pl3-sample9-sperm6.tif 3 3 0.7440183965538435 
ch00_p3-pl1-sample31-sperm3.tif 3 3 0.45934300795379573 
ch00_p3-pl1-sample32-sperm1.tif 3 0 0.8662195617885818 
ch00_p4-pl1-sample4-sperm13.tif 3 3 0.7316347202930674 
ch00_p4-pl1-sample9-sperm14.tif 3 3 0.8019278963367298 
ch00_p4-pl2-sample8-sperm3.tif 3 4 0.9828665205812825 
ch00_p5-pl1-sample18-sperm1.tif 3 4 0.6765497050163671 
ch00_p1-pl2-sample1-sperm12.tif 4 4 0.8679915730425679 
ch00_p1-pl2-sample1-sperm4.tif 4 1 0.9757995650421886 
ch00_p1-pl2-sample10-sperm12.tif 4 0 0.4712271802865613 
ch00_p1-pl2-sample10-sperm8.tif 4 1 0.575618945902744 
ch00_p1-pl2-sample12-sperm1.tif 4 4 0.9278595207953929 
ch00_p1-pl2-sample12-sperm2.tif 4 4 0.9827981016740078 
ch00_p1-pl2-sample12-sperm5.tif 4 4 0.614499550934352 
ch00_p1-pl2-sample12-sperm7.tif 4 1 0.8416944111933508 
ch00_p1-pl2-sample13-sperm1.tif 4 4 0.9487564989361673 
ch00_p1-pl2-sample13-sperm5.tif 4 0 0.5911046416428569 
ch00_p1-pl2-sample14-sperm1.tif 4 4 0.9730924998713291 
ch00_p1-pl2-sample14-sperm11.tif 4 1 0.9458476777471341 
ch00_p1-pl2-sample14-sperm14.tif 4 2 0.9774747350724535 
ch00_p1-pl2-sample14-sperm2.tif 4 4 0.9872029085437202 
ch00_p1-pl2-sample15-sperm5.tif 4 0 0.9096565241980566 
ch00_p1-pl2-sample16-sperm5.tif 4 4 0.7147912345290963 
ch00_p1-pl2-sample17-sperm2.tif 4 1 0.9446120601624199 
ch00_p1-pl2-sample18-sperm2.tif 4 0 0.2852811161531603 
ch00_p1-pl2-sample2-sperm11.tif 4 4 0.671526186707539 
ch00_p1-pl2-sample20-sperm10.tif 4 0 0.74123131175508 
ch00_p1-pl2-sample25-sperm3.tif 4 4 0.9867219952204428 
ch00_p1-pl2-sample26-sperm1.tif 4 3 0.6204389325868322 
ch00_p1-pl2-sample26-sperm12.tif 4 4 0.9958002704237446 
ch00_p1-pl2-sample27-sperm5.tif 4 4 0.7495158576256598 
ch00_p1-pl2-sample28-sperm1.tif 4 4 0.6534058109567017 
ch00_p1-pl2-sample28-sperm10.tif 4 4 0.492992696708401 
ch00_p1-pl2-sample29-sperm1.tif 4 4 0.9857698321888381 
ch00_p1-pl2-sample3-sperm8.tif 4 0 0.6683628651970687 
ch00_p1-pl2-sample30-sperm1.tif 4 4 0.9364437109448155 
ch00_p1-pl2-sample30-sperm6.tif 4 2 0.5261139523638666 
ch00_p1-pl2-sample31-sperm3.tif 4 4 0.9211660169048254 
ch00_p1-pl2-sample31-sperm6.tif 4 0 0.39711168289625837 
ch00_p1-pl2-sample32-sperm1.tif 4 2 0.5735881980115993 
ch00_p1-pl2-sample32-sperm9.tif 4 4 0.984903577795104 
ch00_p1-pl2-sample33-sperm2.tif 4 4 0.7622029027613988 
ch00_p1-pl2-sample34-sperm8.tif 4 4 0.5898344874334459 
ch00_p1-pl2-sample35-sperm10.tif 4 1 0.9954475632904055 
ch00_p1-pl2-sample4-sperm16.tif 4 4 0.7636909639791299 
ch00_p1-pl2-sample7-sperm13.tif 4 4 0.9480588798068217 
ch00_p1-pl2-sample9-sperm18.tif 4 0 0.9870763022386738 
ch00_p1-pl3-sample10-sperm7.tif 4 4 0.8954706907389983 
ch00_p1-pl3-sample12-sperm6.tif 4 0 0.8770259631252335 
ch00_p1-pl3-sample12-sperm8.tif 4 2 0.6274442383972003 
ch00_p1-pl3-sample14-sperm1.tif 4 4 0.9942469064482055 
ch00_p1-pl3-sample14-sperm16.tif 4 0 0.5811155199548234 
ch00_p1-pl3-sample14-sperm6.tif 4 4 0.9445954506584185 
ch00_p1-pl3-sample14-sperm7.tif 4 1 0.4370901064925888 
ch00_p1-pl3-sample15-sperm12.tif 4 2 0.9239345093462646 
ch00_p1-pl3-sample15-sperm20.tif 4 3 0.9408779516710305 
ch00_p1-pl3-sample15-sperm5.tif 4 0 0.7638560569838817 
ch00_p1-pl3-sample15-sperm9.tif 4 2 0.9619677757479465 
ch00_p1-pl3-sample17-sperm2.tif 4 4 0.7729186196251908 
ch00_p1-pl3-sample19-sperm8.tif 4 4 0.9507511685133677 
ch00_p1-pl3-sample20-sperm7.tif 4 1 0.9877738621408528 
ch00_p1-pl3-sample20-sperm8.tif 4 4 0.8904568550395553 
ch00_p1-pl3-sample21-sperm11.tif 4 1 0.8384985353543952 
ch00_p1-pl3-sample21-sperm3.tif 4 2 0.6251012900858927 
ch00_p1-pl3-sample21-sperm4.tif 4 4 0.8692791162024558 
ch00_p1-pl3-sample21-sperm6.tif 4 2 0.6450382508764271 
ch00_p1-pl3-sample23-sperm18.tif 4 4 0.9520446900935926 
ch00_p1-pl3-sample23-sperm19.tif 4 4 0.9865734024927283 
ch00_p1-pl3-sample23-sperm2.tif 4 4 0.9889159947484424 
ch00_p1-pl3-sample24-sperm11.tif 4 0 0.7583336463127266 
ch00_p1-pl3-sample24-sperm14.tif 4 4 0.9962893105143814 
ch00_p1-pl3-sample24-sperm24.tif 4 4 0.9619329429344556 
ch00_p1-pl3-sample25-sperm11.tif 4 4 0.9080000473572826 
ch00_p1-pl3-sample3-sperm5.tif 4 0 0.5656754577578142 
ch00_p1-pl3-sample3-sperm8.tif 4 3 0.973565189637746 
ch00_p1-pl3-sample4-sperm3.tif 4 3 0.9958551591553046 
ch00_p1-pl3-sample4-sperm8.tif 4 4 0.9843524915949544 
ch00_p1-pl3-sample4-sperm9.tif 4 2 0.9874476681990763 
ch00_p1-pl3-sample5-sperm13.tif 4 2 0.7088301230124552 
ch00_p1-pl3-sample5-sperm4.tif 4 4 0.9872083731234328 
ch00_p1-pl3-sample5-sperm9.tif 4 1 0.9340012357593325 
ch00_p1-pl3-sample6-sperm4.tif 4 3 0.9621167082428224 
ch00_p1-pl3-sample6-sperm5.tif 4 4 0.9806956123973537 
ch00_p1-pl3-sample8-sperm6.tif 4 4 0.87480848304836 
ch00_p1-pl3-sample9-sperm12.tif 4 4 0.8408613733884198 
ch00_p1-pl3-sample9-sperm14.tif 4 4 0.9083220830083859 
ch00_p3-pl1-sample1-sperm5.tif 4 1 0.9865376858780809 
ch00_p3-pl1-sample11-sperm7.tif 4 1 0.8717907980489251 
ch00_p3-pl1-sample12-sperm7.tif 4 4 0.9624751935691438 
ch00_p3-pl1-sample13-sperm1.tif 4 1 0.7421708820118024 
ch00_p3-pl1-sample16-sperm4.tif 4 4 0.9455609066902123 
ch00_p3-pl1-sample19-sperm3.tif 4 1 0.4935645477016461 
ch00_p3-pl1-sample19-sperm4.tif 4 4 0.9870638776106988 
ch00_p3-pl1-sample19-sperm9.tif 4 3 0.9774010285105568 
ch00_p3-pl1-sample20-sperm4.tif 4 1 0.980593754831177 
ch00_p3-pl1-sample21-sperm4.tif 4 0 0.932714307953917 
ch00_p3-pl1-sample23-sperm2.tif 4 4 0.9741659103346298 
ch00_p3-pl1-sample23-sperm7.tif 4 4 0.8121029769490277 
ch00_p3-pl1-sample25-sperm10.tif 4 1 0.9925644970463211 
ch00_p3-pl1-sample25-sperm2.tif 4 4 0.49244586036218446 
ch00_p3-pl1-sample26-sperm3.tif 4 1 0.9757946494801604 
ch00_p3-pl1-sample3-sperm2.tif 4 3 0.6276667905577629 
ch00_p3-pl1-sample3-sperm6.tif 4 4 0.9636565474482085 
ch00_p3-pl1-sample3-sperm9.tif 4 1 0.8138382820859824 
ch00_p3-pl1-sample32-sperm4.tif 4 1 0.8150801811626579 
ch00_p3-pl1-sample32-sperm7.tif 4 0 0.5259075020414714 
ch00_p3-pl1-sample4-sperm1.tif 4 1 0.9272684936078526 
ch00_p3-pl1-sample6-sperm3.tif 4 1 0.9895165271672697 
ch00_p3-pl1-sample7-sperm13.tif 4 0 0.9979235829751355 
ch00_p3-pl1-sample7-sperm6.tif 4 1 0.4717074106204942 
ch00_p3-pl1-sample7-sperm8.tif 4 4 0.9075132975384814 
ch00_p3-pl1-sample8-sperm3.tif 4 1 0.8556978408366887 
ch00_p4-pl1-sample1-sperm1.tif 4 0 0.9840053190080155 
ch00_p4-pl1-sample1-sperm8.tif 4 4 0.954285079393063 
ch00_p4-pl1-sample10-sperm12.tif 4 3 0.972417196554762 
ch00_p4-pl1-sample10-sperm16.tif 4 0 0.9724538427259005 
ch00_p4-pl1-sample10-sperm20.tif 4 2 0.9458762175983424 
ch00_p4-pl1-sample11-sperm8.tif 4 0 0.9607052437949067 
ch00_p4-pl1-sample12-sperm6.tif 4 4 0.7879685836789405 
ch00_p4-pl1-sample13-sperm3.tif 4 2 0.5752257903948131 
ch00_p4-pl1-sample13-sperm8.tif 4 4 0.9938619651976063 
ch00_p4-pl1-sample14-sperm13.tif 4 4 0.8085232528554883 
ch00_p4-pl1-sample14-sperm4.tif 4 0 0.8756281679248656 
ch00_p4-pl1-sample14-sperm5.tif 4 2 0.6385300898492645 
ch00_p4-pl1-sample16-sperm13.tif 4 4 0.959005043540928 
ch00_p4-pl1-sample16-sperm17.tif 4 4 0.9737660018610055 
ch00_p4-pl1-sample16-sperm7.tif 4 0 0.7240261944481396 
ch00_p4-pl1-sample18-sperm1.tif 4 4 0.9229080023858931 
ch00_p4-pl1-sample19-sperm6.tif 4 2 0.9963456107963465 
ch00_p4-pl1-sample2-sperm1.tif 4 4 0.7686545920597746 
ch00_p4-pl1-sample20-sperm10.tif 4 1 0.4968615534626239 
ch00_p4-pl1-sample3-sperm11.tif 4 1 0.6012750462246156 
ch00_p4-pl1-sample3-sperm6.tif 4 2 0.9786701954084432 
ch00_p4-pl1-sample3-sperm9.tif 4 2 0.6510234685999916 
ch00_p4-pl1-sample4-sperm10.tif 4 4 0.9754774236768526 
ch00_p4-pl1-sample4-sperm12.tif 4 1 0.7279067492615513 
ch00_p4-pl1-sample4-sperm14.tif 4 4 0.9396662083262206 
ch00_p4-pl1-sample4-sperm16.tif 4 4 0.7526710743936289 
ch00_p4-pl1-sample5-sperm1.tif 4 4 0.992123538216547 
ch00_p4-pl1-sample5-sperm7.tif 4 0 0.7263092456889325 
ch00_p4-pl1-sample6-sperm3.tif 4 3 0.5964905654707437 
ch00_p4-pl1-sample6-sperm7.tif 4 4 0.6603780060097343 
ch00_p4-pl1-sample6-sperm9.tif 4 2 0.9739740320600274 
ch00_p4-pl1-sample7-sperm13.tif 4 3 0.7293789740979949 
ch00_p4-pl1-sample7-sperm2.tif 4 4 0.9567052866506951 
ch00_p4-pl1-sample8-sperm1.tif 4 1 0.7604960991028559 
ch00_p4-pl1-sample8-sperm7.tif 4 2 0.7198605308267981 
ch00_p4-pl1-sample8-sperm9.tif 4 4 0.7533230810502968 
ch00_p4-pl1-sample9-sperm15.tif 4 1 0.9583466122398242 
ch00_p4-pl1-sample9-sperm2.tif 4 3 0.838409753384079 
ch00_p4-pl1-sample9-sperm4.tif 4 4 0.9915167785267051 
ch00_p4-pl1-sample9-sperm6.tif 4 2 0.8126625531692663 
ch00_p4-pl2-sample10-sperm1.tif 4 0 0.7590149770198319 
ch00_p4-pl2-sample11-sperm2.tif 4 1 0.579514976542471 
ch00_p4-pl2-sample12-sperm10.tif 4 0 0.6336944213492792 
ch00_p4-pl2-sample12-sperm9.tif 4 2 0.7549521154285498 
ch00_p4-pl2-sample13-sperm10.tif 4 4 0.9865982699933914 
ch00_p4-pl2-sample13-sperm2.tif 4 2 0.830279198312698 
ch00_p4-pl2-sample13-sperm7.tif 4 4 0.5292071158210447 
ch00_p4-pl2-sample14-sperm10.tif 4 0 0.9968024721786376 
ch00_p4-pl2-sample14-sperm8.tif 4 2 0.5320640315740524 
ch00_p4-pl2-sample15-sperm1.tif 4 2 0.9218421393591709 
ch00_p4-pl2-sample17-sperm3.tif 4 4 0.9931078917540686 
ch00_p4-pl2-sample18-sperm7.tif 4 4 0.9156098682577962 
ch00_p4-pl2-sample18-sperm8.tif 4 1 0.5406277470075018 
ch00_p4-pl2-sample18-sperm9.tif 4 4 0.7402061993123374 
ch00_p4-pl2-sample19-sperm1.tif 4 4 0.9766845474139448 
ch00_p4-pl2-sample19-sperm4.tif 4 4 0.7989838361570598 
ch00_p4-pl2-sample19-sperm7.tif 4 2 0.6725176040032328 
ch00_p4-pl2-sample2-sperm5.tif 4 4 0.9970553217878408 
ch00_p4-pl2-sample20-sperm2.tif 4 4 0.9888574708420065 
ch00_p4-pl2-sample20-sperm5.tif 4 4 0.8856780546773385 
ch00_p4-pl2-sample20-sperm8.tif 4 4 0.9863250878058939 
ch00_p4-pl2-sample5-sperm1.tif 4 0 0.5734482083903414 
ch00_p4-pl2-sample5-sperm5.tif 4 0 0.8324164554458726 
ch00_p4-pl2-sample6-sperm6.tif 4 2 0.965104936510996 
ch00_p4-pl2-sample7-sperm5.tif 4 4 0.5948457257264631 
ch00_p4-pl2-sample7-sperm6.tif 4 4 0.950346710628921 
ch00_p4-pl2-sample8-sperm9.tif 4 4 0.9787177969820767 
ch00_p5-pl1-sample1-sperm3.tif 4 4 0.9876081812310912 
ch00_p5-pl1-sample1-sperm5.tif 4 4 0.9641341974893669 
ch00_p5-pl1-sample1-sperm6.tif 4 0 0.35897754367879653 
ch00_p5-pl1-sample12-sperm13.tif 4 3 0.7910379063674536 
ch00_p5-pl1-sample12-sperm14.tif 4 4 0.9671245786211178 
ch00_p5-pl1-sample15-sperm4.tif 4 4 0.9685915429209743 
ch00_p5-pl1-sample15-sperm7.tif 4 1 0.8795151767380669 
ch00_p5-pl1-sample16-sperm3.tif 4 1 0.37395234867827254 
ch00_p5-pl1-sample17-sperm13.tif 4 1 0.5196620721168689 
ch00_p5-pl1-sample18-sperm6.tif 4 4 0.9110931404598561 
ch00_p5-pl1-sample2-sperm10.tif 4 4 0.7923744367616571 
ch00_p5-pl1-sample2-sperm13.tif 4 3 0.6081691814755682 
ch00_p5-pl1-sample2-sperm6.tif 4 4 0.98658522898224 
ch00_p5-pl1-sample20-sperm6.tif 4 4 0.6276646388550537 
ch00_p5-pl1-sample3-sperm15.tif 4 4 0.7694427539071041 
ch00_p5-pl1-sample3-sperm23.tif 4 2 0.9164617176732073 
ch00_p5-pl1-sample3-sperm5.tif 4 4 0.6999895292062739 
ch00_p5-pl1-sample3-sperm7.tif 4 1 0.9926820741611677 
ch00_p5-pl1-sample4-sperm5.tif 4 4 0.9999957820006308 
ch00_p5-pl1-sample5-sperm15.tif 4 4 0.9848083147989198 
ch00_p5-pl1-sample6-sperm9.tif 4 3 0.950139053096257 
ch00_p5-pl1-sample9-sperm1.tif 4 4 0.9846290386330121 
ch00_p5-pl1-sample9-sperm4.tif 4 3 0.7965320695538762 
ch00_p5-pl1-sample9-sperm5.tif 4 3 0.9405390614031094 
