ch00_p1-pl2-sample3-sperm12.tif 0 4 0.6854146046219146 
ch00_p1-pl2-sample34-sperm9.tif 0 4 0.611026158095844 
ch00_p1-pl2-sample35-sperm1.tif 0 4 0.6728260107462447 
ch00_p1-pl3-sample10-sperm2.tif 0 4 0.578319473443497 
ch00_p1-pl3-sample13-sperm3.tif 0 4 0.9959560033449542 
ch00_p1-pl3-sample15-sperm10.tif 0 0 0.7025054197750176 
ch00_p1-pl3-sample15-sperm22.tif 0 3 0.8149006732227191 
ch00_p1-pl3-sample16-sperm10.tif 0 0 0.7305621835452406 
ch00_p1-pl3-sample17-sperm3.tif 0 0 0.9293674193303708 
ch00_p1-pl3-sample2-sperm3.tif 0 4 0.9938831736411416 
ch00_p1-pl3-sample6-sperm11.tif 0 4 0.6489184390917415 
ch00_p3-pl1-sample16-sperm2.tif 0 4 0.9115795907525154 
ch00_p3-pl1-sample17-sperm7.tif 0 4 0.6270635675539882 
ch00_p3-pl1-sample19-sperm2.tif 0 0 0.7130904743558639 
ch00_p3-pl1-sample25-sperm13.tif 0 4 0.9728852160244533 
ch00_p3-pl1-sample30-sperm6.tif 0 4 0.807826144475639 
ch00_p3-pl1-sample4-sperm4.tif 0 4 0.9924783298535811 
ch00_p4-pl1-sample1-sperm13.tif 0 4 0.5194454373788651 
ch00_p4-pl1-sample1-sperm3.tif 0 0 0.6404194436196481 
ch00_p4-pl1-sample10-sperm9.tif 0 4 0.9999975920627588 
ch00_p4-pl1-sample13-sperm6.tif 0 0 0.8582625012296503 
ch00_p4-pl1-sample15-sperm7.tif 0 0 0.957740808009981 
ch00_p4-pl1-sample18-sperm4.tif 0 4 0.9913856022012862 
ch00_p4-pl1-sample20-sperm7.tif 0 0 0.5163098698471644 
ch00_p4-pl1-sample9-sperm3.tif 0 4 0.9935078216690062 
ch00_p4-pl1-sample9-sperm5.tif 0 4 0.9623949140382452 
ch00_p4-pl2-sample5-sperm6.tif 0 4 0.9936988226792624 
ch00_p5-pl1-sample2-sperm9.tif 0 4 0.990104493349832 
ch00_p5-pl1-sample5-sperm3.tif 0 4 0.8787940258158886 
ch00_p5-pl1-sample8-sperm7.tif 0 4 0.9867389871157959 
ch00_p1-pl2-sample11-sperm2.tif 1 1 0.9913812267459212 
ch00_p1-pl2-sample11-sperm4.tif 1 4 0.9087389577861251 
ch00_p1-pl2-sample12-sperm3.tif 1 1 0.6054919479046704 
ch00_p1-pl2-sample19-sperm10.tif 1 4 0.9141758932903736 
ch00_p1-pl2-sample19-sperm11.tif 1 1 0.9999953041926267 
ch00_p1-pl2-sample19-sperm14.tif 1 1 0.9963309791811235 
ch00_p1-pl2-sample2-sperm12.tif 1 1 0.9946521091865344 
ch00_p1-pl2-sample20-sperm7.tif 1 4 0.9299079906334906 
ch00_p1-pl2-sample21-sperm9.tif 1 1 0.9996697648583754 
ch00_p1-pl2-sample22-sperm6.tif 1 2 0.6936013139166799 
ch00_p1-pl2-sample25-sperm8.tif 1 1 0.8932450111561142 
ch00_p1-pl2-sample26-sperm5.tif 1 1 0.9971567789365481 
ch00_p1-pl2-sample29-sperm6.tif 1 4 0.6302916089559003 
ch00_p1-pl2-sample3-sperm17.tif 1 4 0.661633497409023 
ch00_p1-pl2-sample3-sperm3.tif 1 1 0.9944433464140423 
ch00_p1-pl2-sample30-sperm7.tif 1 1 0.6585742239507442 
ch00_p1-pl2-sample35-sperm7.tif 1 1 0.9778366967320431 
ch00_p1-pl2-sample4-sperm8.tif 1 1 0.9997070898126446 
ch00_p1-pl2-sample5-sperm5.tif 1 4 0.6878859414131608 
ch00_p1-pl2-sample6-sperm10.tif 1 1 0.9999968516968518 
ch00_p1-pl2-sample7-sperm11.tif 1 1 0.9999891487751927 
ch00_p1-pl2-sample7-sperm3.tif 1 2 0.4528075131593804 
ch00_p1-pl2-sample8-sperm1.tif 1 4 0.9999999963667799 
ch00_p1-pl2-sample9-sperm11.tif 1 1 0.9992923088398653 
ch00_p1-pl2-sample9-sperm12.tif 1 1 0.3926945362127057 
ch00_p1-pl2-sample9-sperm15.tif 1 4 0.9886138652392437 
ch00_p1-pl2-sample9-sperm2.tif 1 4 0.8944407199188901 
ch00_p1-pl2-sample9-sperm8.tif 1 4 0.607678458087715 
ch00_p1-pl3-sample1-sperm5.tif 1 1 0.886093222595226 
ch00_p1-pl3-sample10-sperm4.tif 1 4 0.761174104260662 
ch00_p1-pl3-sample11-sperm9.tif 1 1 0.9953990677451233 
ch00_p1-pl3-sample12-sperm19.tif 1 1 0.5713297107768888 
ch00_p1-pl3-sample15-sperm6.tif 1 4 0.7544744524005851 
ch00_p1-pl3-sample17-sperm8.tif 1 0 0.8266588590289805 
ch00_p1-pl3-sample18-sperm3.tif 1 1 0.8791241684866982 
ch00_p1-pl3-sample19-sperm4.tif 1 4 0.986866117598713 
ch00_p1-pl3-sample5-sperm2.tif 1 4 0.996498564501228 
ch00_p1-pl3-sample7-sperm12.tif 1 1 0.9996690972623798 
ch00_p3-pl1-sample10-sperm2.tif 1 1 0.7176905031696604 
ch00_p3-pl1-sample12-sperm4.tif 1 1 0.9999988745525288 
ch00_p3-pl1-sample17-sperm4.tif 1 1 0.4720834951432089 
ch00_p3-pl1-sample18-sperm1.tif 1 4 0.9999967723621046 
ch00_p3-pl1-sample21-sperm7.tif 1 1 0.9949733902314107 
ch00_p3-pl1-sample23-sperm11.tif 1 1 0.4692188562917272 
ch00_p3-pl1-sample23-sperm4.tif 1 1 0.9986518781943421 
ch00_p3-pl1-sample27-sperm2.tif 1 1 0.9995491348954304 
ch00_p3-pl1-sample29-sperm6.tif 1 1 0.999999644822017 
ch00_p3-pl1-sample30-sperm2.tif 1 1 0.9936519036915374 
ch00_p3-pl1-sample31-sperm6.tif 1 2 0.9949407168283948 
ch00_p3-pl1-sample6-sperm5.tif 1 1 0.5399692047473089 
ch00_p3-pl1-sample7-sperm14.tif 1 4 0.8332264932419312 
ch00_p4-pl1-sample1-sperm11.tif 1 4 0.9928791256154667 
ch00_p4-pl1-sample1-sperm4.tif 1 4 0.830502343506863 
ch00_p4-pl1-sample19-sperm3.tif 1 4 0.9999979980093574 
ch00_p4-pl1-sample2-sperm7.tif 1 0 0.9084119459883743 
ch00_p4-pl1-sample3-sperm8.tif 1 1 0.7254547469297322 
ch00_p4-pl1-sample9-sperm16.tif 1 4 0.9964767719134748 
ch00_p4-pl2-sample10-sperm2.tif 1 4 0.9776930053004003 
ch00_p4-pl2-sample11-sperm1.tif 1 1 0.505641015132284 
ch00_p5-pl1-sample11-sperm2.tif 1 1 0.9903310763891114 
ch00_p5-pl1-sample14-sperm5.tif 1 1 0.5326501750673683 
ch00_p5-pl1-sample18-sperm11.tif 1 4 0.916100818552938 
ch00_p5-pl1-sample2-sperm2.tif 1 1 0.9380827662353942 
ch00_p5-pl1-sample20-sperm11.tif 1 4 0.8815830385915178 
ch00_p5-pl1-sample4-sperm9.tif 1 4 0.8717265257808648 
ch00_p5-pl1-sample6-sperm13.tif 1 1 0.9999515038630019 
ch00_p5-pl1-sample7-sperm10.tif 1 1 0.7985088119911858 
ch00_p5-pl1-sample8-sperm2.tif 1 4 0.6620877371593059 
ch00_p1-pl2-sample10-sperm7.tif 2 4 0.9580016513334532 
ch00_p1-pl2-sample17-sperm10.tif 2 2 0.9593885436088513 
ch00_p1-pl2-sample17-sperm12.tif 2 4 0.8027420732589615 
ch00_p1-pl2-sample24-sperm4.tif 2 4 0.9999966429333144 
ch00_p1-pl2-sample31-sperm2.tif 2 4 0.9418928329704671 
ch00_p1-pl2-sample35-sperm14.tif 2 1 0.9923075819506209 
ch00_p1-pl2-sample9-sperm17.tif 2 4 0.9704018656760687 
ch00_p1-pl3-sample1-sperm15.tif 2 4 0.9517353259362924 
ch00_p1-pl3-sample10-sperm5.tif 2 4 0.9659755486661806 
ch00_p1-pl3-sample11-sperm6.tif 2 2 0.8663058775492082 
ch00_p1-pl3-sample17-sperm9.tif 2 2 0.9380653933945626 
ch00_p1-pl3-sample5-sperm12.tif 2 4 0.904175893277183 
ch00_p1-pl3-sample7-sperm5.tif 2 4 0.6364901594961828 
ch00_p1-pl3-sample9-sperm4.tif 2 2 0.6731110675200421 
ch00_p4-pl1-sample10-sperm10.tif 2 4 0.996591059754796 
ch00_p4-pl1-sample12-sperm15.tif 2 4 0.9955870018688441 
ch00_p4-pl1-sample13-sperm4.tif 2 4 0.7779195331507528 
ch00_p4-pl1-sample19-sperm7.tif 2 4 0.9915022996367272 
ch00_p4-pl1-sample3-sperm10.tif 2 2 0.6513882974290532 
ch00_p4-pl2-sample11-sperm5.tif 2 4 0.9978967672430471 
ch00_p4-pl2-sample17-sperm6.tif 2 4 0.9999999296909878 
ch00_p4-pl2-sample3-sperm10.tif 2 4 0.99793727664793 
ch00_p1-pl2-sample13-sperm13.tif 3 3 0.9449867893859342 
ch00_p1-pl2-sample15-sperm6.tif 3 3 0.8717416757928471 
ch00_p1-pl2-sample18-sperm4.tif 3 0 0.8417518295216961 
ch00_p1-pl2-sample22-sperm10.tif 3 4 0.9999999982226244 
ch00_p1-pl2-sample28-sperm2.tif 3 3 0.9287387784492226 
ch00_p1-pl2-sample7-sperm4.tif 3 4 0.9951531201279337 
ch00_p1-pl3-sample12-sperm9.tif 3 3 0.44556724612714427 
ch00_p1-pl3-sample15-sperm11.tif 3 3 0.8960062845038185 
ch00_p1-pl3-sample16-sperm11.tif 3 4 0.9749672260254056 
ch00_p1-pl3-sample16-sperm16.tif 3 3 0.5105096387933776 
ch00_p1-pl3-sample23-sperm13.tif 3 4 0.999999999968432 
ch00_p1-pl3-sample24-sperm1.tif 3 3 0.580220460353417 
ch00_p1-pl3-sample25-sperm14.tif 3 3 0.9998824051408132 
ch00_p1-pl3-sample5-sperm10.tif 3 4 0.6713640459978435 
ch00_p1-pl3-sample9-sperm6.tif 3 4 0.9999999890015727 
ch00_p3-pl1-sample31-sperm3.tif 3 4 0.9935458226280249 
ch00_p3-pl1-sample32-sperm1.tif 3 4 0.9743372674903595 
ch00_p4-pl1-sample4-sperm13.tif 3 0 0.9707515181788718 
ch00_p4-pl1-sample9-sperm14.tif 3 4 0.8154225334975073 
ch00_p4-pl2-sample8-sperm3.tif 3 4 0.994101979633307 
ch00_p5-pl1-sample18-sperm1.tif 3 4 0.9999999976027674 
ch00_p1-pl2-sample1-sperm12.tif 4 4 0.9973140128666934 
ch00_p1-pl2-sample1-sperm4.tif 4 1 0.9977763611500124 
ch00_p1-pl2-sample10-sperm12.tif 4 4 0.9999979239942636 
ch00_p1-pl2-sample10-sperm8.tif 4 4 0.9655682485985394 
ch00_p1-pl2-sample12-sperm1.tif 4 4 0.9954223474577305 
ch00_p1-pl2-sample12-sperm2.tif 4 4 0.9097755757792293 
ch00_p1-pl2-sample12-sperm5.tif 4 4 0.9999983676990228 
ch00_p1-pl2-sample12-sperm7.tif 4 1 0.988890286714989 
ch00_p1-pl2-sample13-sperm1.tif 4 4 0.9999936659660875 
ch00_p1-pl2-sample13-sperm5.tif 4 4 0.9051611326549588 
ch00_p1-pl2-sample14-sperm1.tif 4 4 0.9999950371961972 
ch00_p1-pl2-sample14-sperm11.tif 4 4 0.9999998865561213 
ch00_p1-pl2-sample14-sperm14.tif 4 4 0.973588344670323 
ch00_p1-pl2-sample14-sperm2.tif 4 4 0.9999991839293898 
ch00_p1-pl2-sample15-sperm5.tif 4 4 0.9999999999452194 
ch00_p1-pl2-sample16-sperm5.tif 4 2 0.3985647828747328 
ch00_p1-pl2-sample17-sperm2.tif 4 1 0.9979246311911972 
ch00_p1-pl2-sample18-sperm2.tif 4 4 0.9443124965552957 
ch00_p1-pl2-sample2-sperm11.tif 4 4 0.9999989757319767 
ch00_p1-pl2-sample20-sperm10.tif 4 4 0.8417463339975542 
ch00_p1-pl2-sample25-sperm3.tif 4 4 0.779715603965978 
ch00_p1-pl2-sample26-sperm1.tif 4 3 0.5726414942854992 
ch00_p1-pl2-sample26-sperm12.tif 4 4 0.8048402874649374 
ch00_p1-pl2-sample27-sperm5.tif 4 4 0.9898262634846164 
ch00_p1-pl2-sample28-sperm1.tif 4 4 0.7583553716899223 
ch00_p1-pl2-sample28-sperm10.tif 4 4 0.9965470627316019 
ch00_p1-pl2-sample29-sperm1.tif 4 4 0.9999999974823679 
ch00_p1-pl2-sample3-sperm8.tif 4 0 0.6237488383725679 
ch00_p1-pl2-sample30-sperm1.tif 4 4 0.5417595503505569 
ch00_p1-pl2-sample30-sperm6.tif 4 4 0.9790019943292794 
ch00_p1-pl2-sample31-sperm3.tif 4 1 0.8719054511267114 
ch00_p1-pl2-sample31-sperm6.tif 4 1 0.9483521715310284 
ch00_p1-pl2-sample32-sperm1.tif 4 4 0.6931785760579846 
ch00_p1-pl2-sample32-sperm9.tif 4 4 0.8008690365776899 
ch00_p1-pl2-sample33-sperm2.tif 4 4 0.9980552014096293 
ch00_p1-pl2-sample34-sperm8.tif 4 4 0.9151433798583942 
ch00_p1-pl2-sample35-sperm10.tif 4 1 0.9647576296637078 
ch00_p1-pl2-sample4-sperm16.tif 4 4 0.7625718048530337 
ch00_p1-pl2-sample7-sperm13.tif 4 1 0.675857671242746 
ch00_p1-pl2-sample9-sperm18.tif 4 4 0.9723867972244662 
ch00_p1-pl3-sample10-sperm7.tif 4 4 0.9999993311792369 
ch00_p1-pl3-sample12-sperm6.tif 4 4 0.811813886981117 
ch00_p1-pl3-sample12-sperm8.tif 4 4 0.9430394480246834 
ch00_p1-pl3-sample14-sperm1.tif 4 4 0.8124057769135449 
ch00_p1-pl3-sample14-sperm16.tif 4 0 0.884915840175889 
ch00_p1-pl3-sample14-sperm6.tif 4 4 0.9999999993434006 
ch00_p1-pl3-sample14-sperm7.tif 4 4 0.9085867919713267 
ch00_p1-pl3-sample15-sperm12.tif 4 4 0.9555130773685535 
ch00_p1-pl3-sample15-sperm20.tif 4 4 0.7350208259310497 
ch00_p1-pl3-sample15-sperm5.tif 4 4 0.9961948149769284 
ch00_p1-pl3-sample15-sperm9.tif 4 1 0.9445716632414783 
ch00_p1-pl3-sample17-sperm2.tif 4 1 0.7344738006965265 
ch00_p1-pl3-sample19-sperm8.tif 4 4 0.8837592190006686 
ch00_p1-pl3-sample20-sperm7.tif 4 4 0.9783151153481995 
ch00_p1-pl3-sample20-sperm8.tif 4 4 0.9967394518730329 
ch00_p1-pl3-sample21-sperm11.tif 4 4 0.9438516785156945 
ch00_p1-pl3-sample21-sperm3.tif 4 4 0.9367276370304899 
ch00_p1-pl3-sample21-sperm4.tif 4 4 0.907250937420098 
ch00_p1-pl3-sample21-sperm6.tif 4 4 0.9963794513343643 
ch00_p1-pl3-sample23-sperm18.tif 4 4 0.9999998544281729 
ch00_p1-pl3-sample23-sperm19.tif 4 4 0.8841419031059278 
ch00_p1-pl3-sample23-sperm2.tif 4 4 0.993350722514868 
ch00_p1-pl3-sample24-sperm11.tif 4 4 0.8717527464405924 
ch00_p1-pl3-sample24-sperm14.tif 4 4 0.9808299164445476 
ch00_p1-pl3-sample24-sperm24.tif 4 4 0.9707204385520917 
ch00_p1-pl3-sample25-sperm11.tif 4 4 0.6611272905796166 
ch00_p1-pl3-sample3-sperm5.tif 4 4 0.9999996882616354 
ch00_p1-pl3-sample3-sperm8.tif 4 4 0.45399716737886053 
ch00_p1-pl3-sample4-sperm3.tif 4 3 0.78070931787124 
ch00_p1-pl3-sample4-sperm8.tif 4 1 0.5173297066081443 
ch00_p1-pl3-sample4-sperm9.tif 4 2 0.9794786708899245 
ch00_p1-pl3-sample5-sperm13.tif 4 4 0.8909282708502926 
ch00_p1-pl3-sample5-sperm4.tif 4 4 0.9971867170338083 
ch00_p1-pl3-sample5-sperm9.tif 4 4 0.9719317365933458 
ch00_p1-pl3-sample6-sperm4.tif 4 4 0.9985199335238948 
ch00_p1-pl3-sample6-sperm5.tif 4 4 0.9928978126221638 
ch00_p1-pl3-sample8-sperm6.tif 4 4 0.9966305829769866 
ch00_p1-pl3-sample9-sperm12.tif 4 4 0.9999999984522296 
ch00_p1-pl3-sample9-sperm14.tif 4 4 0.9779562970666837 
ch00_p3-pl1-sample1-sperm5.tif 4 4 0.9802206064053413 
ch00_p3-pl1-sample11-sperm7.tif 4 4 0.9124348000328714 
ch00_p3-pl1-sample12-sperm7.tif 4 4 0.8700566691842482 
ch00_p3-pl1-sample13-sperm1.tif 4 1 0.9771778211155216 
ch00_p3-pl1-sample16-sperm4.tif 4 4 0.9981126405324965 
ch00_p3-pl1-sample19-sperm3.tif 4 4 0.9732604372476651 
ch00_p3-pl1-sample19-sperm4.tif 4 4 0.9999999999997066 
ch00_p3-pl1-sample19-sperm9.tif 4 4 0.6232176892841333 
ch00_p3-pl1-sample20-sperm4.tif 4 1 0.997324951984764 
ch00_p3-pl1-sample21-sperm4.tif 4 0 0.7189867868612511 
ch00_p3-pl1-sample23-sperm2.tif 4 4 0.9999995382546211 
ch00_p3-pl1-sample23-sperm7.tif 4 4 0.9999999999998905 
ch00_p3-pl1-sample25-sperm10.tif 4 1 0.840597336858205 
ch00_p3-pl1-sample25-sperm2.tif 4 4 0.9975758745221505 
ch00_p3-pl1-sample26-sperm3.tif 4 4 0.9999982181124937 
ch00_p3-pl1-sample3-sperm2.tif 4 3 0.8069053690953436 
ch00_p3-pl1-sample3-sperm6.tif 4 4 0.9999999999991237 
ch00_p3-pl1-sample3-sperm9.tif 4 1 0.6144548397854331 
ch00_p3-pl1-sample32-sperm4.tif 4 4 0.9694371682425802 
ch00_p3-pl1-sample32-sperm7.tif 4 1 0.7185394870126062 
ch00_p3-pl1-sample4-sperm1.tif 4 1 0.6891783408269427 
ch00_p3-pl1-sample6-sperm3.tif 4 4 0.97642347524536 
ch00_p3-pl1-sample7-sperm13.tif 4 4 0.9853507791299999 
ch00_p3-pl1-sample7-sperm6.tif 4 4 0.8717204046530432 
ch00_p3-pl1-sample7-sperm8.tif 4 4 0.9999998604377581 
ch00_p3-pl1-sample8-sperm3.tif 4 4 0.9686274248923686 
ch00_p4-pl1-sample1-sperm1.tif 4 0 0.9870279821201253 
ch00_p4-pl1-sample1-sperm8.tif 4 4 0.9568498768743277 
ch00_p4-pl1-sample10-sperm12.tif 4 0 0.7209262800820126 
ch00_p4-pl1-sample10-sperm16.tif 4 4 0.7906621050662826 
ch00_p4-pl1-sample10-sperm20.tif 4 2 0.9374787563302716 
ch00_p4-pl1-sample11-sperm8.tif 4 0 0.9984092411776359 
ch00_p4-pl1-sample12-sperm6.tif 4 4 0.9999999029611301 
ch00_p4-pl1-sample13-sperm3.tif 4 4 0.9999914812479476 
ch00_p4-pl1-sample13-sperm8.tif 4 4 0.9863503278409755 
ch00_p4-pl1-sample14-sperm13.tif 4 4 0.9107028518054923 
ch00_p4-pl1-sample14-sperm4.tif 4 4 0.7368934547130368 
ch00_p4-pl1-sample14-sperm5.tif 4 4 0.9470803627308125 
ch00_p4-pl1-sample16-sperm13.tif 4 4 0.9670166992903662 
ch00_p4-pl1-sample16-sperm17.tif 4 4 0.999999429022872 
ch00_p4-pl1-sample16-sperm7.tif 4 4 0.6471814192262464 
ch00_p4-pl1-sample18-sperm1.tif 4 4 0.9999955034642782 
ch00_p4-pl1-sample19-sperm6.tif 4 4 0.9488484921747091 
ch00_p4-pl1-sample2-sperm1.tif 4 4 0.5387108697807629 
ch00_p4-pl1-sample20-sperm10.tif 4 4 0.5669514722976261 
ch00_p4-pl1-sample3-sperm11.tif 4 1 0.6453153652059309 
ch00_p4-pl1-sample3-sperm6.tif 4 4 0.743280278811769 
ch00_p4-pl1-sample3-sperm9.tif 4 4 0.9866192784436422 
ch00_p4-pl1-sample4-sperm10.tif 4 4 0.9949593802027115 
ch00_p4-pl1-sample4-sperm12.tif 4 4 0.9837892725423671 
ch00_p4-pl1-sample4-sperm14.tif 4 4 0.9658860672093179 
ch00_p4-pl1-sample4-sperm16.tif 4 4 0.9968915944456626 
ch00_p4-pl1-sample5-sperm1.tif 4 4 0.5109727114019882 
ch00_p4-pl1-sample5-sperm7.tif 4 4 0.9589716704820659 
ch00_p4-pl1-sample6-sperm3.tif 4 3 0.5492841958104577 
ch00_p4-pl1-sample6-sperm7.tif 4 4 0.9592821570479745 
ch00_p4-pl1-sample6-sperm9.tif 4 4 0.9833304011818097 
ch00_p4-pl1-sample7-sperm13.tif 4 4 0.9999999999944061 
ch00_p4-pl1-sample7-sperm2.tif 4 4 0.9649259181846468 
ch00_p4-pl1-sample8-sperm1.tif 4 4 0.9824080386400382 
ch00_p4-pl1-sample8-sperm7.tif 4 4 0.9362141235559686 
ch00_p4-pl1-sample8-sperm9.tif 4 4 0.9999984435044836 
ch00_p4-pl1-sample9-sperm15.tif 4 4 0.7596666400396891 
ch00_p4-pl1-sample9-sperm2.tif 4 4 0.999999948925364 
ch00_p4-pl1-sample9-sperm4.tif 4 4 0.9717834046309062 
ch00_p4-pl1-sample9-sperm6.tif 4 4 0.8727376605683503 
ch00_p4-pl2-sample10-sperm1.tif 4 4 0.845585001839141 
ch00_p4-pl2-sample11-sperm2.tif 4 4 0.9758054284370892 
ch00_p4-pl2-sample12-sperm10.tif 4 4 0.7984036937617144 
ch00_p4-pl2-sample12-sperm9.tif 4 0 0.8476060357261794 
ch00_p4-pl2-sample13-sperm10.tif 4 4 0.6897125319899011 
ch00_p4-pl2-sample13-sperm2.tif 4 4 0.9798647340670859 
ch00_p4-pl2-sample13-sperm7.tif 4 4 0.8758713920294748 
ch00_p4-pl2-sample14-sperm10.tif 4 0 0.7452503106074801 
ch00_p4-pl2-sample14-sperm8.tif 4 1 0.7153499124639395 
ch00_p4-pl2-sample15-sperm1.tif 4 4 0.7201208665785545 
ch00_p4-pl2-sample17-sperm3.tif 4 4 0.9999989911651458 
ch00_p4-pl2-sample18-sperm7.tif 4 4 0.9999968626590511 
ch00_p4-pl2-sample18-sperm8.tif 4 4 0.9999988037575158 
ch00_p4-pl2-sample18-sperm9.tif 4 4 0.6439982489110437 
ch00_p4-pl2-sample19-sperm1.tif 4 4 0.9999999906896538 
ch00_p4-pl2-sample19-sperm4.tif 4 4 0.8461389119379056 
ch00_p4-pl2-sample19-sperm7.tif 4 4 0.9970598887585826 
ch00_p4-pl2-sample2-sperm5.tif 4 4 0.9999999739440734 
ch00_p4-pl2-sample20-sperm2.tif 4 4 0.9999989337152908 
ch00_p4-pl2-sample20-sperm5.tif 4 4 0.9851182042290604 
ch00_p4-pl2-sample20-sperm8.tif 4 4 0.9813712982840782 
ch00_p4-pl2-sample5-sperm1.tif 4 4 0.9999995185832111 
ch00_p4-pl2-sample5-sperm5.tif 4 4 0.9999953485987213 
ch00_p4-pl2-sample6-sperm6.tif 4 2 0.5665681552783274 
ch00_p4-pl2-sample7-sperm5.tif 4 4 0.9069519863872467 
ch00_p4-pl2-sample7-sperm6.tif 4 4 0.9999979747961197 
ch00_p4-pl2-sample8-sperm9.tif 4 4 0.9999999999998858 
ch00_p5-pl1-sample1-sperm3.tif 4 4 0.8371680371065103 
ch00_p5-pl1-sample1-sperm5.tif 4 4 0.9999969918061172 
ch00_p5-pl1-sample1-sperm6.tif 4 4 0.5571416627689588 
ch00_p5-pl1-sample12-sperm13.tif 4 4 0.9999999017728607 
ch00_p5-pl1-sample12-sperm14.tif 4 4 0.9999903974942183 
ch00_p5-pl1-sample15-sperm4.tif 4 4 0.9999999906762685 
ch00_p5-pl1-sample15-sperm7.tif 4 1 0.9996221562318122 
ch00_p5-pl1-sample16-sperm3.tif 4 4 0.9274061884175204 
ch00_p5-pl1-sample17-sperm13.tif 4 4 0.960435999012341 
ch00_p5-pl1-sample18-sperm6.tif 4 4 0.9999957200147133 
ch00_p5-pl1-sample2-sperm10.tif 4 4 0.9766152776489097 
ch00_p5-pl1-sample2-sperm13.tif 4 4 0.7885530778021328 
ch00_p5-pl1-sample2-sperm6.tif 4 4 0.9999999999634999 
ch00_p5-pl1-sample20-sperm6.tif 4 4 0.9497106021091264 
ch00_p5-pl1-sample3-sperm15.tif 4 4 0.9753057362797009 
ch00_p5-pl1-sample3-sperm23.tif 4 4 0.9999999552958643 
ch00_p5-pl1-sample3-sperm5.tif 4 4 0.9791799444288857 
ch00_p5-pl1-sample3-sperm7.tif 4 1 0.9890977853493244 
ch00_p5-pl1-sample4-sperm5.tif 4 4 0.9999998340288208 
ch00_p5-pl1-sample5-sperm15.tif 4 4 0.7094726500065894 
ch00_p5-pl1-sample6-sperm9.tif 4 4 0.901289112867869 
ch00_p5-pl1-sample9-sperm1.tif 4 4 0.8322505221574693 
ch00_p5-pl1-sample9-sperm4.tif 4 4 0.9706699711985824 
ch00_p5-pl1-sample9-sperm5.tif 4 4 0.8929594489920015 
