ch00_p1-pl2-sample1-sperm10.tif 0 0 0.9465766366954393 
ch00_p1-pl2-sample1-sperm5.tif 0 0 0.801515968858732 
ch00_p1-pl2-sample13-sperm11.tif 0 0 0.47085247128187147 
ch00_p1-pl2-sample19-sperm7.tif 0 0 0.9547268953102231 
ch00_p1-pl2-sample3-sperm12.tif 0 0 0.6254088285815286 
ch00_p1-pl2-sample3-sperm4.tif 0 1 0.4397116785027905 
ch00_p1-pl2-sample34-sperm9.tif 0 0 0.47475076357811313 
ch00_p1-pl2-sample35-sperm1.tif 0 0 0.7270677371723784 
ch00_p1-pl2-sample4-sperm15.tif 0 2 0.4556269806666297 
ch00_p1-pl3-sample1-sperm17.tif 0 0 0.8476147986700502 
ch00_p1-pl3-sample1-sperm2.tif 0 0 0.5081505407916321 
ch00_p1-pl3-sample1-sperm3.tif 0 0 0.8472435608735521 
ch00_p1-pl3-sample13-sperm14.tif 0 4 0.5060715523237569 
ch00_p1-pl3-sample14-sperm3.tif 0 0 0.5367381709783636 
ch00_p1-pl3-sample15-sperm10.tif 0 4 0.7150186663669311 
ch00_p1-pl3-sample15-sperm22.tif 0 0 0.9535503924607087 
ch00_p3-pl1-sample14-sperm5.tif 0 3 0.46807782956446686 
ch00_p3-pl1-sample17-sperm7.tif 0 0 0.888430279604511 
ch00_p3-pl1-sample19-sperm2.tif 0 0 0.8111051860123156 
ch00_p3-pl1-sample25-sperm12.tif 0 0 0.9786339660914679 
ch00_p4-pl1-sample10-sperm7.tif 0 0 0.827692065306185 
ch00_p4-pl1-sample15-sperm4.tif 0 0 0.6866150192847378 
ch00_p4-pl1-sample17-sperm2.tif 0 0 0.7825406793007234 
ch00_p4-pl1-sample18-sperm8.tif 0 2 0.868550795156319 
ch00_p4-pl1-sample19-sperm12.tif 0 4 0.7229497247130765 
ch00_p4-pl2-sample17-sperm5.tif 0 0 0.5807560696271226 
ch00_p4-pl2-sample5-sperm6.tif 0 0 0.897051474333343 
ch00_p5-pl1-sample2-sperm9.tif 0 3 0.7980420822366663 
ch00_p5-pl1-sample5-sperm3.tif 0 4 0.5475457941539839 
ch00_p5-pl1-sample8-sperm7.tif 0 3 0.9401130737391831 
ch00_p1-pl2-sample11-sperm10.tif 1 1 0.5763847407229088 
ch00_p1-pl2-sample12-sperm3.tif 1 1 0.7398018599856852 
ch00_p1-pl2-sample12-sperm4.tif 1 2 0.7694099537948569 
ch00_p1-pl2-sample13-sperm7.tif 1 4 0.6884077225330196 
ch00_p1-pl2-sample14-sperm13.tif 1 1 0.7995396711780097 
ch00_p1-pl2-sample19-sperm11.tif 1 1 0.9373219800958641 
ch00_p1-pl2-sample19-sperm4.tif 1 1 0.9361404171620854 
ch00_p1-pl2-sample19-sperm9.tif 1 1 0.7291436228945324 
ch00_p1-pl2-sample20-sperm7.tif 1 4 0.5527842399641616 
ch00_p1-pl2-sample21-sperm8.tif 1 4 0.4938898339814397 
ch00_p1-pl2-sample22-sperm3.tif 1 1 0.516254985772537 
ch00_p1-pl2-sample25-sperm8.tif 1 1 0.5035949665510671 
ch00_p1-pl2-sample26-sperm5.tif 1 4 0.4975871919911259 
ch00_p1-pl2-sample27-sperm2.tif 1 1 0.9060375655466943 
ch00_p1-pl2-sample29-sperm8.tif 1 1 0.9032218701704209 
ch00_p1-pl2-sample33-sperm12.tif 1 1 0.9608938185566758 
ch00_p1-pl2-sample35-sperm2.tif 1 4 0.8384738381449867 
ch00_p1-pl2-sample4-sperm11.tif 1 2 0.620113050144566 
ch00_p1-pl2-sample4-sperm3.tif 1 1 0.7956245183892853 
ch00_p1-pl2-sample6-sperm7.tif 1 1 0.9336275862653449 
ch00_p1-pl2-sample8-sperm1.tif 1 4 0.7213387809419923 
ch00_p1-pl2-sample8-sperm2.tif 1 4 0.6018310617915281 
ch00_p1-pl2-sample9-sperm14.tif 1 1 0.9291394925444947 
ch00_p1-pl2-sample9-sperm15.tif 1 4 0.4580998297034337 
ch00_p1-pl2-sample9-sperm2.tif 1 1 0.9702820417300593 
ch00_p1-pl3-sample10-sperm4.tif 1 4 0.8110975921932984 
ch00_p1-pl3-sample10-sperm6.tif 1 1 0.78902323815433 
ch00_p1-pl3-sample11-sperm9.tif 1 1 0.8792518281999847 
ch00_p1-pl3-sample12-sperm19.tif 1 1 0.8221623995566256 
ch00_p1-pl3-sample12-sperm5.tif 1 4 0.7024961125395423 
ch00_p1-pl3-sample13-sperm4.tif 1 4 0.7689739751479084 
ch00_p1-pl3-sample14-sperm10.tif 1 2 0.7362414156448283 
ch00_p1-pl3-sample14-sperm8.tif 1 1 0.4419982892862641 
ch00_p1-pl3-sample15-sperm6.tif 1 0 0.6754456536679232 
ch00_p1-pl3-sample16-sperm14.tif 1 1 0.9146449056459569 
ch00_p1-pl3-sample18-sperm4.tif 1 1 0.8782780064430187 
ch00_p1-pl3-sample19-sperm4.tif 1 1 0.7133564593839354 
ch00_p1-pl3-sample19-sperm7.tif 1 1 0.6463798497418359 
ch00_p1-pl3-sample7-sperm10.tif 1 1 0.5592170682054769 
ch00_p1-pl3-sample7-sperm12.tif 1 1 0.6453692447388656 
ch00_p1-pl3-sample7-sperm6.tif 1 1 0.7904348096046889 
ch00_p1-pl3-sample9-sperm7.tif 1 1 0.8614544398579392 
ch00_p3-pl1-sample10-sperm6.tif 1 1 0.84662918122692 
ch00_p3-pl1-sample11-sperm2.tif 1 1 0.5768616599052272 
ch00_p3-pl1-sample12-sperm5.tif 1 1 0.9180673234927186 
ch00_p3-pl1-sample14-sperm2.tif 1 1 0.5997597443220325 
ch00_p3-pl1-sample15-sperm9.tif 1 1 0.65427986782124 
ch00_p3-pl1-sample17-sperm4.tif 1 1 0.8136099905796851 
ch00_p3-pl1-sample19-sperm5.tif 1 1 0.9364139097661741 
ch00_p3-pl1-sample19-sperm6.tif 1 4 0.561729841897133 
ch00_p3-pl1-sample22-sperm1.tif 1 1 0.49175400948123726 
ch00_p3-pl1-sample22-sperm2.tif 1 1 0.5511406923280642 
ch00_p3-pl1-sample26-sperm6.tif 1 1 0.9021854687773316 
ch00_p3-pl1-sample28-sperm7.tif 1 4 0.7586145326978416 
ch00_p3-pl1-sample3-sperm10.tif 1 1 0.8750521957094254 
ch00_p3-pl1-sample32-sperm5.tif 1 1 0.9517432155664853 
ch00_p3-pl1-sample4-sperm2.tif 1 1 0.8005618814548259 
ch00_p3-pl1-sample6-sperm5.tif 1 4 0.5847985714690644 
ch00_p3-pl1-sample7-sperm14.tif 1 1 0.8416508684871753 
ch00_p4-pl1-sample1-sperm4.tif 1 1 0.6837249836339198 
ch00_p4-pl1-sample20-sperm13.tif 1 1 0.8304686626914796 
ch00_p4-pl2-sample10-sperm2.tif 1 1 0.7769328721864741 
ch00_p4-pl2-sample4-sperm3.tif 1 4 0.7057021702745621 
ch00_p5-pl1-sample17-sperm15.tif 1 1 0.9451908151049263 
ch00_p5-pl1-sample5-sperm16.tif 1 1 0.6479856701570441 
ch00_p5-pl1-sample5-sperm20.tif 1 1 0.8454135087485946 
ch00_p5-pl1-sample6-sperm13.tif 1 1 0.8111479918681751 
ch00_p5-pl1-sample7-sperm7.tif 1 1 0.98246023032872 
ch00_p1-pl2-sample14-sperm5.tif 2 2 0.6323423609939297 
ch00_p1-pl2-sample2-sperm15.tif 2 4 0.6747355205141775 
ch00_p1-pl2-sample2-sperm9.tif 2 2 0.8457836203943969 
ch00_p1-pl2-sample27-sperm7.tif 2 2 0.9204024625172877 
ch00_p1-pl2-sample34-sperm5.tif 2 1 0.6534093805924825 
ch00_p1-pl2-sample9-sperm17.tif 2 2 0.8196608299999028 
ch00_p1-pl3-sample17-sperm9.tif 2 2 0.9349727721797586 
ch00_p1-pl3-sample20-sperm4.tif 2 2 0.5413071260369275 
ch00_p1-pl3-sample21-sperm10.tif 2 2 0.9502679028225594 
ch00_p1-pl3-sample6-sperm17.tif 2 2 0.9297971243430418 
ch00_p1-pl3-sample6-sperm9.tif 2 4 0.6036783672956648 
ch00_p3-pl1-sample25-sperm7.tif 2 1 0.8064223327788375 
ch00_p4-pl1-sample13-sperm4.tif 2 2 0.9238163335651177 
ch00_p4-pl1-sample14-sperm14.tif 2 4 0.4828304838177665 
ch00_p4-pl1-sample16-sperm4.tif 2 4 0.631544076887715 
ch00_p4-pl1-sample17-sperm4.tif 2 1 0.6412060302170579 
ch00_p4-pl1-sample3-sperm10.tif 2 2 0.9316310935840246 
ch00_p4-pl1-sample3-sperm7.tif 2 3 0.6789151220165279 
ch00_p4-pl1-sample5-sperm3.tif 2 2 0.5398944955908286 
ch00_p4-pl1-sample5-sperm5.tif 2 2 0.7582165741282029 
ch00_p4-pl1-sample7-sperm15.tif 2 4 0.44479664500966826 
ch00_p4-pl2-sample17-sperm6.tif 2 2 0.36147064928710365 
ch00_p1-pl2-sample21-sperm5.tif 3 0 0.7235739790960574 
ch00_p1-pl2-sample21-sperm7.tif 3 4 0.6817486858597342 
ch00_p1-pl2-sample22-sperm10.tif 3 4 0.3829970633776511 
ch00_p1-pl2-sample22-sperm2.tif 3 4 0.6103673879416782 
ch00_p1-pl2-sample23-sperm11.tif 3 4 0.5119705505826123 
ch00_p1-pl2-sample24-sperm3.tif 3 4 0.44377897791149423 
ch00_p1-pl2-sample25-sperm9.tif 3 0 0.8761914996061335 
ch00_p1-pl2-sample5-sperm11.tif 3 3 0.7144571367429902 
ch00_p1-pl2-sample5-sperm15.tif 3 3 0.9551692430081796 
ch00_p1-pl3-sample10-sperm9.tif 3 0 0.8570603708265419 
ch00_p1-pl3-sample16-sperm16.tif 3 4 0.49434317387780646 
ch00_p1-pl3-sample17-sperm4.tif 3 3 0.9667991960707453 
ch00_p1-pl3-sample2-sperm13.tif 3 1 0.8932561559328808 
ch00_p1-pl3-sample23-sperm7.tif 3 3 0.6319081224960406 
ch00_p1-pl3-sample4-sperm4.tif 3 3 0.9458923970191049 
ch00_p1-pl3-sample9-sperm6.tif 3 4 0.4363169493212922 
ch00_p1-pl3-sample9-sperm9.tif 3 3 0.732925757010616 
ch00_p3-pl1-sample31-sperm3.tif 3 4 0.7121254889482233 
ch00_p4-pl1-sample10-sperm2.tif 3 4 0.3838846393740349 
ch00_p4-pl1-sample4-sperm13.tif 3 3 0.8185337313012078 
ch00_p5-pl1-sample1-sperm4.tif 3 3 0.997171960454324 
ch00_p1-pl2-sample11-sperm9.tif 4 4 0.7346322911386475 
ch00_p1-pl2-sample12-sperm11.tif 4 4 0.6377670429870321 
ch00_p1-pl2-sample13-sperm16.tif 4 0 0.7793011866106198 
ch00_p1-pl2-sample14-sperm1.tif 4 1 0.4325742608372783 
ch00_p1-pl2-sample14-sperm11.tif 4 4 0.7626773796211648 
ch00_p1-pl2-sample14-sperm4.tif 4 4 0.6363206269293498 
ch00_p1-pl2-sample2-sperm11.tif 4 4 0.7333070431869528 
ch00_p1-pl2-sample2-sperm17.tif 4 0 0.6832368600295511 
ch00_p1-pl2-sample2-sperm8.tif 4 4 0.614393046670342 
ch00_p1-pl2-sample23-sperm16.tif 4 4 0.6683821400913305 
ch00_p1-pl2-sample26-sperm1.tif 4 3 0.7697875332255439 
ch00_p1-pl2-sample26-sperm12.tif 4 4 0.7142755474341141 
ch00_p1-pl2-sample26-sperm4.tif 4 0 0.37352816680575557 
ch00_p1-pl2-sample27-sperm8.tif 4 4 0.48969529021568986 
ch00_p1-pl2-sample28-sperm10.tif 4 4 0.5898899223647942 
ch00_p1-pl2-sample28-sperm11.tif 4 1 0.6890738761058164 
ch00_p1-pl2-sample28-sperm3.tif 4 1 0.7764969356821166 
ch00_p1-pl2-sample3-sperm14.tif 4 1 0.756701491707506 
ch00_p1-pl2-sample3-sperm8.tif 4 1 0.48945467944440646 
ch00_p1-pl2-sample30-sperm4.tif 4 4 0.6105181477516919 
ch00_p1-pl2-sample31-sperm11.tif 4 2 0.827088426959324 
ch00_p1-pl2-sample32-sperm1.tif 4 2 0.39242414372250295 
ch00_p1-pl2-sample32-sperm5.tif 4 0 0.6352174880807095 
ch00_p1-pl2-sample34-sperm10.tif 4 4 0.7410139737313906 
ch00_p1-pl2-sample34-sperm8.tif 4 4 0.7407145521214256 
ch00_p1-pl2-sample35-sperm5.tif 4 4 0.7697335278179529 
ch00_p1-pl2-sample35-sperm9.tif 4 3 0.8797322583184147 
ch00_p1-pl2-sample7-sperm1.tif 4 4 0.846935924568643 
ch00_p1-pl2-sample7-sperm10.tif 4 3 0.6369620917841278 
ch00_p1-pl2-sample7-sperm13.tif 4 4 0.7868363889637138 
ch00_p1-pl3-sample1-sperm7.tif 4 4 0.3977144147762473 
ch00_p1-pl3-sample10-sperm7.tif 4 0 0.6904725645632467 
ch00_p1-pl3-sample11-sperm5.tif 4 1 0.7715220420252277 
ch00_p1-pl3-sample11-sperm8.tif 4 4 0.5832454555423925 
ch00_p1-pl3-sample12-sperm10.tif 4 1 0.5618640446963888 
ch00_p1-pl3-sample12-sperm20.tif 4 4 0.7735628393739977 
ch00_p1-pl3-sample12-sperm3.tif 4 1 0.5036836906698903 
ch00_p1-pl3-sample12-sperm6.tif 4 0 0.9379485397416171 
ch00_p1-pl3-sample13-sperm8.tif 4 0 0.8092831368944119 
ch00_p1-pl3-sample13-sperm9.tif 4 2 0.6904678616616728 
ch00_p1-pl3-sample14-sperm1.tif 4 2 0.5059928793301879 
ch00_p1-pl3-sample15-sperm12.tif 4 2 0.8297931658319107 
ch00_p1-pl3-sample15-sperm2.tif 4 4 0.5299976022952574 
ch00_p1-pl3-sample15-sperm24.tif 4 0 0.6453630588850401 
ch00_p1-pl3-sample15-sperm8.tif 4 1 0.581054256498987 
ch00_p1-pl3-sample17-sperm2.tif 4 4 0.6959143360237865 
ch00_p1-pl3-sample19-sperm1.tif 4 4 0.4232086689144306 
ch00_p1-pl3-sample19-sperm2.tif 4 4 0.7606686197385075 
ch00_p1-pl3-sample19-sperm8.tif 4 0 0.6263071893513995 
ch00_p1-pl3-sample20-sperm7.tif 4 4 0.6963485528526215 
ch00_p1-pl3-sample21-sperm6.tif 4 0 0.550467121861371 
ch00_p1-pl3-sample22-sperm3.tif 4 1 0.6994107021541633 
ch00_p1-pl3-sample22-sperm6.tif 4 3 0.9023375958914831 
ch00_p1-pl3-sample22-sperm9.tif 4 4 0.8315278871513024 
ch00_p1-pl3-sample23-sperm11.tif 4 1 0.716034352564248 
ch00_p1-pl3-sample23-sperm12.tif 4 4 0.7839537505452485 
ch00_p1-pl3-sample24-sperm10.tif 4 3 0.8312036897004649 
ch00_p1-pl3-sample24-sperm20.tif 4 3 0.4650012177178607 
ch00_p1-pl3-sample24-sperm21.tif 4 4 0.5076549724522661 
ch00_p1-pl3-sample24-sperm22.tif 4 4 0.7288338337450064 
ch00_p1-pl3-sample24-sperm24.tif 4 4 0.7932782810800106 
ch00_p1-pl3-sample24-sperm7.tif 4 3 0.9791425227412945 
ch00_p1-pl3-sample24-sperm8.tif 4 4 0.6073852691176431 
ch00_p1-pl3-sample25-sperm11.tif 4 0 0.6118609858483182 
ch00_p1-pl3-sample25-sperm2.tif 4 4 0.47185308808131704 
ch00_p1-pl3-sample25-sperm9.tif 4 4 0.39281419927515776 
ch00_p1-pl3-sample3-sperm1.tif 4 4 0.5048557708477927 
ch00_p1-pl3-sample3-sperm7.tif 4 1 0.604646821190346 
ch00_p1-pl3-sample5-sperm6.tif 4 1 0.9292009700358372 
ch00_p1-pl3-sample5-sperm7.tif 4 2 0.49390450109369644 
ch00_p1-pl3-sample7-sperm11.tif 4 1 0.7663387638395677 
ch00_p1-pl3-sample7-sperm2.tif 4 4 0.6091191003201833 
ch00_p1-pl3-sample7-sperm3.tif 4 4 0.725295855129157 
ch00_p1-pl3-sample8-sperm9.tif 4 4 0.34860522662066984 
ch00_p1-pl3-sample9-sperm5.tif 4 0 0.44348646329101654 
ch00_p3-pl1-sample11-sperm5.tif 4 1 0.7103201455609774 
ch00_p3-pl1-sample13-sperm6.tif 4 4 0.4872042354910025 
ch00_p3-pl1-sample14-sperm9.tif 4 1 0.8928583433813907 
ch00_p3-pl1-sample15-sperm4.tif 4 0 0.4705685449648591 
ch00_p3-pl1-sample16-sperm1.tif 4 4 0.4487466172758656 
ch00_p3-pl1-sample16-sperm3.tif 4 4 0.7100013078018403 
ch00_p3-pl1-sample16-sperm4.tif 4 4 0.651468710270749 
ch00_p3-pl1-sample22-sperm4.tif 4 4 0.7088382671116773 
ch00_p3-pl1-sample23-sperm2.tif 4 4 0.7807867985925789 
ch00_p3-pl1-sample23-sperm6.tif 4 1 0.4200125101187879 
ch00_p3-pl1-sample23-sperm9.tif 4 4 0.5101013340082396 
ch00_p3-pl1-sample25-sperm5.tif 4 4 0.46210923225301825 
ch00_p3-pl1-sample26-sperm4.tif 4 0 0.7945119308297912 
ch00_p3-pl1-sample26-sperm5.tif 4 4 0.41377130888755637 
ch00_p3-pl1-sample27-sperm3.tif 4 3 0.990648024609685 
ch00_p3-pl1-sample29-sperm8.tif 4 4 0.582376929343788 
ch00_p3-pl1-sample3-sperm6.tif 4 4 0.41989764463830825 
ch00_p3-pl1-sample30-sperm4.tif 4 4 0.49030135694254995 
ch00_p3-pl1-sample4-sperm1.tif 4 1 0.4370550780054749 
ch00_p3-pl1-sample5-sperm2.tif 4 4 0.5593987057620385 
ch00_p3-pl1-sample5-sperm3.tif 4 4 0.6766082906479806 
ch00_p3-pl1-sample7-sperm1.tif 4 4 0.6541682618551036 
ch00_p3-pl1-sample7-sperm11.tif 4 4 0.5248871319599043 
ch00_p3-pl1-sample7-sperm8.tif 4 4 0.5723428908281943 
ch00_p3-pl1-sample9-sperm5.tif 4 3 0.7911990615519358 
ch00_p3-pl1-sample9-sperm9.tif 4 4 0.590265991472868 
ch00_p4-pl1-sample1-sperm12.tif 4 1 0.5802465040036604 
ch00_p4-pl1-sample1-sperm6.tif 4 4 0.5751685025978801 
ch00_p4-pl1-sample1-sperm7.tif 4 4 0.7910114673780249 
ch00_p4-pl1-sample1-sperm9.tif 4 2 0.7829228910527039 
ch00_p4-pl1-sample10-sperm15.tif 4 2 0.94311156701895 
ch00_p4-pl1-sample10-sperm5.tif 4 4 0.3804857408600658 
ch00_p4-pl1-sample11-sperm12.tif 4 2 0.972820742856496 
ch00_p4-pl1-sample12-sperm2.tif 4 2 0.9611947951314688 
ch00_p4-pl1-sample12-sperm9.tif 4 2 0.4725156762518108 
ch00_p4-pl1-sample13-sperm2.tif 4 1 0.4795948764322919 
ch00_p4-pl1-sample13-sperm3.tif 4 1 0.6445975755540176 
ch00_p4-pl1-sample13-sperm5.tif 4 4 0.7819980535623176 
ch00_p4-pl1-sample13-sperm8.tif 4 4 0.7244070822785886 
ch00_p4-pl1-sample14-sperm12.tif 4 4 0.8194870773000781 
ch00_p4-pl1-sample14-sperm3.tif 4 0 0.4880230630405986 
ch00_p4-pl1-sample15-sperm10.tif 4 1 0.9000831184450181 
ch00_p4-pl1-sample16-sperm10.tif 4 2 0.8693462135587197 
ch00_p4-pl1-sample16-sperm16.tif 4 0 0.6250015023020056 
ch00_p4-pl1-sample16-sperm17.tif 4 4 0.8317571456491313 
ch00_p4-pl1-sample19-sperm6.tif 4 2 0.5950547757211102 
ch00_p4-pl1-sample19-sperm9.tif 4 2 0.4024337281831829 
ch00_p4-pl1-sample2-sperm10.tif 4 4 0.6823577231123745 
ch00_p4-pl1-sample20-sperm3.tif 4 0 0.6778306786891196 
ch00_p4-pl1-sample20-sperm6.tif 4 1 0.6054171237699106 
ch00_p4-pl1-sample20-sperm9.tif 4 4 0.7074116123269955 
ch00_p4-pl1-sample3-sperm3.tif 4 0 0.8474207889145386 
ch00_p4-pl1-sample3-sperm9.tif 4 4 0.6405537865330351 
ch00_p4-pl1-sample4-sperm11.tif 4 4 0.7760834279743165 
ch00_p4-pl1-sample4-sperm12.tif 4 4 0.5635900268291167 
ch00_p4-pl1-sample4-sperm3.tif 4 4 0.4964180941910232 
ch00_p4-pl1-sample5-sperm1.tif 4 2 0.7403162591576004 
ch00_p4-pl1-sample5-sperm4.tif 4 2 0.7429250013297108 
ch00_p4-pl1-sample5-sperm9.tif 4 1 0.6030710100404384 
ch00_p4-pl1-sample6-sperm4.tif 4 4 0.8817150922069307 
ch00_p4-pl1-sample6-sperm7.tif 4 4 0.6679470186573352 
ch00_p4-pl1-sample6-sperm8.tif 4 4 0.6356195434411709 
ch00_p4-pl1-sample7-sperm10.tif 4 4 0.6135448959030543 
ch00_p4-pl1-sample7-sperm6.tif 4 0 0.5026735992584795 
ch00_p4-pl1-sample8-sperm1.tif 4 1 0.8135956397272663 
ch00_p4-pl1-sample8-sperm10.tif 4 2 0.6762036655462781 
ch00_p4-pl1-sample8-sperm12.tif 4 2 0.7897978811996273 
ch00_p4-pl1-sample8-sperm2.tif 4 0 0.6588095907575077 
ch00_p4-pl1-sample8-sperm3.tif 4 4 0.657503824442644 
ch00_p4-pl1-sample9-sperm15.tif 4 3 0.4419725531525493 
ch00_p4-pl1-sample9-sperm17.tif 4 2 0.5325710609435109 
ch00_p4-pl1-sample9-sperm2.tif 4 4 0.7756902366353299 
ch00_p4-pl1-sample9-sperm9.tif 4 4 0.7185369446633875 
ch00_p4-pl2-sample10-sperm1.tif 4 0 0.47704190446583083 
ch00_p4-pl2-sample10-sperm5.tif 4 4 0.8313396659098848 
ch00_p4-pl2-sample10-sperm8.tif 4 4 0.770301173109834 
ch00_p4-pl2-sample13-sperm2.tif 4 4 0.7923210382055786 
ch00_p4-pl2-sample13-sperm7.tif 4 0 0.6264818947934474 
ch00_p4-pl2-sample14-sperm10.tif 4 0 0.9604091811603632 
ch00_p4-pl2-sample14-sperm9.tif 4 1 0.9656874931928059 
ch00_p4-pl2-sample15-sperm1.tif 4 4 0.858198506910046 
ch00_p4-pl2-sample15-sperm7.tif 4 4 0.46747517875369055 
ch00_p4-pl2-sample17-sperm2.tif 4 2 0.47745310896862314 
ch00_p4-pl2-sample19-sperm1.tif 4 0 0.9302837957774301 
ch00_p4-pl2-sample19-sperm3.tif 4 1 0.8638913975203858 
ch00_p4-pl2-sample2-sperm6.tif 4 4 0.8015419139053334 
ch00_p4-pl2-sample3-sperm2.tif 4 4 0.6641064611702883 
ch00_p4-pl2-sample3-sperm3.tif 4 4 0.6535895433406356 
ch00_p4-pl2-sample3-sperm5.tif 4 4 0.657226841488866 
ch00_p4-pl2-sample3-sperm6.tif 4 4 0.5152314244773425 
ch00_p4-pl2-sample4-sperm4.tif 4 1 0.6759802999295784 
ch00_p4-pl2-sample4-sperm7.tif 4 4 0.8770059145877172 
ch00_p4-pl2-sample7-sperm10.tif 4 4 0.8050323074363949 
ch00_p4-pl2-sample7-sperm5.tif 4 3 0.7040346036730594 
ch00_p4-pl2-sample7-sperm9.tif 4 2 0.7181618957729982 
ch00_p4-pl2-sample8-sperm2.tif 4 0 0.711295094388155 
ch00_p4-pl2-sample9-sperm4.tif 4 2 0.6084127726673799 
ch00_p5-pl1-sample1-sperm5.tif 4 3 0.6507412581861448 
ch00_p5-pl1-sample10-sperm18.tif 4 3 0.9212439312703806 
ch00_p5-pl1-sample10-sperm6.tif 4 1 0.597084799993893 
ch00_p5-pl1-sample10-sperm7.tif 4 4 0.674886203535518 
ch00_p5-pl1-sample12-sperm15.tif 4 0 0.9679109408390286 
ch00_p5-pl1-sample12-sperm6.tif 4 1 0.8110299371861963 
ch00_p5-pl1-sample12-sperm7.tif 4 0 0.5488701601169769 
ch00_p5-pl1-sample13-sperm6.tif 4 0 0.7011009826439263 
ch00_p5-pl1-sample15-sperm2.tif 4 1 0.5576072628270985 
ch00_p5-pl1-sample16-sperm3.tif 4 4 0.7141902109717517 
ch00_p5-pl1-sample17-sperm13.tif 4 4 0.530876050000858 
ch00_p5-pl1-sample17-sperm2.tif 4 0 0.3774487428825035 
ch00_p5-pl1-sample18-sperm3.tif 4 4 0.4651235930377758 
ch00_p5-pl1-sample2-sperm10.tif 4 4 0.6722211496782714 
ch00_p5-pl1-sample20-sperm12.tif 4 4 0.7768700011209593 
ch00_p5-pl1-sample20-sperm5.tif 4 3 0.8339542757891709 
ch00_p5-pl1-sample4-sperm2.tif 4 3 0.7084823669934424 
ch00_p5-pl1-sample4-sperm5.tif 4 4 0.5994871237881394 
ch00_p5-pl1-sample5-sperm10.tif 4 1 0.9132344374113187 
ch00_p5-pl1-sample5-sperm18.tif 4 4 0.47245303216077966 
ch00_p5-pl1-sample6-sperm4.tif 4 3 0.9143569480814961 
ch00_p5-pl1-sample7-sperm5.tif 4 1 0.48729192586702247 
ch00_p5-pl1-sample8-sperm4.tif 4 4 0.642750080305375 
ch00_p5-pl1-sample9-sperm5.tif 4 3 0.9691530856192212 
