ch00_p1-pl2-sample1-sperm10.tif 0 4 0.8817386261404491 
ch00_p1-pl2-sample1-sperm5.tif 0 4 0.5178752168695203 
ch00_p1-pl2-sample13-sperm11.tif 0 4 0.6534272119060642 
ch00_p1-pl2-sample19-sperm7.tif 0 0 0.9997976832220433 
ch00_p1-pl2-sample3-sperm12.tif 0 4 0.9967043489477585 
ch00_p1-pl2-sample3-sperm4.tif 0 0 0.6929065706018356 
ch00_p1-pl2-sample34-sperm9.tif 0 4 0.9999999947485273 
ch00_p1-pl2-sample35-sperm1.tif 0 0 0.5675268905149576 
ch00_p1-pl2-sample4-sperm15.tif 0 4 0.653844218706763 
ch00_p1-pl3-sample1-sperm17.tif 0 0 0.9939563862091217 
ch00_p1-pl3-sample1-sperm2.tif 0 0 0.9950755815013071 
ch00_p1-pl3-sample1-sperm3.tif 0 4 0.7504314998517827 
ch00_p1-pl3-sample13-sperm14.tif 0 4 0.9999974642021074 
ch00_p1-pl3-sample14-sperm3.tif 0 4 0.9999978625091913 
ch00_p1-pl3-sample15-sperm10.tif 0 0 0.8999054696232218 
ch00_p1-pl3-sample15-sperm22.tif 0 3 0.753246587207886 
ch00_p3-pl1-sample14-sperm5.tif 0 4 0.9999999535478971 
ch00_p3-pl1-sample17-sperm7.tif 0 0 0.722850876413055 
ch00_p3-pl1-sample19-sperm2.tif 0 4 0.7955113528876709 
ch00_p3-pl1-sample25-sperm12.tif 0 0 0.9899295870216379 
ch00_p4-pl1-sample10-sperm7.tif 0 4 0.9901664822089304 
ch00_p4-pl1-sample15-sperm4.tif 0 4 0.7444195274765721 
ch00_p4-pl1-sample17-sperm2.tif 0 0 0.924233028057391 
ch00_p4-pl1-sample18-sperm8.tif 0 4 0.5629253663849949 
ch00_p4-pl1-sample19-sperm12.tif 0 4 0.7350368330885414 
ch00_p4-pl2-sample17-sperm5.tif 0 4 0.999999985142419 
ch00_p4-pl2-sample5-sperm6.tif 0 4 0.999999925956922 
ch00_p5-pl1-sample2-sperm9.tif 0 4 0.748880338662493 
ch00_p5-pl1-sample5-sperm3.tif 0 4 0.9999998645878488 
ch00_p5-pl1-sample8-sperm7.tif 0 4 0.9999991803045559 
ch00_p1-pl2-sample11-sperm10.tif 1 4 0.9146695184524883 
ch00_p1-pl2-sample12-sperm3.tif 1 1 0.9998920662313028 
ch00_p1-pl2-sample12-sperm4.tif 1 1 0.7865209060917363 
ch00_p1-pl2-sample13-sperm7.tif 1 4 0.9999999999848138 
ch00_p1-pl2-sample14-sperm13.tif 1 1 0.9797263460483056 
ch00_p1-pl2-sample19-sperm11.tif 1 1 0.999992967694033 
ch00_p1-pl2-sample19-sperm4.tif 1 1 0.928811860961221 
ch00_p1-pl2-sample19-sperm9.tif 1 1 0.6762851497741492 
ch00_p1-pl2-sample20-sperm7.tif 1 4 0.9999994633387554 
ch00_p1-pl2-sample21-sperm8.tif 1 4 0.8954761634052291 
ch00_p1-pl2-sample22-sperm3.tif 1 1 0.9991210540749969 
ch00_p1-pl2-sample25-sperm8.tif 1 1 0.6597590631301161 
ch00_p1-pl2-sample26-sperm5.tif 1 1 0.9898293610707979 
ch00_p1-pl2-sample27-sperm2.tif 1 1 0.9990462302788563 
ch00_p1-pl2-sample29-sperm8.tif 1 4 0.9866646292025808 
ch00_p1-pl2-sample33-sperm12.tif 1 1 0.9999996436455505 
ch00_p1-pl2-sample35-sperm2.tif 1 1 0.5039747310081601 
ch00_p1-pl2-sample4-sperm11.tif 1 1 0.971649744415146 
ch00_p1-pl2-sample4-sperm3.tif 1 1 0.886100690210147 
ch00_p1-pl2-sample6-sperm7.tif 1 1 0.7137094199729708 
ch00_p1-pl2-sample8-sperm1.tif 1 4 0.999999994377684 
ch00_p1-pl2-sample8-sperm2.tif 1 1 0.9992405369082803 
ch00_p1-pl2-sample9-sperm14.tif 1 1 0.9297588275028897 
ch00_p1-pl2-sample9-sperm15.tif 1 4 0.9811919182979959 
ch00_p1-pl2-sample9-sperm2.tif 1 4 0.560429092334358 
ch00_p1-pl3-sample10-sperm4.tif 1 4 0.9446093867224596 
ch00_p1-pl3-sample10-sperm6.tif 1 1 0.9977630902597707 
ch00_p1-pl3-sample11-sperm9.tif 1 1 0.9999980675656301 
ch00_p1-pl3-sample12-sperm19.tif 1 1 0.9980415706349794 
ch00_p1-pl3-sample12-sperm5.tif 1 1 0.983968341822342 
ch00_p1-pl3-sample13-sperm4.tif 1 1 0.9839282069994293 
ch00_p1-pl3-sample14-sperm10.tif 1 4 0.9999999900096243 
ch00_p1-pl3-sample14-sperm8.tif 1 1 0.9997401607835541 
ch00_p1-pl3-sample15-sperm6.tif 1 4 0.7131703545825264 
ch00_p1-pl3-sample16-sperm14.tif 1 1 0.9413771062488218 
ch00_p1-pl3-sample18-sperm4.tif 1 1 0.9686509584264865 
ch00_p1-pl3-sample19-sperm4.tif 1 1 0.7816953592721332 
ch00_p1-pl3-sample19-sperm7.tif 1 4 0.9999999998167053 
ch00_p1-pl3-sample7-sperm10.tif 1 1 0.9998804438071148 
ch00_p1-pl3-sample7-sperm12.tif 1 1 0.9999503130601097 
ch00_p1-pl3-sample7-sperm6.tif 1 1 0.9999147185954154 
ch00_p1-pl3-sample9-sperm7.tif 1 1 0.8870454867598518 
ch00_p3-pl1-sample10-sperm6.tif 1 1 0.999977329565645 
ch00_p3-pl1-sample11-sperm2.tif 1 4 0.9971462109751951 
ch00_p3-pl1-sample12-sperm5.tif 1 1 0.9999827367070026 
ch00_p3-pl1-sample14-sperm2.tif 1 4 0.9999999999992044 
ch00_p3-pl1-sample15-sperm9.tif 1 1 0.7558002239156975 
ch00_p3-pl1-sample17-sperm4.tif 1 4 0.9999999999734799 
ch00_p3-pl1-sample19-sperm5.tif 1 1 0.9999870556144499 
ch00_p3-pl1-sample19-sperm6.tif 1 1 0.5180046880056376 
ch00_p3-pl1-sample22-sperm1.tif 1 4 0.9999994276859593 
ch00_p3-pl1-sample22-sperm2.tif 1 4 0.9999998880430627 
ch00_p3-pl1-sample26-sperm6.tif 1 1 0.9969588568345129 
ch00_p3-pl1-sample28-sperm7.tif 1 1 0.9829630210883771 
ch00_p3-pl1-sample3-sperm10.tif 1 1 0.9999885567784036 
ch00_p3-pl1-sample32-sperm5.tif 1 1 0.9983094804320192 
ch00_p3-pl1-sample4-sperm2.tif 1 1 0.9995010609072292 
ch00_p3-pl1-sample6-sperm5.tif 1 1 0.9942534011094267 
ch00_p3-pl1-sample7-sperm14.tif 1 4 0.9555370875377341 
ch00_p4-pl1-sample1-sperm4.tif 1 1 0.9552475437764034 
ch00_p4-pl1-sample20-sperm13.tif 1 1 0.999560079403202 
ch00_p4-pl2-sample10-sperm2.tif 1 1 0.5505218905584133 
ch00_p4-pl2-sample4-sperm3.tif 1 4 0.9999999999988027 
ch00_p5-pl1-sample17-sperm15.tif 1 1 0.9780842721980612 
ch00_p5-pl1-sample5-sperm16.tif 1 4 0.8791206982884134 
ch00_p5-pl1-sample5-sperm20.tif 1 1 0.9394835808896568 
ch00_p5-pl1-sample6-sperm13.tif 1 1 0.8348177810764118 
ch00_p5-pl1-sample7-sperm7.tif 1 4 0.8413482495985641 
ch00_p1-pl2-sample14-sperm5.tif 2 2 0.9979851786763676 
ch00_p1-pl2-sample2-sperm15.tif 2 4 0.999999888964083 
ch00_p1-pl2-sample2-sperm9.tif 2 2 0.9879431837193587 
ch00_p1-pl2-sample27-sperm7.tif 2 4 0.9999999160113748 
ch00_p1-pl2-sample34-sperm5.tif 2 4 0.9825831366222819 
ch00_p1-pl2-sample9-sperm17.tif 2 2 0.7097808200338027 
ch00_p1-pl3-sample17-sperm9.tif 2 2 0.9995264967727167 
ch00_p1-pl3-sample20-sperm4.tif 2 4 0.9999999854099589 
ch00_p1-pl3-sample21-sperm10.tif 2 2 0.9862802598591942 
ch00_p1-pl3-sample6-sperm17.tif 2 2 0.84314776057986 
ch00_p1-pl3-sample6-sperm9.tif 2 4 0.9974605762511135 
ch00_p3-pl1-sample25-sperm7.tif 2 4 0.9848912910455582 
ch00_p4-pl1-sample13-sperm4.tif 2 4 0.9968454852651181 
ch00_p4-pl1-sample14-sperm14.tif 2 4 0.9875447879444372 
ch00_p4-pl1-sample16-sperm4.tif 2 4 0.9999999999492194 
ch00_p4-pl1-sample17-sperm4.tif 2 1 0.7645781782418856 
ch00_p4-pl1-sample3-sperm10.tif 2 1 0.5299332948344071 
ch00_p4-pl1-sample3-sperm7.tif 2 0 0.6713036368170034 
ch00_p4-pl1-sample5-sperm3.tif 2 4 0.6363017393345937 
ch00_p4-pl1-sample5-sperm5.tif 2 2 0.7851691150942761 
ch00_p4-pl1-sample7-sperm15.tif 2 4 0.9862386768088853 
ch00_p4-pl2-sample17-sperm6.tif 2 4 0.9170133565709581 
ch00_p1-pl2-sample21-sperm5.tif 3 0 0.9418165207724231 
ch00_p1-pl2-sample21-sperm7.tif 3 4 0.9999988193142823 
ch00_p1-pl2-sample22-sperm10.tif 3 3 0.7404185658104752 
ch00_p1-pl2-sample22-sperm2.tif 3 0 0.6950964553877189 
ch00_p1-pl2-sample23-sperm11.tif 3 4 0.9999999994632734 
ch00_p1-pl2-sample24-sperm3.tif 3 4 0.9999999973714025 
ch00_p1-pl2-sample25-sperm9.tif 3 4 0.9391270668327762 
ch00_p1-pl2-sample5-sperm11.tif 3 3 0.98767925141029 
ch00_p1-pl2-sample5-sperm15.tif 3 4 0.9999999998772834 
ch00_p1-pl3-sample10-sperm9.tif 3 0 0.9470310047632925 
ch00_p1-pl3-sample16-sperm16.tif 3 4 0.9999999999978283 
ch00_p1-pl3-sample17-sperm4.tif 3 3 0.8843689114486066 
ch00_p1-pl3-sample2-sperm13.tif 3 3 0.9510711483742326 
ch00_p1-pl3-sample23-sperm7.tif 3 1 0.8054223961429479 
ch00_p1-pl3-sample4-sperm4.tif 3 4 0.9999985975458731 
ch00_p1-pl3-sample9-sperm6.tif 3 4 0.9999999999998402 
ch00_p1-pl3-sample9-sperm9.tif 3 1 0.8032017683069177 
ch00_p3-pl1-sample31-sperm3.tif 3 4 0.9999999999741436 
ch00_p4-pl1-sample10-sperm2.tif 3 3 0.5304537750641207 
ch00_p4-pl1-sample4-sperm13.tif 3 0 0.5333184817510037 
ch00_p5-pl1-sample1-sperm4.tif 3 4 0.9999999998653395 
ch00_p1-pl2-sample11-sperm9.tif 4 4 0.9999999534476869 
ch00_p1-pl2-sample12-sperm11.tif 4 4 0.9507583783606497 
ch00_p1-pl2-sample13-sperm16.tif 4 4 0.999019184702498 
ch00_p1-pl2-sample14-sperm1.tif 4 4 0.9098311017631745 
ch00_p1-pl2-sample14-sperm11.tif 4 4 0.9886470953007978 
ch00_p1-pl2-sample14-sperm4.tif 4 4 0.98459052373151 
ch00_p1-pl2-sample2-sperm11.tif 4 4 0.9999999327002198 
ch00_p1-pl2-sample2-sperm17.tif 4 1 0.5014710319480236 
ch00_p1-pl2-sample2-sperm8.tif 4 4 0.9999999999998547 
ch00_p1-pl2-sample23-sperm16.tif 4 4 0.9999999855534568 
ch00_p1-pl2-sample26-sperm1.tif 4 4 0.9771758258201128 
ch00_p1-pl2-sample26-sperm12.tif 4 4 0.9999999584426191 
ch00_p1-pl2-sample26-sperm4.tif 4 4 0.8623035977706073 
ch00_p1-pl2-sample27-sperm8.tif 4 1 0.9974741458252052 
ch00_p1-pl2-sample28-sperm10.tif 4 4 0.9498102389910905 
ch00_p1-pl2-sample28-sperm11.tif 4 1 0.9616984051412859 
ch00_p1-pl2-sample28-sperm3.tif 4 4 0.9999998800088286 
ch00_p1-pl2-sample3-sperm14.tif 4 4 0.9999999942762031 
ch00_p1-pl2-sample3-sperm8.tif 4 4 0.7831854965461791 
ch00_p1-pl2-sample30-sperm4.tif 4 4 0.9999999994023643 
ch00_p1-pl2-sample31-sperm11.tif 4 4 0.3940116984660616 
ch00_p1-pl2-sample32-sperm1.tif 4 4 0.9189113163370898 
ch00_p1-pl2-sample32-sperm5.tif 4 4 0.9977276449370596 
ch00_p1-pl2-sample34-sperm10.tif 4 4 0.971450235688321 
ch00_p1-pl2-sample34-sperm8.tif 4 4 0.9999955737662081 
ch00_p1-pl2-sample35-sperm5.tif 4 4 0.9999972437105088 
ch00_p1-pl2-sample35-sperm9.tif 4 3 0.9989681910626718 
ch00_p1-pl2-sample7-sperm1.tif 4 4 0.9999998992457213 
ch00_p1-pl2-sample7-sperm10.tif 4 4 0.9999999555508845 
ch00_p1-pl2-sample7-sperm13.tif 4 4 0.9945843138896356 
ch00_p1-pl3-sample1-sperm7.tif 4 4 0.99999999911149 
ch00_p1-pl3-sample10-sperm7.tif 4 4 0.9999998577890754 
ch00_p1-pl3-sample11-sperm5.tif 4 1 0.9924146081408783 
ch00_p1-pl3-sample11-sperm8.tif 4 4 0.9974083605919648 
ch00_p1-pl3-sample12-sperm10.tif 4 4 0.9999999994538766 
ch00_p1-pl3-sample12-sperm20.tif 4 4 0.552714480984609 
ch00_p1-pl3-sample12-sperm3.tif 4 1 0.7854500850005254 
ch00_p1-pl3-sample12-sperm6.tif 4 4 0.9999999905258072 
ch00_p1-pl3-sample13-sperm8.tif 4 4 0.9999997355950521 
ch00_p1-pl3-sample13-sperm9.tif 4 4 0.9576850526031299 
ch00_p1-pl3-sample14-sperm1.tif 4 4 0.9979710841755368 
ch00_p1-pl3-sample15-sperm12.tif 4 4 0.946671579158541 
ch00_p1-pl3-sample15-sperm2.tif 4 4 0.9901267903171768 
ch00_p1-pl3-sample15-sperm24.tif 4 4 0.535962890346415 
ch00_p1-pl3-sample15-sperm8.tif 4 4 0.9999999999799938 
ch00_p1-pl3-sample17-sperm2.tif 4 4 0.9785519021183907 
ch00_p1-pl3-sample19-sperm1.tif 4 4 0.9850160323829928 
ch00_p1-pl3-sample19-sperm2.tif 4 4 0.9999999999912293 
ch00_p1-pl3-sample19-sperm8.tif 4 2 0.9028833689619898 
ch00_p1-pl3-sample20-sperm7.tif 4 4 0.9699320399962073 
ch00_p1-pl3-sample21-sperm6.tif 4 4 0.8837918127248442 
ch00_p1-pl3-sample22-sperm3.tif 4 4 0.9999998173585264 
ch00_p1-pl3-sample22-sperm6.tif 4 3 0.6752704925175647 
ch00_p1-pl3-sample22-sperm9.tif 4 4 0.9999983442227222 
ch00_p1-pl3-sample23-sperm11.tif 4 1 0.9999545704136469 
ch00_p1-pl3-sample23-sperm12.tif 4 4 0.999999999999863 
ch00_p1-pl3-sample24-sperm10.tif 4 3 0.9993322148887821 
ch00_p1-pl3-sample24-sperm20.tif 4 1 0.558951998751332 
ch00_p1-pl3-sample24-sperm21.tif 4 4 0.9959355405939213 
ch00_p1-pl3-sample24-sperm22.tif 4 1 0.996493264636061 
ch00_p1-pl3-sample24-sperm24.tif 4 4 0.9981663815872043 
ch00_p1-pl3-sample24-sperm7.tif 4 3 0.9999495680571677 
ch00_p1-pl3-sample24-sperm8.tif 4 4 0.80495183769455 
ch00_p1-pl3-sample25-sperm11.tif 4 0 0.9207166025773282 
ch00_p1-pl3-sample25-sperm2.tif 4 4 0.9999999999175302 
ch00_p1-pl3-sample25-sperm9.tif 4 2 0.669366253895448 
ch00_p1-pl3-sample3-sperm1.tif 4 4 0.9302047258320796 
ch00_p1-pl3-sample3-sperm7.tif 4 1 0.9696241640697644 
ch00_p1-pl3-sample5-sperm6.tif 4 4 0.46108971629396134 
ch00_p1-pl3-sample5-sperm7.tif 4 4 0.6380878490735331 
ch00_p1-pl3-sample7-sperm11.tif 4 1 0.9929123930553191 
ch00_p1-pl3-sample7-sperm2.tif 4 4 0.9999999997554665 
ch00_p1-pl3-sample7-sperm3.tif 4 4 0.9999999780567735 
ch00_p1-pl3-sample8-sperm9.tif 4 0 0.9048342213151619 
ch00_p1-pl3-sample9-sperm5.tif 4 2 0.9658635857214151 
ch00_p3-pl1-sample11-sperm5.tif 4 4 0.9999999997885695 
ch00_p3-pl1-sample13-sperm6.tif 4 4 0.999999335089677 
ch00_p3-pl1-sample14-sperm9.tif 4 4 0.9695624165516735 
ch00_p3-pl1-sample15-sperm4.tif 4 4 0.9999994109485372 
ch00_p3-pl1-sample16-sperm1.tif 4 4 0.9999999999021466 
ch00_p3-pl1-sample16-sperm3.tif 4 4 0.9999999892675132 
ch00_p3-pl1-sample16-sperm4.tif 4 4 0.9977646848404352 
ch00_p3-pl1-sample22-sperm4.tif 4 4 0.9999999999998319 
ch00_p3-pl1-sample23-sperm2.tif 4 4 0.9999999999998513 
ch00_p3-pl1-sample23-sperm6.tif 4 4 0.9999999999302912 
ch00_p3-pl1-sample23-sperm9.tif 4 4 0.9453981583691916 
ch00_p3-pl1-sample25-sperm5.tif 4 4 0.9999999997322733 
ch00_p3-pl1-sample26-sperm4.tif 4 4 0.6668084924202626 
ch00_p3-pl1-sample26-sperm5.tif 4 4 0.9999999995780244 
ch00_p3-pl1-sample27-sperm3.tif 4 3 0.9999975134246859 
ch00_p3-pl1-sample29-sperm8.tif 4 4 0.9999973215497647 
ch00_p3-pl1-sample3-sperm6.tif 4 4 0.9999999986228849 
ch00_p3-pl1-sample30-sperm4.tif 4 4 0.9999999998555674 
ch00_p3-pl1-sample4-sperm1.tif 4 1 0.9882033564821409 
ch00_p3-pl1-sample5-sperm2.tif 4 1 0.9945196820025041 
ch00_p3-pl1-sample5-sperm3.tif 4 4 0.8735687438208185 
ch00_p3-pl1-sample7-sperm1.tif 4 4 0.945297650355649 
ch00_p3-pl1-sample7-sperm11.tif 4 4 0.9913025185644385 
ch00_p3-pl1-sample7-sperm8.tif 4 4 0.932502502032585 
ch00_p3-pl1-sample9-sperm5.tif 4 4 0.9916869662001163 
ch00_p3-pl1-sample9-sperm9.tif 4 4 0.9999997932592496 
ch00_p4-pl1-sample1-sperm12.tif 4 1 0.6409032661185826 
ch00_p4-pl1-sample1-sperm6.tif 4 4 0.996717227176396 
ch00_p4-pl1-sample1-sperm7.tif 4 4 0.6306315542129556 
ch00_p4-pl1-sample1-sperm9.tif 4 0 0.9012907410796946 
ch00_p4-pl1-sample10-sperm15.tif 4 2 0.9597955620109861 
ch00_p4-pl1-sample10-sperm5.tif 4 4 0.6714613012254108 
ch00_p4-pl1-sample11-sperm12.tif 4 4 0.9950270803909753 
ch00_p4-pl1-sample12-sperm2.tif 4 2 0.9990827537818282 
ch00_p4-pl1-sample12-sperm9.tif 4 4 0.9960351053713932 
ch00_p4-pl1-sample13-sperm2.tif 4 4 0.8039014043671036 
ch00_p4-pl1-sample13-sperm3.tif 4 1 0.9950193157992253 
ch00_p4-pl1-sample13-sperm5.tif 4 4 0.9999984623583296 
ch00_p4-pl1-sample13-sperm8.tif 4 4 0.9794907836568191 
ch00_p4-pl1-sample14-sperm12.tif 4 4 0.9999999989077668 
ch00_p4-pl1-sample14-sperm3.tif 4 4 0.9901183182486408 
ch00_p4-pl1-sample15-sperm10.tif 4 1 0.9992332450552227 
ch00_p4-pl1-sample16-sperm10.tif 4 2 0.964106402027939 
ch00_p4-pl1-sample16-sperm16.tif 4 4 0.9999975087432192 
ch00_p4-pl1-sample16-sperm17.tif 4 4 0.9999999999814152 
ch00_p4-pl1-sample19-sperm6.tif 4 4 0.5529909028197335 
ch00_p4-pl1-sample19-sperm9.tif 4 4 0.9983973841156194 
ch00_p4-pl1-sample2-sperm10.tif 4 4 0.9102232122764801 
ch00_p4-pl1-sample20-sperm3.tif 4 4 0.9999999936400353 
ch00_p4-pl1-sample20-sperm6.tif 4 4 0.9892566566098584 
ch00_p4-pl1-sample20-sperm9.tif 4 4 0.5360706386278115 
ch00_p4-pl1-sample3-sperm3.tif 4 0 0.969360973299055 
ch00_p4-pl1-sample3-sperm9.tif 4 3 0.9959662190180208 
ch00_p4-pl1-sample4-sperm11.tif 4 4 0.9999999995908355 
ch00_p4-pl1-sample4-sperm12.tif 4 4 0.9621341692655012 
ch00_p4-pl1-sample4-sperm3.tif 4 2 0.8452291087122187 
ch00_p4-pl1-sample5-sperm1.tif 4 4 0.9977025112930084 
ch00_p4-pl1-sample5-sperm4.tif 4 0 0.8986904385983095 
ch00_p4-pl1-sample5-sperm9.tif 4 4 0.9999972033480996 
ch00_p4-pl1-sample6-sperm4.tif 4 1 0.8151445765730893 
ch00_p4-pl1-sample6-sperm7.tif 4 4 0.8821778734353257 
ch00_p4-pl1-sample6-sperm8.tif 4 1 0.7587087007540495 
ch00_p4-pl1-sample7-sperm10.tif 4 0 0.9915583579266937 
ch00_p4-pl1-sample7-sperm6.tif 4 4 0.9999999999970556 
ch00_p4-pl1-sample8-sperm1.tif 4 4 0.933551064093991 
ch00_p4-pl1-sample8-sperm10.tif 4 4 0.8166291233936965 
ch00_p4-pl1-sample8-sperm12.tif 4 4 0.9999972367877967 
ch00_p4-pl1-sample8-sperm2.tif 4 0 0.9997011992118834 
ch00_p4-pl1-sample8-sperm3.tif 4 3 0.9993106091096812 
ch00_p4-pl1-sample9-sperm15.tif 4 3 0.9709542605636873 
ch00_p4-pl1-sample9-sperm17.tif 4 2 0.8962921913654848 
ch00_p4-pl1-sample9-sperm2.tif 4 4 0.9999998947513111 
ch00_p4-pl1-sample9-sperm9.tif 4 0 0.7239183538594925 
ch00_p4-pl2-sample10-sperm1.tif 4 4 0.9857975452834671 
ch00_p4-pl2-sample10-sperm5.tif 4 4 0.9977326049158982 
ch00_p4-pl2-sample10-sperm8.tif 4 4 0.9999993051693207 
ch00_p4-pl2-sample13-sperm2.tif 4 4 0.6641718686609962 
ch00_p4-pl2-sample13-sperm7.tif 4 4 0.6052512803965535 
ch00_p4-pl2-sample14-sperm10.tif 4 0 0.9798266354676783 
ch00_p4-pl2-sample14-sperm9.tif 4 4 0.9999999999373779 
ch00_p4-pl2-sample15-sperm1.tif 4 4 0.9508600655634583 
ch00_p4-pl2-sample15-sperm7.tif 4 4 0.9792311539567795 
ch00_p4-pl2-sample17-sperm2.tif 4 4 0.9999999899736758 
ch00_p4-pl2-sample19-sperm1.tif 4 4 0.9945559386756017 
ch00_p4-pl2-sample19-sperm3.tif 4 4 0.9999980267059332 
ch00_p4-pl2-sample2-sperm6.tif 4 4 0.9999990344006421 
ch00_p4-pl2-sample3-sperm2.tif 4 4 0.9865716906256728 
ch00_p4-pl2-sample3-sperm3.tif 4 4 0.9999999999998938 
ch00_p4-pl2-sample3-sperm5.tif 4 4 0.9999999697539427 
ch00_p4-pl2-sample3-sperm6.tif 4 4 0.9166779329968403 
ch00_p4-pl2-sample4-sperm4.tif 4 4 0.9999999999927779 
ch00_p4-pl2-sample4-sperm7.tif 4 4 0.9999999999865253 
ch00_p4-pl2-sample7-sperm10.tif 4 4 0.9999999999997049 
ch00_p4-pl2-sample7-sperm5.tif 4 4 0.9999999999901517 
ch00_p4-pl2-sample7-sperm9.tif 4 4 0.9999999996086159 
ch00_p4-pl2-sample8-sperm2.tif 4 4 0.9950829172156428 
ch00_p4-pl2-sample9-sperm4.tif 4 4 0.9999999999998662 
ch00_p5-pl1-sample1-sperm5.tif 4 4 0.999999999598442 
ch00_p5-pl1-sample10-sperm18.tif 4 4 0.9999999999741608 
ch00_p5-pl1-sample10-sperm6.tif 4 1 0.8739820346581331 
ch00_p5-pl1-sample10-sperm7.tif 4 4 0.9385358910301844 
ch00_p5-pl1-sample12-sperm15.tif 4 4 0.9999999083447572 
ch00_p5-pl1-sample12-sperm6.tif 4 1 0.9843958059600628 
ch00_p5-pl1-sample12-sperm7.tif 4 0 0.8106665759914637 
ch00_p5-pl1-sample13-sperm6.tif 4 0 0.8932061343498642 
ch00_p5-pl1-sample15-sperm2.tif 4 4 0.9999999940009154 
ch00_p5-pl1-sample16-sperm3.tif 4 4 0.9979063528533051 
ch00_p5-pl1-sample17-sperm13.tif 4 4 0.517112937841433 
ch00_p5-pl1-sample17-sperm2.tif 4 4 0.9999999997904868 
ch00_p5-pl1-sample18-sperm3.tif 4 4 0.9999999929507684 
ch00_p5-pl1-sample2-sperm10.tif 4 4 0.6963480530508371 
ch00_p5-pl1-sample20-sperm12.tif 4 4 0.9999999999737897 
ch00_p5-pl1-sample20-sperm5.tif 4 4 0.999999824014053 
ch00_p5-pl1-sample4-sperm2.tif 4 4 0.9913647956168038 
ch00_p5-pl1-sample4-sperm5.tif 4 4 0.9680575613517315 
ch00_p5-pl1-sample5-sperm10.tif 4 1 0.9958140123146169 
ch00_p5-pl1-sample5-sperm18.tif 4 4 0.9684532971997232 
ch00_p5-pl1-sample6-sperm4.tif 4 4 0.9859343028270973 
ch00_p5-pl1-sample7-sperm5.tif 4 1 0.9951425190808942 
ch00_p5-pl1-sample8-sperm4.tif 4 4 0.9999999984068636 
ch00_p5-pl1-sample9-sperm5.tif 4 4 0.9999998927052719 
