ch00_p1-pl2-sample1-sperm10.tif 0 4 0.6841394689806264 
ch00_p1-pl2-sample10-sperm1.tif 0 0 0.9573444191289264 
ch00_p1-pl2-sample10-sperm4.tif 0 0 0.9264722299968121 
ch00_p1-pl2-sample12-sperm9.tif 0 0 0.5373722891365413 
ch00_p1-pl2-sample14-sperm10.tif 0 4 0.8646114306236421 
ch00_p1-pl2-sample19-sperm7.tif 0 0 0.8887363723688971 
ch00_p1-pl2-sample22-sperm5.tif 0 2 0.8544787962609303 
ch00_p1-pl2-sample3-sperm4.tif 0 4 0.5101604663865599 
ch00_p1-pl2-sample35-sperm1.tif 0 4 0.3102510996269265 
ch00_p1-pl2-sample4-sperm20.tif 0 4 0.9350868387215958 
ch00_p1-pl2-sample4-sperm7.tif 0 3 0.6886798244096928 
ch00_p1-pl2-sample8-sperm6.tif 0 0 0.6988962366626575 
ch00_p1-pl2-sample9-sperm9.tif 0 4 0.4390805329215156 
ch00_p1-pl3-sample10-sperm2.tif 0 4 0.9914545548134285 
ch00_p1-pl3-sample13-sperm3.tif 0 4 0.9359633245950956 
ch00_p1-pl3-sample15-sperm10.tif 0 4 0.9860021150419871 
ch00_p1-pl3-sample16-sperm7.tif 0 4 0.9809522032949822 
ch00_p1-pl3-sample2-sperm3.tif 0 4 0.9753692945468551 
ch00_p1-pl3-sample20-sperm6.tif 0 0 0.8193388448219486 
ch00_p3-pl1-sample19-sperm2.tif 0 4 0.9454845204050109 
ch00_p3-pl1-sample25-sperm12.tif 0 0 0.786717628844647 
ch00_p3-pl1-sample25-sperm13.tif 0 4 0.786514271823273 
ch00_p3-pl1-sample25-sperm3.tif 0 4 0.9899931621864243 
ch00_p3-pl1-sample4-sperm4.tif 0 4 0.9967626794615791 
ch00_p4-pl1-sample15-sperm4.tif 0 0 0.8330741257454186 
ch00_p4-pl1-sample18-sperm8.tif 0 0 0.7249727355110692 
ch00_p4-pl1-sample6-sperm10.tif 0 4 0.9963377560892847 
ch00_p4-pl2-sample14-sperm7.tif 0 4 0.9861111437972284 
ch00_p4-pl2-sample5-sperm6.tif 0 4 0.9999999999985335 
ch00_p5-pl1-sample2-sperm9.tif 0 4 0.9999999611798274 
ch00_p1-pl2-sample1-sperm6.tif 1 4 0.6180785031479517 
ch00_p1-pl2-sample10-sperm5.tif 1 4 0.9964368804129823 
ch00_p1-pl2-sample11-sperm10.tif 1 1 0.9936606016751657 
ch00_p1-pl2-sample11-sperm4.tif 1 1 0.973448235538168 
ch00_p1-pl2-sample13-sperm10.tif 1 1 0.636109715029755 
ch00_p1-pl2-sample13-sperm6.tif 1 4 0.8226328659730516 
ch00_p1-pl2-sample15-sperm3.tif 1 4 0.567554934404859 
ch00_p1-pl2-sample19-sperm4.tif 1 4 0.941899693653627 
ch00_p1-pl2-sample2-sperm12.tif 1 1 0.9789108576663534 
ch00_p1-pl2-sample2-sperm3.tif 1 4 0.997048323474235 
ch00_p1-pl2-sample2-sperm4.tif 1 4 0.97640827088304 
ch00_p1-pl2-sample20-sperm13.tif 1 1 0.833208538330489 
ch00_p1-pl2-sample21-sperm3.tif 1 1 0.9999418417010109 
ch00_p1-pl2-sample21-sperm8.tif 1 4 0.8942781112186539 
ch00_p1-pl2-sample21-sperm9.tif 1 1 0.9999983591421482 
ch00_p1-pl2-sample22-sperm6.tif 1 2 0.7942958649911378 
ch00_p1-pl2-sample24-sperm6.tif 1 1 0.7087662501488827 
ch00_p1-pl2-sample25-sperm2.tif 1 4 0.7662035376333823 
ch00_p1-pl2-sample27-sperm2.tif 1 4 0.9999998649126155 
ch00_p1-pl2-sample29-sperm5.tif 1 1 0.9126307152886378 
ch00_p1-pl2-sample3-sperm10.tif 1 1 0.9991060651684968 
ch00_p1-pl2-sample3-sperm3.tif 1 1 0.9401421988666069 
ch00_p1-pl2-sample3-sperm9.tif 1 1 0.999817642083531 
ch00_p1-pl2-sample30-sperm5.tif 1 1 0.998224150244225 
ch00_p1-pl2-sample30-sperm7.tif 1 4 0.7883007205551003 
ch00_p1-pl2-sample31-sperm4.tif 1 1 0.9948399798224749 
ch00_p1-pl2-sample31-sperm8.tif 1 1 0.9821276342194537 
ch00_p1-pl2-sample32-sperm6.tif 1 1 0.9972040240199483 
ch00_p1-pl2-sample33-sperm12.tif 1 1 0.9999976870826773 
ch00_p1-pl2-sample5-sperm5.tif 1 4 0.9476081258516165 
ch00_p1-pl2-sample7-sperm11.tif 1 1 0.9972452924966002 
ch00_p1-pl2-sample8-sperm1.tif 1 4 0.9968098100007168 
ch00_p1-pl2-sample9-sperm8.tif 1 4 0.9352537931863333 
ch00_p1-pl3-sample11-sperm9.tif 1 1 0.8501853008026949 
ch00_p1-pl3-sample12-sperm19.tif 1 4 0.5602718209420662 
ch00_p1-pl3-sample12-sperm2.tif 1 1 0.824287615113524 
ch00_p1-pl3-sample12-sperm7.tif 1 4 0.6580904317104376 
ch00_p1-pl3-sample18-sperm3.tif 1 1 0.9093631435259071 
ch00_p1-pl3-sample20-sperm3.tif 1 4 0.5591597853284851 
ch00_p1-pl3-sample7-sperm10.tif 1 1 0.9977607688884452 
ch00_p1-pl3-sample7-sperm12.tif 1 1 0.9967601888958175 
ch00_p3-pl1-sample12-sperm5.tif 1 1 0.9998386383553319 
ch00_p3-pl1-sample15-sperm9.tif 1 4 0.574524838246807 
ch00_p3-pl1-sample17-sperm4.tif 1 1 0.8537841250212769 
ch00_p3-pl1-sample19-sperm7.tif 1 1 0.999908820434352 
ch00_p3-pl1-sample21-sperm7.tif 1 1 0.9914104482106126 
ch00_p3-pl1-sample22-sperm1.tif 1 1 0.8100721319240172 
ch00_p3-pl1-sample23-sperm4.tif 1 1 0.9908647226985873 
ch00_p3-pl1-sample27-sperm2.tif 1 1 0.9999926411909359 
ch00_p3-pl1-sample29-sperm6.tif 1 1 0.9999998466224669 
ch00_p3-pl1-sample3-sperm7.tif 1 1 0.5229219973190453 
ch00_p3-pl1-sample30-sperm2.tif 1 1 0.9998351232332586 
ch00_p3-pl1-sample31-sperm6.tif 1 4 0.9137919141563006 
ch00_p3-pl1-sample32-sperm5.tif 1 1 0.9989334028728003 
ch00_p3-pl1-sample5-sperm6.tif 1 1 0.9999882722025264 
ch00_p3-pl1-sample8-sperm2.tif 1 1 0.9573156828228253 
ch00_p4-pl1-sample12-sperm7.tif 1 4 0.9030041472013175 
ch00_p4-pl1-sample19-sperm3.tif 1 4 0.996169895832036 
ch00_p4-pl1-sample9-sperm16.tif 1 4 0.8988933973830767 
ch00_p4-pl2-sample11-sperm1.tif 1 4 0.6850871662518744 
ch00_p4-pl2-sample5-sperm7.tif 1 1 0.528861552225753 
ch00_p5-pl1-sample11-sperm2.tif 1 1 0.991889341056515 
ch00_p5-pl1-sample12-sperm17.tif 1 4 0.9985572883412699 
ch00_p5-pl1-sample19-sperm11.tif 1 4 0.961759213987951 
ch00_p5-pl1-sample20-sperm3.tif 1 4 0.6146298448407097 
ch00_p5-pl1-sample4-sperm9.tif 1 4 0.9719011487234257 
ch00_p5-pl1-sample5-sperm20.tif 1 4 0.7761519814757248 
ch00_p5-pl1-sample6-sperm16.tif 1 4 0.622598239973905 
ch00_p1-pl2-sample10-sperm7.tif 2 1 0.9666421776622518 
ch00_p1-pl2-sample13-sperm20.tif 2 4 0.9795440460303585 
ch00_p1-pl2-sample15-sperm2.tif 2 2 0.998165803011181 
ch00_p1-pl2-sample17-sperm12.tif 2 4 0.9343843484103169 
ch00_p1-pl2-sample20-sperm14.tif 2 4 0.8903321597941777 
ch00_p1-pl2-sample23-sperm9.tif 2 4 0.9783548776675716 
ch00_p1-pl2-sample34-sperm5.tif 2 2 0.9926909341306185 
ch00_p1-pl2-sample6-sperm2.tif 2 2 0.999993053910995 
ch00_p1-pl2-sample9-sperm17.tif 2 4 0.9971794804362576 
ch00_p1-pl3-sample1-sperm11.tif 2 1 0.8078777027054804 
ch00_p1-pl3-sample17-sperm9.tif 2 2 0.9998480685683467 
ch00_p1-pl3-sample20-sperm4.tif 2 4 0.9067171680888629 
ch00_p1-pl3-sample6-sperm17.tif 2 2 0.8055335412338152 
ch00_p1-pl3-sample6-sperm2.tif 2 1 0.8737926578484778 
ch00_p1-pl3-sample7-sperm13.tif 2 2 0.9505294196362749 
ch00_p1-pl3-sample7-sperm5.tif 2 4 0.6377575213049169 
ch00_p3-pl1-sample14-sperm8.tif 2 4 0.7801645219220513 
ch00_p3-pl1-sample28-sperm5.tif 2 4 0.5733033136921133 
ch00_p4-pl1-sample12-sperm15.tif 2 2 0.8386388502432965 
ch00_p4-pl1-sample13-sperm4.tif 2 4 0.787285130523596 
ch00_p4-pl1-sample4-sperm6.tif 2 2 0.9861598525172756 
ch00_p4-pl1-sample7-sperm15.tif 2 4 0.6158283411595793 
ch00_p1-pl2-sample15-sperm6.tif 3 3 0.7329124702505644 
ch00_p1-pl2-sample17-sperm8.tif 3 4 0.9920492545536523 
ch00_p1-pl2-sample21-sperm5.tif 3 0 0.47164511370508544 
ch00_p1-pl2-sample23-sperm8.tif 3 4 0.4397810765300271 
ch00_p1-pl2-sample24-sperm3.tif 3 4 0.8581182532435596 
ch00_p1-pl2-sample33-sperm9.tif 3 4 0.8747913324953892 
ch00_p1-pl2-sample4-sperm12.tif 3 4 0.9999998010380714 
ch00_p1-pl2-sample7-sperm4.tif 3 4 0.7929983128648503 
ch00_p1-pl3-sample17-sperm4.tif 3 3 0.9228523598304903 
ch00_p1-pl3-sample20-sperm14.tif 3 4 0.9999971541472139 
ch00_p1-pl3-sample20-sperm9.tif 3 3 0.9843959552507396 
ch00_p1-pl3-sample23-sperm13.tif 3 4 0.9999962570684348 
ch00_p1-pl3-sample24-sperm1.tif 3 3 0.9727927105947913 
ch00_p1-pl3-sample4-sperm4.tif 3 4 0.5187915405056763 
ch00_p1-pl3-sample9-sperm9.tif 3 4 0.539122197059789 
ch00_p3-pl1-sample10-sperm1.tif 3 4 0.8077918701075246 
ch00_p3-pl1-sample28-sperm2.tif 3 4 0.6138626617170446 
ch00_p4-pl1-sample10-sperm2.tif 3 4 0.8323446351430721 
ch00_p4-pl1-sample11-sperm3.tif 3 3 0.9791539344534584 
ch00_p4-pl1-sample4-sperm13.tif 3 3 0.8490950861540155 
ch00_p5-pl1-sample18-sperm1.tif 3 3 0.999353515184227 
ch00_p1-pl2-sample1-sperm1.tif 4 4 0.8972804735041207 
ch00_p1-pl2-sample10-sperm14.tif 4 3 0.6702295945702932 
ch00_p1-pl2-sample10-sperm16.tif 4 0 0.9841021457406984 
ch00_p1-pl2-sample12-sperm1.tif 4 4 0.9945748886891945 
ch00_p1-pl2-sample12-sperm11.tif 4 4 0.9778884583078004 
ch00_p1-pl2-sample13-sperm1.tif 4 4 0.9941102105840492 
ch00_p1-pl2-sample13-sperm2.tif 4 4 0.9984257363582135 
ch00_p1-pl2-sample14-sperm14.tif 4 4 0.994384008608521 
ch00_p1-pl2-sample14-sperm4.tif 4 4 0.8174313096325732 
ch00_p1-pl2-sample14-sperm8.tif 4 4 0.7028850401439557 
ch00_p1-pl2-sample18-sperm9.tif 4 4 0.9872846859846945 
ch00_p1-pl2-sample2-sperm17.tif 4 4 0.8058974568407041 
ch00_p1-pl2-sample2-sperm8.tif 4 4 0.999999439545905 
ch00_p1-pl2-sample23-sperm16.tif 4 4 0.868622202881972 
ch00_p1-pl2-sample26-sperm1.tif 4 4 0.9774754095515892 
ch00_p1-pl2-sample28-sperm3.tif 4 4 0.8853996995167918 
ch00_p1-pl2-sample28-sperm4.tif 4 4 0.939435615187625 
ch00_p1-pl2-sample28-sperm8.tif 4 4 0.9904588022302132 
ch00_p1-pl2-sample3-sperm13.tif 4 4 0.9164539251976257 
ch00_p1-pl2-sample30-sperm9.tif 4 4 0.9831635812880196 
ch00_p1-pl2-sample31-sperm6.tif 4 1 0.9812191187643018 
ch00_p1-pl2-sample31-sperm9.tif 4 4 0.9240905904361877 
ch00_p1-pl2-sample32-sperm11.tif 4 1 0.9999264961449709 
ch00_p1-pl2-sample32-sperm9.tif 4 4 0.9807550494758625 
ch00_p1-pl2-sample33-sperm7.tif 4 4 0.9521900693135669 
ch00_p1-pl2-sample34-sperm10.tif 4 2 0.9199785716175021 
ch00_p1-pl2-sample34-sperm11.tif 4 1 0.9999975068852824 
ch00_p1-pl2-sample34-sperm8.tif 4 0 0.8584901698627728 
ch00_p1-pl2-sample35-sperm9.tif 4 3 0.6929358659603073 
ch00_p1-pl2-sample4-sperm4.tif 4 4 0.49232442260360104 
ch00_p1-pl2-sample8-sperm5.tif 4 4 0.999999691789329 
ch00_p1-pl3-sample1-sperm13.tif 4 4 0.9999999856761914 
ch00_p1-pl3-sample10-sperm1.tif 4 4 0.9969696631703782 
ch00_p1-pl3-sample12-sperm10.tif 4 1 0.9656460012452063 
ch00_p1-pl3-sample13-sperm5.tif 4 4 0.47407909990019176 
ch00_p1-pl3-sample13-sperm7.tif 4 4 0.9999986178860003 
ch00_p1-pl3-sample13-sperm9.tif 4 2 0.9996638008428751 
ch00_p1-pl3-sample14-sperm15.tif 4 4 0.9573760630491559 
ch00_p1-pl3-sample15-sperm19.tif 4 4 0.5358013645165879 
ch00_p1-pl3-sample15-sperm5.tif 4 4 0.9620687817032393 
ch00_p1-pl3-sample17-sperm7.tif 4 4 0.9999998660176881 
ch00_p1-pl3-sample19-sperm1.tif 4 4 0.6614533700513616 
ch00_p1-pl3-sample19-sperm2.tif 4 4 0.971437983475955 
ch00_p1-pl3-sample2-sperm10.tif 4 4 0.4288701269945062 
ch00_p1-pl3-sample2-sperm12.tif 4 4 0.8019955951445947 
ch00_p1-pl3-sample2-sperm14.tif 4 4 0.8796264754153794 
ch00_p1-pl3-sample21-sperm4.tif 4 4 0.8615088554667558 
ch00_p1-pl3-sample21-sperm9.tif 4 4 0.9896140654468839 
ch00_p1-pl3-sample22-sperm6.tif 4 4 0.5696471075332213 
ch00_p1-pl3-sample23-sperm11.tif 4 2 0.9417819647813834 
ch00_p1-pl3-sample23-sperm18.tif 4 4 0.992242853319511 
ch00_p1-pl3-sample23-sperm6.tif 4 4 0.5677709239898197 
ch00_p1-pl3-sample24-sperm11.tif 4 3 0.885648396651263 
ch00_p1-pl3-sample24-sperm13.tif 4 1 0.993894958298146 
ch00_p1-pl3-sample24-sperm23.tif 4 4 0.9999999014115031 
ch00_p1-pl3-sample24-sperm6.tif 4 4 0.9942658083862903 
ch00_p1-pl3-sample25-sperm10.tif 4 2 0.6178377558868243 
ch00_p1-pl3-sample25-sperm3.tif 4 1 0.9995422742324804 
ch00_p1-pl3-sample25-sperm4.tif 4 2 0.9740507814305819 
ch00_p1-pl3-sample25-sperm8.tif 4 3 0.9837070371383986 
ch00_p1-pl3-sample3-sperm4.tif 4 4 0.7395677543595343 
ch00_p1-pl3-sample3-sperm6.tif 4 4 0.9968643030869789 
ch00_p1-pl3-sample4-sperm10.tif 4 1 0.6656438031607037 
ch00_p1-pl3-sample4-sperm9.tif 4 2 0.48329188096338876 
ch00_p1-pl3-sample5-sperm13.tif 4 4 0.9751324460213282 
ch00_p1-pl3-sample8-sperm15.tif 4 2 0.572772500928757 
ch00_p1-pl3-sample8-sperm6.tif 4 4 0.9815141537817231 
ch00_p1-pl3-sample9-sperm12.tif 4 3 0.9952464633534135 
ch00_p1-pl3-sample9-sperm14.tif 4 4 0.967225050559145 
ch00_p1-pl3-sample9-sperm8.tif 4 1 0.755619257990872 
ch00_p3-pl1-sample11-sperm1.tif 4 4 0.9797358709573807 
ch00_p3-pl1-sample13-sperm4.tif 4 4 0.9305400784401452 
ch00_p3-pl1-sample13-sperm6.tif 4 4 0.4847966611507369 
ch00_p3-pl1-sample15-sperm4.tif 4 4 0.9999999883257009 
ch00_p3-pl1-sample19-sperm9.tif 4 4 0.6706271586767676 
ch00_p3-pl1-sample2-sperm10.tif 4 4 0.673281300911084 
ch00_p3-pl1-sample2-sperm5.tif 4 4 0.9102499615069287 
ch00_p3-pl1-sample2-sperm6.tif 4 3 0.9931037773669006 
ch00_p3-pl1-sample20-sperm2.tif 4 3 0.7953785948678304 
ch00_p3-pl1-sample21-sperm4.tif 4 4 0.9500100252921999 
ch00_p3-pl1-sample23-sperm6.tif 4 4 0.8529947866743723 
ch00_p3-pl1-sample24-sperm4.tif 4 4 0.9999986595826712 
ch00_p3-pl1-sample25-sperm10.tif 4 1 0.9815272842999545 
ch00_p3-pl1-sample25-sperm2.tif 4 4 0.9668911300004038 
ch00_p3-pl1-sample26-sperm5.tif 4 4 0.9999988057943201 
ch00_p3-pl1-sample29-sperm4.tif 4 4 0.9937532441343153 
ch00_p3-pl1-sample3-sperm2.tif 4 3 0.9435449318934586 
ch00_p3-pl1-sample3-sperm6.tif 4 4 0.9833814792246509 
ch00_p3-pl1-sample30-sperm4.tif 4 4 0.999999995779734 
ch00_p3-pl1-sample32-sperm6.tif 4 1 0.9813141761192348 
ch00_p3-pl1-sample32-sperm7.tif 4 1 0.560295140641625 
ch00_p3-pl1-sample5-sperm3.tif 4 4 0.7448488941220519 
ch00_p3-pl1-sample7-sperm1.tif 4 4 0.9952848589322035 
ch00_p3-pl1-sample7-sperm6.tif 4 1 0.8464569220719387 
ch00_p3-pl1-sample7-sperm7.tif 4 1 0.5472963212468606 
ch00_p3-pl1-sample7-sperm8.tif 4 2 0.7059720109321337 
ch00_p4-pl1-sample1-sperm12.tif 4 4 0.9324274615057794 
ch00_p4-pl1-sample1-sperm7.tif 4 4 0.998348968968809 
ch00_p4-pl1-sample1-sperm8.tif 4 4 0.9929450520823149 
ch00_p4-pl1-sample1-sperm9.tif 4 0 0.6246627747768155 
ch00_p4-pl1-sample10-sperm16.tif 4 4 0.55306038291704 
ch00_p4-pl1-sample10-sperm17.tif 4 4 0.6850939453471977 
ch00_p4-pl1-sample10-sperm20.tif 4 4 0.9898219502239849 
ch00_p4-pl1-sample10-sperm21.tif 4 4 0.9275464437301002 
ch00_p4-pl1-sample10-sperm5.tif 4 1 0.5740360091272467 
ch00_p4-pl1-sample11-sperm14.tif 4 4 0.7840148738594779 
ch00_p4-pl1-sample11-sperm4.tif 4 4 0.9989117755675248 
ch00_p4-pl1-sample12-sperm1.tif 4 1 0.9643842756656332 
ch00_p4-pl1-sample12-sperm8.tif 4 2 0.9943978596932078 
ch00_p4-pl1-sample13-sperm5.tif 4 4 0.9972430412556745 
ch00_p4-pl1-sample13-sperm7.tif 4 4 0.8918017338690818 
ch00_p4-pl1-sample13-sperm8.tif 4 4 0.9715632998541958 
ch00_p4-pl1-sample14-sperm13.tif 4 0 0.83679431156032 
ch00_p4-pl1-sample14-sperm3.tif 4 4 0.9999999999116177 
ch00_p4-pl1-sample14-sperm5.tif 4 4 0.9984969191119899 
ch00_p4-pl1-sample14-sperm7.tif 4 4 0.8754740006832324 
ch00_p4-pl1-sample15-sperm5.tif 4 4 0.5467684250288538 
ch00_p4-pl1-sample16-sperm10.tif 4 4 0.9419213774902938 
ch00_p4-pl1-sample16-sperm17.tif 4 4 0.9999999545895809 
ch00_p4-pl1-sample16-sperm7.tif 4 0 0.9361157046920016 
ch00_p4-pl1-sample18-sperm1.tif 4 4 0.9999999948087352 
ch00_p4-pl1-sample2-sperm1.tif 4 4 0.8213658634480621 
ch00_p4-pl1-sample2-sperm13.tif 4 4 0.9403025945793071 
ch00_p4-pl1-sample4-sperm10.tif 4 2 0.9884034937968645 
ch00_p4-pl1-sample4-sperm3.tif 4 2 0.48914413633853143 
ch00_p4-pl1-sample5-sperm1.tif 4 0 0.9869654384427184 
ch00_p4-pl1-sample5-sperm2.tif 4 4 0.4557974895061574 
ch00_p4-pl1-sample5-sperm9.tif 4 4 0.9245268984954002 
ch00_p4-pl1-sample6-sperm3.tif 4 3 0.5433308084643292 
ch00_p4-pl1-sample6-sperm7.tif 4 3 0.4569222554065802 
ch00_p4-pl1-sample7-sperm10.tif 4 0 0.9834218115470784 
ch00_p4-pl1-sample7-sperm13.tif 4 3 0.9615776886814255 
ch00_p4-pl1-sample7-sperm2.tif 4 4 0.9999995931289425 
ch00_p4-pl1-sample7-sperm8.tif 4 0 0.9107002891694691 
ch00_p4-pl1-sample8-sperm1.tif 4 4 0.9752376455689971 
ch00_p4-pl1-sample8-sperm10.tif 4 4 0.9007546928505685 
ch00_p4-pl1-sample8-sperm12.tif 4 2 0.9931700672165762 
ch00_p4-pl1-sample8-sperm9.tif 4 0 0.667712438663747 
ch00_p4-pl1-sample9-sperm2.tif 4 4 0.9999966387203123 
ch00_p4-pl1-sample9-sperm6.tif 4 4 0.9999982042128949 
ch00_p4-pl2-sample10-sperm7.tif 4 4 0.9999996361480479 
ch00_p4-pl2-sample12-sperm1.tif 4 4 0.9740638324542673 
ch00_p4-pl2-sample12-sperm11.tif 4 4 0.8807214056056645 
ch00_p4-pl2-sample12-sperm7.tif 4 4 0.9355522370255618 
ch00_p4-pl2-sample13-sperm10.tif 4 4 0.9999999943548624 
ch00_p4-pl2-sample13-sperm2.tif 4 4 0.9999977175299976 
ch00_p4-pl2-sample15-sperm5.tif 4 4 0.8841442960174369 
ch00_p4-pl2-sample16-sperm4.tif 4 4 0.6576115178930373 
ch00_p4-pl2-sample16-sperm5.tif 4 3 0.9982266671857329 
ch00_p4-pl2-sample17-sperm3.tif 4 4 0.8575057626388929 
ch00_p4-pl2-sample18-sperm1.tif 4 2 0.50062932432817 
ch00_p4-pl2-sample18-sperm3.tif 4 4 0.9949614470347189 
ch00_p4-pl2-sample19-sperm3.tif 4 4 0.8356614705233764 
ch00_p4-pl2-sample19-sperm4.tif 4 4 0.9870472749941296 
ch00_p4-pl2-sample2-sperm10.tif 4 4 0.9999999993167532 
ch00_p4-pl2-sample20-sperm3.tif 4 4 0.9974873897898331 
ch00_p4-pl2-sample20-sperm5.tif 4 0 0.8803379229595693 
ch00_p4-pl2-sample3-sperm3.tif 4 4 0.9999999972929948 
ch00_p4-pl2-sample3-sperm4.tif 4 4 0.9972791379290709 
ch00_p4-pl2-sample3-sperm6.tif 4 4 0.7698687649906201 
ch00_p4-pl2-sample3-sperm7.tif 4 4 0.9973524012306535 
ch00_p4-pl2-sample5-sperm4.tif 4 4 0.9472961458752829 
ch00_p4-pl2-sample5-sperm5.tif 4 4 0.9202671466602025 
ch00_p4-pl2-sample6-sperm3.tif 4 4 0.9888536159574906 
ch00_p4-pl2-sample7-sperm10.tif 4 4 0.9760665892235784 
ch00_p4-pl2-sample7-sperm3.tif 4 4 0.546447411426595 
ch00_p4-pl2-sample7-sperm7.tif 4 1 0.9996976336981978 
ch00_p4-pl2-sample7-sperm8.tif 4 4 0.9908999149252415 
ch00_p4-pl2-sample8-sperm1.tif 4 3 0.9994982643125088 
ch00_p4-pl2-sample8-sperm2.tif 4 4 0.9999999034464716 
ch00_p4-pl2-sample8-sperm9.tif 4 4 0.9816568303679533 
ch00_p4-pl2-sample9-sperm7.tif 4 4 0.8925956923769756 
ch00_p5-pl1-sample1-sperm5.tif 4 4 0.999999996843892 
ch00_p5-pl1-sample1-sperm6.tif 4 4 0.972489400712614 
ch00_p5-pl1-sample10-sperm4.tif 4 4 0.9999996335022507 
ch00_p5-pl1-sample10-sperm6.tif 4 4 0.9999999950203875 
ch00_p5-pl1-sample10-sperm7.tif 4 4 0.9987013333070297 
ch00_p5-pl1-sample12-sperm15.tif 4 4 0.9999986136691034 
ch00_p5-pl1-sample12-sperm16.tif 4 4 0.9603287581940149 
ch00_p5-pl1-sample12-sperm5.tif 4 4 0.999999999993478 
ch00_p5-pl1-sample12-sperm7.tif 4 4 0.6199463483436877 
ch00_p5-pl1-sample14-sperm8.tif 4 4 0.708183459972724 
ch00_p5-pl1-sample15-sperm2.tif 4 4 0.9926786682258936 
ch00_p5-pl1-sample15-sperm7.tif 4 4 0.9999999760460376 
ch00_p5-pl1-sample17-sperm2.tif 4 4 0.9999999791767096 
ch00_p5-pl1-sample17-sperm5.tif 4 4 0.9999999992151906 
ch00_p5-pl1-sample2-sperm10.tif 4 4 0.9341140103997158 
ch00_p5-pl1-sample20-sperm13.tif 4 4 0.9999999951904949 
ch00_p5-pl1-sample3-sperm21.tif 4 4 0.9999993571216244 
ch00_p5-pl1-sample4-sperm3.tif 4 4 0.9999999999769366 
ch00_p5-pl1-sample4-sperm8.tif 4 4 0.9999999989077973 
ch00_p5-pl1-sample5-sperm19.tif 4 4 0.9999999661997173 
ch00_p5-pl1-sample9-sperm1.tif 4 4 0.9859474674297743 
ch00_p5-pl1-sample9-sperm3.tif 4 4 0.996164430624086 
ch00_p5-pl1-sample9-sperm5.tif 4 4 0.9999999873436327 
ch00_p5-pl1-sample9-sperm6.tif 4 4 0.967994028406476 
