ch00_p1-pl2-sample1-sperm10.tif 0 4 0.4450574054835529 
ch00_p1-pl2-sample10-sperm1.tif 0 1 0.31832686879358335 
ch00_p1-pl2-sample10-sperm4.tif 0 0 0.44837044454058866 
ch00_p1-pl2-sample12-sperm9.tif 0 0 0.26565237597238406 
ch00_p1-pl2-sample14-sperm10.tif 0 0 0.6710348347454702 
ch00_p1-pl2-sample19-sperm7.tif 0 0 0.4832981818468472 
ch00_p1-pl2-sample22-sperm5.tif 0 0 0.4389022838122952 
ch00_p1-pl2-sample3-sperm4.tif 0 1 0.44855126139034895 
ch00_p1-pl2-sample35-sperm1.tif 0 4 0.41232472134229137 
ch00_p1-pl2-sample4-sperm20.tif 0 0 0.4653377452376168 
ch00_p1-pl2-sample4-sperm7.tif 0 0 0.310089616226337 
ch00_p1-pl2-sample8-sperm6.tif 0 0 0.5073421824535171 
ch00_p1-pl2-sample9-sperm9.tif 0 0 0.28493410463578894 
ch00_p1-pl3-sample10-sperm2.tif 0 4 0.5475043198469667 
ch00_p1-pl3-sample13-sperm3.tif 0 4 0.5951068876849512 
ch00_p1-pl3-sample15-sperm10.tif 0 0 0.5355040408779156 
ch00_p1-pl3-sample16-sperm7.tif 0 0 0.4486477515577426 
ch00_p1-pl3-sample2-sperm3.tif 0 4 0.6070051971940349 
ch00_p1-pl3-sample20-sperm6.tif 0 0 0.7416589208346989 
ch00_p3-pl1-sample19-sperm2.tif 0 0 0.37591419668101367 
ch00_p3-pl1-sample25-sperm12.tif 0 0 0.5802973999198974 
ch00_p3-pl1-sample25-sperm13.tif 0 4 0.4324076618442726 
ch00_p3-pl1-sample25-sperm3.tif 0 4 0.5532274885300293 
ch00_p3-pl1-sample4-sperm4.tif 0 0 0.4759267772285959 
ch00_p4-pl1-sample15-sperm4.tif 0 0 0.635975680339711 
ch00_p4-pl1-sample18-sperm8.tif 0 4 0.3662635855640307 
ch00_p4-pl1-sample6-sperm10.tif 0 0 0.31743396847595134 
ch00_p4-pl2-sample14-sperm7.tif 0 0 0.5054046939493162 
ch00_p4-pl2-sample5-sperm6.tif 0 4 0.4968381635602924 
ch00_p5-pl1-sample2-sperm9.tif 0 4 0.4763399932779171 
ch00_p1-pl2-sample1-sperm6.tif 1 1 0.4220218069793199 
ch00_p1-pl2-sample10-sperm5.tif 1 4 0.5585837047111775 
ch00_p1-pl2-sample11-sperm10.tif 1 4 0.4909046763258013 
ch00_p1-pl2-sample11-sperm4.tif 1 4 0.3146385302216138 
ch00_p1-pl2-sample13-sperm10.tif 1 1 0.38863385633106506 
ch00_p1-pl2-sample13-sperm6.tif 1 1 0.3552398419060563 
ch00_p1-pl2-sample15-sperm3.tif 1 1 0.4085441708408868 
ch00_p1-pl2-sample19-sperm4.tif 1 4 0.46787520116881615 
ch00_p1-pl2-sample2-sperm12.tif 1 1 0.4912359878583621 
ch00_p1-pl2-sample2-sperm3.tif 1 4 0.36929303761986093 
ch00_p1-pl2-sample2-sperm4.tif 1 1 0.42711677818744886 
ch00_p1-pl2-sample20-sperm13.tif 1 2 0.313409426429544 
ch00_p1-pl2-sample21-sperm3.tif 1 1 0.5285378813146178 
ch00_p1-pl2-sample21-sperm8.tif 1 4 0.4864181799052117 
ch00_p1-pl2-sample21-sperm9.tif 1 1 0.364815866246546 
ch00_p1-pl2-sample22-sperm6.tif 1 4 0.410738776887306 
ch00_p1-pl2-sample24-sperm6.tif 1 1 0.5026774127122151 
ch00_p1-pl2-sample25-sperm2.tif 1 4 0.5322463634772948 
ch00_p1-pl2-sample27-sperm2.tif 1 4 0.4533658331495256 
ch00_p1-pl2-sample29-sperm5.tif 1 1 0.2882667022383478 
ch00_p1-pl2-sample3-sperm10.tif 1 1 0.48626601779648704 
ch00_p1-pl2-sample3-sperm3.tif 1 0 0.28460563823673884 
ch00_p1-pl2-sample3-sperm9.tif 1 1 0.45319901022670667 
ch00_p1-pl2-sample30-sperm5.tif 1 1 0.3280808701692619 
ch00_p1-pl2-sample30-sperm7.tif 1 1 0.4120155791978096 
ch00_p1-pl2-sample31-sperm4.tif 1 1 0.5614213173408718 
ch00_p1-pl2-sample31-sperm8.tif 1 4 0.37228744383373297 
ch00_p1-pl2-sample32-sperm6.tif 1 4 0.48329175189419066 
ch00_p1-pl2-sample33-sperm12.tif 1 1 0.5075193923454611 
ch00_p1-pl2-sample5-sperm5.tif 1 0 0.43292744940667105 
ch00_p1-pl2-sample7-sperm11.tif 1 1 0.38234748663963797 
ch00_p1-pl2-sample8-sperm1.tif 1 1 0.344049445433996 
ch00_p1-pl2-sample9-sperm8.tif 1 4 0.43051327722063815 
ch00_p1-pl3-sample11-sperm9.tif 1 1 0.5667671569985201 
ch00_p1-pl3-sample12-sperm19.tif 1 1 0.31847946236155694 
ch00_p1-pl3-sample12-sperm2.tif 1 4 0.5206895883558195 
ch00_p1-pl3-sample12-sperm7.tif 1 1 0.3803277706014849 
ch00_p1-pl3-sample18-sperm3.tif 1 1 0.5086544953088551 
ch00_p1-pl3-sample20-sperm3.tif 1 1 0.3571994447422272 
ch00_p1-pl3-sample7-sperm10.tif 1 1 0.36986445421866676 
ch00_p1-pl3-sample7-sperm12.tif 1 1 0.34626631020328097 
ch00_p3-pl1-sample12-sperm5.tif 1 1 0.5882840545257728 
ch00_p3-pl1-sample15-sperm9.tif 1 4 0.40888563101865516 
ch00_p3-pl1-sample17-sperm4.tif 1 1 0.3775776736016165 
ch00_p3-pl1-sample19-sperm7.tif 1 1 0.6177623161930533 
ch00_p3-pl1-sample21-sperm7.tif 1 1 0.4526976971861277 
ch00_p3-pl1-sample22-sperm1.tif 1 4 0.5058724092124004 
ch00_p3-pl1-sample23-sperm4.tif 1 4 0.32035708816353403 
ch00_p3-pl1-sample27-sperm2.tif 1 4 0.31982672854668975 
ch00_p3-pl1-sample29-sperm6.tif 1 1 0.5090729660553294 
ch00_p3-pl1-sample3-sperm7.tif 1 1 0.6374271077994689 
ch00_p3-pl1-sample30-sperm2.tif 1 1 0.6041833201434745 
ch00_p3-pl1-sample31-sperm6.tif 1 1 0.5319637640256945 
ch00_p3-pl1-sample32-sperm5.tif 1 4 0.33250929168023025 
ch00_p3-pl1-sample5-sperm6.tif 1 1 0.5176433898819456 
ch00_p3-pl1-sample8-sperm2.tif 1 1 0.3523252301420925 
ch00_p4-pl1-sample12-sperm7.tif 1 1 0.4533826538770962 
ch00_p4-pl1-sample19-sperm3.tif 1 1 0.5017795986142511 
ch00_p4-pl1-sample9-sperm16.tif 1 1 0.4330365847003604 
ch00_p4-pl2-sample11-sperm1.tif 1 1 0.38036471718309095 
ch00_p4-pl2-sample5-sperm7.tif 1 1 0.4706122092469962 
ch00_p5-pl1-sample11-sperm2.tif 1 1 0.4724952547614606 
ch00_p5-pl1-sample12-sperm17.tif 1 1 0.40338113380123836 
ch00_p5-pl1-sample19-sperm11.tif 1 1 0.2945609305593469 
ch00_p5-pl1-sample20-sperm3.tif 1 1 0.34845435951248277 
ch00_p5-pl1-sample4-sperm9.tif 1 3 0.4360570284314139 
ch00_p5-pl1-sample5-sperm20.tif 1 4 0.3425969778373062 
ch00_p5-pl1-sample6-sperm16.tif 1 1 0.4468788997104561 
ch00_p1-pl2-sample10-sperm7.tif 2 4 0.508691895818923 
ch00_p1-pl2-sample13-sperm20.tif 2 2 0.4427316638630307 
ch00_p1-pl2-sample15-sperm2.tif 2 4 0.2925884485532244 
ch00_p1-pl2-sample17-sperm12.tif 2 4 0.337038402788819 
ch00_p1-pl2-sample20-sperm14.tif 2 4 0.37485228742222176 
ch00_p1-pl2-sample23-sperm9.tif 2 0 0.2748479959558625 
ch00_p1-pl2-sample34-sperm5.tif 2 2 0.3491646268317456 
ch00_p1-pl2-sample6-sperm2.tif 2 2 0.46379123889348023 
ch00_p1-pl2-sample9-sperm17.tif 2 4 0.3920784236100102 
ch00_p1-pl3-sample1-sperm11.tif 2 1 0.3778745034097864 
ch00_p1-pl3-sample17-sperm9.tif 2 2 0.42955265505307527 
ch00_p1-pl3-sample20-sperm4.tif 2 2 0.5328651189809598 
ch00_p1-pl3-sample6-sperm17.tif 2 0 0.38775693421525737 
ch00_p1-pl3-sample6-sperm2.tif 2 0 0.3017209819181602 
ch00_p1-pl3-sample7-sperm13.tif 2 4 0.48345947142171886 
ch00_p1-pl3-sample7-sperm5.tif 2 4 0.3056602416336218 
ch00_p3-pl1-sample14-sperm8.tif 2 4 0.43715509868162106 
ch00_p3-pl1-sample28-sperm5.tif 2 1 0.2773525782179008 
ch00_p4-pl1-sample12-sperm15.tif 2 4 0.5261244236369953 
ch00_p4-pl1-sample13-sperm4.tif 2 2 0.5079538528368567 
ch00_p4-pl1-sample4-sperm6.tif 2 0 0.2649451989673768 
ch00_p4-pl1-sample7-sperm15.tif 2 4 0.35959034114511607 
ch00_p1-pl2-sample15-sperm6.tif 3 3 0.33969332729712975 
ch00_p1-pl2-sample17-sperm8.tif 3 4 0.48860366270705635 
ch00_p1-pl2-sample21-sperm5.tif 3 0 0.491012561074172 
ch00_p1-pl2-sample23-sperm8.tif 3 3 0.40710157373499395 
ch00_p1-pl2-sample24-sperm3.tif 3 3 0.4211161538604568 
ch00_p1-pl2-sample33-sperm9.tif 3 4 0.48739872923381505 
ch00_p1-pl2-sample4-sperm12.tif 3 4 0.4675563681167283 
ch00_p1-pl2-sample7-sperm4.tif 3 4 0.4394183681922307 
ch00_p1-pl3-sample17-sperm4.tif 3 3 0.39740685236000917 
ch00_p1-pl3-sample20-sperm14.tif 3 4 0.2988277867153418 
ch00_p1-pl3-sample20-sperm9.tif 3 3 0.6082076046661568 
ch00_p1-pl3-sample23-sperm13.tif 3 4 0.3109972103939374 
ch00_p1-pl3-sample24-sperm1.tif 3 3 0.5276120475494084 
ch00_p1-pl3-sample4-sperm4.tif 3 4 0.46322141328056604 
ch00_p1-pl3-sample9-sperm9.tif 3 3 0.4289906968103254 
ch00_p3-pl1-sample10-sperm1.tif 3 1 0.38714691893268494 
ch00_p3-pl1-sample28-sperm2.tif 3 3 0.355469069124075 
ch00_p4-pl1-sample10-sperm2.tif 3 4 0.5466573953076362 
ch00_p4-pl1-sample11-sperm3.tif 3 3 0.596241542827902 
ch00_p4-pl1-sample4-sperm13.tif 3 3 0.4578771982022269 
ch00_p5-pl1-sample18-sperm1.tif 3 3 0.5359204271833451 
ch00_p1-pl2-sample1-sperm1.tif 4 3 0.344708841643105 
ch00_p1-pl2-sample10-sperm14.tif 4 3 0.43311327873262817 
ch00_p1-pl2-sample10-sperm16.tif 4 0 0.5507259578010784 
ch00_p1-pl2-sample12-sperm1.tif 4 0 0.26115304383806803 
ch00_p1-pl2-sample12-sperm11.tif 4 4 0.4181120480123236 
ch00_p1-pl2-sample13-sperm1.tif 4 4 0.6600706104635489 
ch00_p1-pl2-sample13-sperm2.tif 4 0 0.3059874952105027 
ch00_p1-pl2-sample14-sperm14.tif 4 2 0.40362938755473954 
ch00_p1-pl2-sample14-sperm4.tif 4 4 0.7163402911848684 
ch00_p1-pl2-sample14-sperm8.tif 4 0 0.5384074197295157 
ch00_p1-pl2-sample18-sperm9.tif 4 0 0.3976849984071507 
ch00_p1-pl2-sample2-sperm17.tif 4 1 0.33512026586946775 
ch00_p1-pl2-sample2-sperm8.tif 4 4 0.5463084825119296 
ch00_p1-pl2-sample23-sperm16.tif 4 4 0.38125483481971284 
ch00_p1-pl2-sample26-sperm1.tif 4 4 0.4671299101312487 
ch00_p1-pl2-sample28-sperm3.tif 4 3 0.3219495496986829 
ch00_p1-pl2-sample28-sperm4.tif 4 4 0.3939640395273266 
ch00_p1-pl2-sample28-sperm8.tif 4 4 0.4359772522223541 
ch00_p1-pl2-sample3-sperm13.tif 4 4 0.34003608596312845 
ch00_p1-pl2-sample30-sperm9.tif 4 4 0.24858097087102318 
ch00_p1-pl2-sample31-sperm6.tif 4 1 0.3117744908137973 
ch00_p1-pl2-sample31-sperm9.tif 4 4 0.37475358501111844 
ch00_p1-pl2-sample32-sperm11.tif 4 4 0.29835875728631 
ch00_p1-pl2-sample32-sperm9.tif 4 4 0.6424723959512028 
ch00_p1-pl2-sample33-sperm7.tif 4 4 0.34058462994043565 
ch00_p1-pl2-sample34-sperm10.tif 4 4 0.3372888273902768 
ch00_p1-pl2-sample34-sperm11.tif 4 4 0.2879287729259957 
ch00_p1-pl2-sample34-sperm8.tif 4 4 0.5218813118360157 
ch00_p1-pl2-sample35-sperm9.tif 4 4 0.5516572782848148 
ch00_p1-pl2-sample4-sperm4.tif 4 4 0.3583722920607509 
ch00_p1-pl2-sample8-sperm5.tif 4 2 0.32989933508444785 
ch00_p1-pl3-sample1-sperm13.tif 4 4 0.3792966576713529 
ch00_p1-pl3-sample10-sperm1.tif 4 4 0.2798965833734562 
ch00_p1-pl3-sample12-sperm10.tif 4 4 0.3172591845892392 
ch00_p1-pl3-sample13-sperm5.tif 4 4 0.5012429604542953 
ch00_p1-pl3-sample13-sperm7.tif 4 0 0.31371584451004003 
ch00_p1-pl3-sample13-sperm9.tif 4 2 0.3219828525933575 
ch00_p1-pl3-sample14-sperm15.tif 4 0 0.31992294997616366 
ch00_p1-pl3-sample15-sperm19.tif 4 4 0.3821784800029766 
ch00_p1-pl3-sample15-sperm5.tif 4 4 0.4878045692614618 
ch00_p1-pl3-sample17-sperm7.tif 4 4 0.40012052241484003 
ch00_p1-pl3-sample19-sperm1.tif 4 3 0.5840552659021662 
ch00_p1-pl3-sample19-sperm2.tif 4 4 0.5256609255065874 
ch00_p1-pl3-sample2-sperm10.tif 4 3 0.39924293802197475 
ch00_p1-pl3-sample2-sperm12.tif 4 4 0.5351681836950448 
ch00_p1-pl3-sample2-sperm14.tif 4 4 0.5396648841325478 
ch00_p1-pl3-sample21-sperm4.tif 4 4 0.36080430454820306 
ch00_p1-pl3-sample21-sperm9.tif 4 4 0.6181317799196565 
ch00_p1-pl3-sample22-sperm6.tif 4 4 0.45979216674212675 
ch00_p1-pl3-sample23-sperm11.tif 4 1 0.4607160245952072 
ch00_p1-pl3-sample23-sperm18.tif 4 4 0.4215340633047924 
ch00_p1-pl3-sample23-sperm6.tif 4 4 0.39885118524957053 
ch00_p1-pl3-sample24-sperm11.tif 4 4 0.3942088017620947 
ch00_p1-pl3-sample24-sperm13.tif 4 4 0.2519342984653071 
ch00_p1-pl3-sample24-sperm23.tif 4 4 0.5812195689345364 
ch00_p1-pl3-sample24-sperm6.tif 4 0 0.6006613046481775 
ch00_p1-pl3-sample25-sperm10.tif 4 4 0.5045033795772126 
ch00_p1-pl3-sample25-sperm3.tif 4 1 0.48728269444952693 
ch00_p1-pl3-sample25-sperm4.tif 4 2 0.37456986816924887 
ch00_p1-pl3-sample25-sperm8.tif 4 0 0.5023691096341356 
ch00_p1-pl3-sample3-sperm4.tif 4 1 0.28894411885807325 
ch00_p1-pl3-sample3-sperm6.tif 4 4 0.4515084878278434 
ch00_p1-pl3-sample4-sperm10.tif 4 1 0.35206731665811725 
ch00_p1-pl3-sample4-sperm9.tif 4 4 0.6318391080360067 
ch00_p1-pl3-sample5-sperm13.tif 4 3 0.462928117130472 
ch00_p1-pl3-sample8-sperm15.tif 4 4 0.49568345733681357 
ch00_p1-pl3-sample8-sperm6.tif 4 0 0.5504282673669947 
ch00_p1-pl3-sample9-sperm12.tif 4 0 0.3642670231030541 
ch00_p1-pl3-sample9-sperm14.tif 4 4 0.5126655227626472 
ch00_p1-pl3-sample9-sperm8.tif 4 4 0.31579924260400316 
ch00_p3-pl1-sample11-sperm1.tif 4 3 0.31421209086176566 
ch00_p3-pl1-sample13-sperm4.tif 4 4 0.3371002751222286 
ch00_p3-pl1-sample13-sperm6.tif 4 4 0.3645631156219176 
ch00_p3-pl1-sample15-sperm4.tif 4 4 0.26104623606747596 
ch00_p3-pl1-sample19-sperm9.tif 4 3 0.5358528792335482 
ch00_p3-pl1-sample2-sperm10.tif 4 1 0.30202520327609655 
ch00_p3-pl1-sample2-sperm5.tif 4 2 0.6108596932328758 
ch00_p3-pl1-sample2-sperm6.tif 4 3 0.6369000185231501 
ch00_p3-pl1-sample20-sperm2.tif 4 0 0.5151587581425129 
ch00_p3-pl1-sample21-sperm4.tif 4 4 0.3131554124015423 
ch00_p3-pl1-sample23-sperm6.tif 4 4 0.38620131461075746 
ch00_p3-pl1-sample24-sperm4.tif 4 0 0.5177961290850884 
ch00_p3-pl1-sample25-sperm10.tif 4 1 0.5231652355981588 
ch00_p3-pl1-sample25-sperm2.tif 4 4 0.4488238648538086 
ch00_p3-pl1-sample26-sperm5.tif 4 4 0.4583404171552459 
ch00_p3-pl1-sample29-sperm4.tif 4 4 0.4714441375588907 
ch00_p3-pl1-sample3-sperm2.tif 4 3 0.37805068603730624 
ch00_p3-pl1-sample3-sperm6.tif 4 2 0.4468865108661547 
ch00_p3-pl1-sample30-sperm4.tif 4 4 0.3290026712904516 
ch00_p3-pl1-sample32-sperm6.tif 4 1 0.3371294327874055 
ch00_p3-pl1-sample32-sperm7.tif 4 0 0.28974476150948725 
ch00_p3-pl1-sample5-sperm3.tif 4 1 0.39717428381318615 
ch00_p3-pl1-sample7-sperm1.tif 4 4 0.3870312191146394 
ch00_p3-pl1-sample7-sperm6.tif 4 3 0.2679119951396184 
ch00_p3-pl1-sample7-sperm7.tif 4 2 0.2880945846396115 
ch00_p3-pl1-sample7-sperm8.tif 4 4 0.4637384196452198 
ch00_p4-pl1-sample1-sperm12.tif 4 1 0.5634247088936509 
ch00_p4-pl1-sample1-sperm7.tif 4 4 0.4821312636940506 
ch00_p4-pl1-sample1-sperm8.tif 4 4 0.53136151161619 
ch00_p4-pl1-sample1-sperm9.tif 4 0 0.29948496399189806 
ch00_p4-pl1-sample10-sperm16.tif 4 4 0.48198004410359885 
ch00_p4-pl1-sample10-sperm17.tif 4 0 0.653317783363913 
ch00_p4-pl1-sample10-sperm20.tif 4 4 0.331523311759066 
ch00_p4-pl1-sample10-sperm21.tif 4 4 0.5730367627518874 
ch00_p4-pl1-sample10-sperm5.tif 4 4 0.4064013685338787 
ch00_p4-pl1-sample11-sperm14.tif 4 0 0.3867359967922968 
ch00_p4-pl1-sample11-sperm4.tif 4 4 0.4986799651775353 
ch00_p4-pl1-sample12-sperm1.tif 4 4 0.32451979523944774 
ch00_p4-pl1-sample12-sperm8.tif 4 1 0.33696654168504137 
ch00_p4-pl1-sample13-sperm5.tif 4 3 0.3691263483249964 
ch00_p4-pl1-sample13-sperm7.tif 4 4 0.392718468911894 
ch00_p4-pl1-sample13-sperm8.tif 4 1 0.41899833266981273 
ch00_p4-pl1-sample14-sperm13.tif 4 4 0.5780166328598771 
ch00_p4-pl1-sample14-sperm3.tif 4 4 0.5923048546814378 
ch00_p4-pl1-sample14-sperm5.tif 4 1 0.6291151305728353 
ch00_p4-pl1-sample14-sperm7.tif 4 4 0.41006606953748664 
ch00_p4-pl1-sample15-sperm5.tif 4 4 0.3747687453243704 
ch00_p4-pl1-sample16-sperm10.tif 4 0 0.22110983747310678 
ch00_p4-pl1-sample16-sperm17.tif 4 4 0.4803673460222594 
ch00_p4-pl1-sample16-sperm7.tif 4 0 0.4967251108577924 
ch00_p4-pl1-sample18-sperm1.tif 4 4 0.33376589715279803 
ch00_p4-pl1-sample2-sperm1.tif 4 1 0.5122403558006601 
ch00_p4-pl1-sample2-sperm13.tif 4 4 0.5142787118748298 
ch00_p4-pl1-sample4-sperm10.tif 4 4 0.5373853170900096 
ch00_p4-pl1-sample4-sperm3.tif 4 4 0.47853778347624537 
ch00_p4-pl1-sample5-sperm1.tif 4 4 0.4668325983220406 
ch00_p4-pl1-sample5-sperm2.tif 4 0 0.3828050169328354 
ch00_p4-pl1-sample5-sperm9.tif 4 4 0.3456845869543922 
ch00_p4-pl1-sample6-sperm3.tif 4 3 0.6203020633930607 
ch00_p4-pl1-sample6-sperm7.tif 4 4 0.45076827016266513 
ch00_p4-pl1-sample7-sperm10.tif 4 0 0.5440031815462785 
ch00_p4-pl1-sample7-sperm13.tif 4 4 0.43335083583202777 
ch00_p4-pl1-sample7-sperm2.tif 4 4 0.6223790068155319 
ch00_p4-pl1-sample7-sperm8.tif 4 0 0.46653463411414275 
ch00_p4-pl1-sample8-sperm1.tif 4 4 0.4385482507209014 
ch00_p4-pl1-sample8-sperm10.tif 4 2 0.5168392664818945 
ch00_p4-pl1-sample8-sperm12.tif 4 2 0.3188889007340717 
ch00_p4-pl1-sample8-sperm9.tif 4 4 0.5399382172437548 
ch00_p4-pl1-sample9-sperm2.tif 4 4 0.507264758425881 
ch00_p4-pl1-sample9-sperm6.tif 4 2 0.35530623527654054 
ch00_p4-pl2-sample10-sperm7.tif 4 4 0.49087235399012297 
ch00_p4-pl2-sample12-sperm1.tif 4 0 0.3594415238185139 
ch00_p4-pl2-sample12-sperm11.tif 4 4 0.27764554366893135 
ch00_p4-pl2-sample12-sperm7.tif 4 4 0.43807387139374404 
ch00_p4-pl2-sample13-sperm10.tif 4 4 0.431740364893421 
ch00_p4-pl2-sample13-sperm2.tif 4 0 0.4688316981909837 
ch00_p4-pl2-sample15-sperm5.tif 4 2 0.27205824163176645 
ch00_p4-pl2-sample16-sperm4.tif 4 4 0.5745967483527362 
ch00_p4-pl2-sample16-sperm5.tif 4 3 0.5162799464959954 
ch00_p4-pl2-sample17-sperm3.tif 4 4 0.42676728639297334 
ch00_p4-pl2-sample18-sperm1.tif 4 4 0.4950147280158316 
ch00_p4-pl2-sample18-sperm3.tif 4 4 0.35686327790449685 
ch00_p4-pl2-sample19-sperm3.tif 4 1 0.30490534254372353 
ch00_p4-pl2-sample19-sperm4.tif 4 0 0.490814309337686 
ch00_p4-pl2-sample2-sperm10.tif 4 0 0.6810861249222888 
ch00_p4-pl2-sample20-sperm3.tif 4 0 0.5223852524883134 
ch00_p4-pl2-sample20-sperm5.tif 4 0 0.7110788513677273 
ch00_p4-pl2-sample3-sperm3.tif 4 4 0.5824961690909679 
ch00_p4-pl2-sample3-sperm4.tif 4 4 0.29040037159517385 
ch00_p4-pl2-sample3-sperm6.tif 4 4 0.29726427113037 
ch00_p4-pl2-sample3-sperm7.tif 4 4 0.5354831595215032 
ch00_p4-pl2-sample5-sperm4.tif 4 0 0.30010119661917156 
ch00_p4-pl2-sample5-sperm5.tif 4 3 0.36320610701614187 
ch00_p4-pl2-sample6-sperm3.tif 4 4 0.47011531989107436 
ch00_p4-pl2-sample7-sperm10.tif 4 4 0.5080707779604489 
ch00_p4-pl2-sample7-sperm3.tif 4 0 0.6656412628168596 
ch00_p4-pl2-sample7-sperm7.tif 4 1 0.486307357236249 
ch00_p4-pl2-sample7-sperm8.tif 4 4 0.39497938252089637 
ch00_p4-pl2-sample8-sperm1.tif 4 3 0.394466707212916 
ch00_p4-pl2-sample8-sperm2.tif 4 4 0.38163837090473274 
ch00_p4-pl2-sample8-sperm9.tif 4 3 0.49788022139912735 
ch00_p4-pl2-sample9-sperm7.tif 4 2 0.38516589561492715 
ch00_p5-pl1-sample1-sperm5.tif 4 4 0.3715077849955638 
ch00_p5-pl1-sample1-sperm6.tif 4 3 0.3314465156305847 
ch00_p5-pl1-sample10-sperm4.tif 4 0 0.3200801316650025 
ch00_p5-pl1-sample10-sperm6.tif 4 4 0.45771364040012674 
ch00_p5-pl1-sample10-sperm7.tif 4 3 0.5539921142004727 
ch00_p5-pl1-sample12-sperm15.tif 4 0 0.45921742696985585 
ch00_p5-pl1-sample12-sperm16.tif 4 4 0.4251219050812671 
ch00_p5-pl1-sample12-sperm5.tif 4 4 0.4470986495984833 
ch00_p5-pl1-sample12-sperm7.tif 4 0 0.6167451561485823 
ch00_p5-pl1-sample14-sperm8.tif 4 4 0.4304928003402673 
ch00_p5-pl1-sample15-sperm2.tif 4 4 0.3303950847953724 
ch00_p5-pl1-sample15-sperm7.tif 4 1 0.3234008789374165 
ch00_p5-pl1-sample17-sperm2.tif 4 4 0.48941923024214606 
ch00_p5-pl1-sample17-sperm5.tif 4 4 0.33668419884030937 
ch00_p5-pl1-sample2-sperm10.tif 4 1 0.3303955374519734 
ch00_p5-pl1-sample20-sperm13.tif 4 4 0.4985019307902452 
ch00_p5-pl1-sample3-sperm21.tif 4 4 0.5155063408391478 
ch00_p5-pl1-sample4-sperm3.tif 4 4 0.4375781801353953 
ch00_p5-pl1-sample4-sperm8.tif 4 4 0.38216863842522697 
ch00_p5-pl1-sample5-sperm19.tif 4 4 0.417952801695405 
ch00_p5-pl1-sample9-sperm1.tif 4 4 0.5610051755910186 
ch00_p5-pl1-sample9-sperm3.tif 4 4 0.5279944792175647 
ch00_p5-pl1-sample9-sperm5.tif 4 3 0.49636452046900414 
ch00_p5-pl1-sample9-sperm6.tif 4 4 0.43490041779313554 
