ch00_p1-pl2-sample1-sperm10.tif 0 4 0.6700217515620139 
ch00_p1-pl2-sample10-sperm1.tif 0 0 0.407846779824354 
ch00_p1-pl2-sample10-sperm4.tif 0 0 0.8708805249626629 
ch00_p1-pl2-sample12-sperm9.tif 0 4 0.5653846311445964 
ch00_p1-pl2-sample14-sperm10.tif 0 4 0.6197632721978741 
ch00_p1-pl2-sample19-sperm7.tif 0 4 0.5564919628260834 
ch00_p1-pl2-sample22-sperm5.tif 0 4 0.8396518688607792 
ch00_p1-pl2-sample3-sperm4.tif 0 1 0.8560511983258267 
ch00_p1-pl2-sample35-sperm1.tif 0 4 0.7490959374166307 
ch00_p1-pl2-sample4-sperm20.tif 0 0 0.7980427565148265 
ch00_p1-pl2-sample4-sperm7.tif 0 1 0.49675951568420346 
ch00_p1-pl2-sample8-sperm6.tif 0 0 0.9580441873107385 
ch00_p1-pl2-sample9-sperm9.tif 0 4 0.962683901619903 
ch00_p1-pl3-sample10-sperm2.tif 0 4 0.9471807543044777 
ch00_p1-pl3-sample13-sperm3.tif 0 4 0.9887879945375538 
ch00_p1-pl3-sample15-sperm10.tif 0 0 0.7889698612893054 
ch00_p1-pl3-sample16-sperm7.tif 0 4 0.48440948726614264 
ch00_p1-pl3-sample2-sperm3.tif 0 4 0.9831712715664818 
ch00_p1-pl3-sample20-sperm6.tif 0 0 0.9708547779511809 
ch00_p3-pl1-sample19-sperm2.tif 0 0 0.78943014829883 
ch00_p3-pl1-sample25-sperm12.tif 0 0 0.9527441744443605 
ch00_p3-pl1-sample25-sperm13.tif 0 0 0.609342541851404 
ch00_p3-pl1-sample25-sperm3.tif 0 4 0.8497278693995304 
ch00_p3-pl1-sample4-sperm4.tif 0 0 0.9907166298123959 
ch00_p4-pl1-sample15-sperm4.tif 0 0 0.9946602061820219 
ch00_p4-pl1-sample18-sperm8.tif 0 4 0.9664234175108742 
ch00_p4-pl1-sample6-sperm10.tif 0 4 0.9120906313170375 
ch00_p4-pl2-sample14-sperm7.tif 0 0 0.6779850540726012 
ch00_p4-pl2-sample5-sperm6.tif 0 4 0.950549623332032 
ch00_p5-pl1-sample2-sperm9.tif 0 4 0.9976868955231927 
ch00_p1-pl2-sample1-sperm6.tif 1 1 0.6520640080131663 
ch00_p1-pl2-sample10-sperm5.tif 1 4 0.972947493973733 
ch00_p1-pl2-sample11-sperm10.tif 1 1 0.5305372733595028 
ch00_p1-pl2-sample11-sperm4.tif 1 4 0.7627720620569223 
ch00_p1-pl2-sample13-sperm10.tif 1 1 0.7297746236353331 
ch00_p1-pl2-sample13-sperm6.tif 1 1 0.9783314116350251 
ch00_p1-pl2-sample15-sperm3.tif 1 1 0.9239532500982216 
ch00_p1-pl2-sample19-sperm4.tif 1 1 0.5621435161779361 
ch00_p1-pl2-sample2-sperm12.tif 1 1 0.943879798121495 
ch00_p1-pl2-sample2-sperm3.tif 1 4 0.9068805980397233 
ch00_p1-pl2-sample2-sperm4.tif 1 1 0.7095498934044264 
ch00_p1-pl2-sample20-sperm13.tif 1 1 0.9339614085973901 
ch00_p1-pl2-sample21-sperm3.tif 1 1 0.9943901198221505 
ch00_p1-pl2-sample21-sperm8.tif 1 4 0.9064807608721501 
ch00_p1-pl2-sample21-sperm9.tif 1 1 0.8024183958967959 
ch00_p1-pl2-sample22-sperm6.tif 1 4 0.7692010766532552 
ch00_p1-pl2-sample24-sperm6.tif 1 1 0.998546958373976 
ch00_p1-pl2-sample25-sperm2.tif 1 4 0.6568261995288698 
ch00_p1-pl2-sample27-sperm2.tif 1 4 0.6073402439494981 
ch00_p1-pl2-sample29-sperm5.tif 1 4 0.6304486874815144 
ch00_p1-pl2-sample3-sperm10.tif 1 1 0.8792176647420755 
ch00_p1-pl2-sample3-sperm3.tif 1 1 0.6756210790762718 
ch00_p1-pl2-sample3-sperm9.tif 1 1 0.9943206150958841 
ch00_p1-pl2-sample30-sperm5.tif 1 1 0.9445788269300796 
ch00_p1-pl2-sample30-sperm7.tif 1 1 0.7969430124994696 
ch00_p1-pl2-sample31-sperm4.tif 1 1 0.9933002150127938 
ch00_p1-pl2-sample31-sperm8.tif 1 4 0.8797145415659795 
ch00_p1-pl2-sample32-sperm6.tif 1 4 0.5298329202123352 
ch00_p1-pl2-sample33-sperm12.tif 1 1 0.9910552172325797 
ch00_p1-pl2-sample5-sperm5.tif 1 0 0.7078809145191723 
ch00_p1-pl2-sample7-sperm11.tif 1 1 0.9758126978464393 
ch00_p1-pl2-sample8-sperm1.tif 1 4 0.9913296648728325 
ch00_p1-pl2-sample9-sperm8.tif 1 4 0.7952982846805984 
ch00_p1-pl3-sample11-sperm9.tif 1 1 0.9889242839719063 
ch00_p1-pl3-sample12-sperm19.tif 1 1 0.786896786702328 
ch00_p1-pl3-sample12-sperm2.tif 1 4 0.885797254509451 
ch00_p1-pl3-sample12-sperm7.tif 1 1 0.5231027558900866 
ch00_p1-pl3-sample18-sperm3.tif 1 1 0.5050715107621437 
ch00_p1-pl3-sample20-sperm3.tif 1 4 0.9355965806639194 
ch00_p1-pl3-sample7-sperm10.tif 1 1 0.9833194448420504 
ch00_p1-pl3-sample7-sperm12.tif 1 1 0.9237990135086906 
ch00_p3-pl1-sample12-sperm5.tif 1 1 0.9950613282953397 
ch00_p3-pl1-sample15-sperm9.tif 1 1 0.5818270164797362 
ch00_p3-pl1-sample17-sperm4.tif 1 1 0.898969504888057 
ch00_p3-pl1-sample19-sperm7.tif 1 1 0.9835006368569479 
ch00_p3-pl1-sample21-sperm7.tif 1 1 0.9975919568053344 
ch00_p3-pl1-sample22-sperm1.tif 1 4 0.9894389556149855 
ch00_p3-pl1-sample23-sperm4.tif 1 4 0.5553644067638918 
ch00_p3-pl1-sample27-sperm2.tif 1 1 0.8914460684052751 
ch00_p3-pl1-sample29-sperm6.tif 1 1 0.9975674487810464 
ch00_p3-pl1-sample3-sperm7.tif 1 1 0.9965395505860809 
ch00_p3-pl1-sample30-sperm2.tif 1 1 0.9925769325349664 
ch00_p3-pl1-sample31-sperm6.tif 1 1 0.9037192202052985 
ch00_p3-pl1-sample32-sperm5.tif 1 4 0.625019451322472 
ch00_p3-pl1-sample5-sperm6.tif 1 1 0.9990087605572242 
ch00_p3-pl1-sample8-sperm2.tif 1 1 0.970841152454173 
ch00_p4-pl1-sample12-sperm7.tif 1 1 0.8525174002266722 
ch00_p4-pl1-sample19-sperm3.tif 1 1 0.9630086159685097 
ch00_p4-pl1-sample9-sperm16.tif 1 1 0.7994192873206267 
ch00_p4-pl2-sample11-sperm1.tif 1 1 0.6929291219164571 
ch00_p4-pl2-sample5-sperm7.tif 1 1 0.9130723699742425 
ch00_p5-pl1-sample11-sperm2.tif 1 1 0.9914408105808884 
ch00_p5-pl1-sample12-sperm17.tif 1 1 0.9009169617465073 
ch00_p5-pl1-sample19-sperm11.tif 1 1 0.8805827261206037 
ch00_p5-pl1-sample20-sperm3.tif 1 1 0.9476711719880003 
ch00_p5-pl1-sample4-sperm9.tif 1 4 0.5668706734373193 
ch00_p5-pl1-sample5-sperm20.tif 1 4 0.8280669222940478 
ch00_p5-pl1-sample6-sperm16.tif 1 1 0.9622789577240465 
ch00_p1-pl2-sample10-sperm7.tif 2 4 0.950448493689691 
ch00_p1-pl2-sample13-sperm20.tif 2 2 0.9151498066688463 
ch00_p1-pl2-sample15-sperm2.tif 2 4 0.7838103934164142 
ch00_p1-pl2-sample17-sperm12.tif 2 4 0.9398720483314162 
ch00_p1-pl2-sample20-sperm14.tif 2 4 0.9519881772466919 
ch00_p1-pl2-sample23-sperm9.tif 2 4 0.6323328914783651 
ch00_p1-pl2-sample34-sperm5.tif 2 2 0.8794151833607861 
ch00_p1-pl2-sample6-sperm2.tif 2 2 0.8314152360792723 
ch00_p1-pl2-sample9-sperm17.tif 2 4 0.8118250073046235 
ch00_p1-pl3-sample1-sperm11.tif 2 1 0.8482073301896893 
ch00_p1-pl3-sample17-sperm9.tif 2 2 0.706250758876348 
ch00_p1-pl3-sample20-sperm4.tif 2 2 0.9736234655865142 
ch00_p1-pl3-sample6-sperm17.tif 2 4 0.9343796858086119 
ch00_p1-pl3-sample6-sperm2.tif 2 4 0.7942022544648367 
ch00_p1-pl3-sample7-sperm13.tif 2 4 0.8918719208775793 
ch00_p1-pl3-sample7-sperm5.tif 2 4 0.9696184973691618 
ch00_p3-pl1-sample14-sperm8.tif 2 4 0.9732554911146548 
ch00_p3-pl1-sample28-sperm5.tif 2 4 0.984882657861262 
ch00_p4-pl1-sample12-sperm15.tif 2 4 0.8771357577678898 
ch00_p4-pl1-sample13-sperm4.tif 2 2 0.9696648111995327 
ch00_p4-pl1-sample4-sperm6.tif 2 4 0.6286635314669643 
ch00_p4-pl1-sample7-sperm15.tif 2 4 0.9931197563132229 
ch00_p1-pl2-sample15-sperm6.tif 3 1 0.5152008078269755 
ch00_p1-pl2-sample17-sperm8.tif 3 4 0.9566473211915603 
ch00_p1-pl2-sample21-sperm5.tif 3 0 0.9352537224675558 
ch00_p1-pl2-sample23-sperm8.tif 3 3 0.7366077923326806 
ch00_p1-pl2-sample24-sperm3.tif 3 4 0.7083586217694159 
ch00_p1-pl2-sample33-sperm9.tif 3 4 0.9877207633223216 
ch00_p1-pl2-sample4-sperm12.tif 3 4 0.9691029748748247 
ch00_p1-pl2-sample7-sperm4.tif 3 4 0.5781206757262717 
ch00_p1-pl3-sample17-sperm4.tif 3 4 0.5961946856781628 
ch00_p1-pl3-sample20-sperm14.tif 3 4 0.8125705947527193 
ch00_p1-pl3-sample20-sperm9.tif 3 3 0.922273501150942 
ch00_p1-pl3-sample23-sperm13.tif 3 4 0.5510699896755052 
ch00_p1-pl3-sample24-sperm1.tif 3 3 0.9348852145257494 
ch00_p1-pl3-sample4-sperm4.tif 3 4 0.9787731667644948 
ch00_p1-pl3-sample9-sperm9.tif 3 4 0.5008531992527879 
ch00_p3-pl1-sample10-sperm1.tif 3 1 0.36089633556848993 
ch00_p3-pl1-sample28-sperm2.tif 3 0 0.5720994639181304 
ch00_p4-pl1-sample10-sperm2.tif 3 4 0.9861767805472587 
ch00_p4-pl1-sample11-sperm3.tif 3 3 0.96481542161925 
ch00_p4-pl1-sample4-sperm13.tif 3 1 0.5463624704741414 
ch00_p5-pl1-sample18-sperm1.tif 3 3 0.5862220666352259 
ch00_p1-pl2-sample1-sperm1.tif 4 4 0.9356723509679636 
ch00_p1-pl2-sample10-sperm14.tif 4 4 0.7936435490787996 
ch00_p1-pl2-sample10-sperm16.tif 4 0 0.6081212332690296 
ch00_p1-pl2-sample12-sperm1.tif 4 4 0.8607050585060099 
ch00_p1-pl2-sample12-sperm11.tif 4 4 0.9873694394756158 
ch00_p1-pl2-sample13-sperm1.tif 4 4 0.9735644210075445 
ch00_p1-pl2-sample13-sperm2.tif 4 4 0.9872471282634832 
ch00_p1-pl2-sample14-sperm14.tif 4 4 0.525574470627923 
ch00_p1-pl2-sample14-sperm4.tif 4 4 0.9643015757815803 
ch00_p1-pl2-sample14-sperm8.tif 4 0 0.7428047135569488 
ch00_p1-pl2-sample18-sperm9.tif 4 4 0.9109879518601119 
ch00_p1-pl2-sample2-sperm17.tif 4 1 0.5069428044061761 
ch00_p1-pl2-sample2-sperm8.tif 4 4 0.9226552149046382 
ch00_p1-pl2-sample23-sperm16.tif 4 4 0.9982567367016857 
ch00_p1-pl2-sample26-sperm1.tif 4 4 0.9278377240014083 
ch00_p1-pl2-sample28-sperm3.tif 4 4 0.9958997604396495 
ch00_p1-pl2-sample28-sperm4.tif 4 4 0.7401698537454796 
ch00_p1-pl2-sample28-sperm8.tif 4 4 0.9721769394829571 
ch00_p1-pl2-sample3-sperm13.tif 4 4 0.5141676273393184 
ch00_p1-pl2-sample30-sperm9.tif 4 4 0.9962798952757315 
ch00_p1-pl2-sample31-sperm6.tif 4 1 0.9480462017200794 
ch00_p1-pl2-sample31-sperm9.tif 4 4 0.9548705549682945 
ch00_p1-pl2-sample32-sperm11.tif 4 4 0.9533138944625217 
ch00_p1-pl2-sample32-sperm9.tif 4 4 0.9823303671401211 
ch00_p1-pl2-sample33-sperm7.tif 4 4 0.9809798188691026 
ch00_p1-pl2-sample34-sperm10.tif 4 4 0.9980878626264066 
ch00_p1-pl2-sample34-sperm11.tif 4 4 0.9460534487105619 
ch00_p1-pl2-sample34-sperm8.tif 4 4 0.9663288613077717 
ch00_p1-pl2-sample35-sperm9.tif 4 4 0.9583365302368572 
ch00_p1-pl2-sample4-sperm4.tif 4 4 0.42137223900121257 
ch00_p1-pl2-sample8-sperm5.tif 4 4 0.9873390901865742 
ch00_p1-pl3-sample1-sperm13.tif 4 4 0.754111051464694 
ch00_p1-pl3-sample10-sperm1.tif 4 4 0.9958726687849127 
ch00_p1-pl3-sample12-sperm10.tif 4 4 0.9459270233149708 
ch00_p1-pl3-sample13-sperm5.tif 4 4 0.7201539032445612 
ch00_p1-pl3-sample13-sperm7.tif 4 4 0.9514898836814594 
ch00_p1-pl3-sample13-sperm9.tif 4 4 0.827865229077775 
ch00_p1-pl3-sample14-sperm15.tif 4 4 0.9531381928457431 
ch00_p1-pl3-sample15-sperm19.tif 4 4 0.9567790533910767 
ch00_p1-pl3-sample15-sperm5.tif 4 4 0.9639704142260348 
ch00_p1-pl3-sample17-sperm7.tif 4 4 0.7961860074993815 
ch00_p1-pl3-sample19-sperm1.tif 4 3 0.61390345136983 
ch00_p1-pl3-sample19-sperm2.tif 4 4 0.9184933720429278 
ch00_p1-pl3-sample2-sperm10.tif 4 4 0.850171502176503 
ch00_p1-pl3-sample2-sperm12.tif 4 4 0.951587647901402 
ch00_p1-pl3-sample2-sperm14.tif 4 4 0.5406961050255996 
ch00_p1-pl3-sample21-sperm4.tif 4 4 0.7683779636067868 
ch00_p1-pl3-sample21-sperm9.tif 4 4 0.9534129243392021 
ch00_p1-pl3-sample22-sperm6.tif 4 4 0.6197786677202032 
ch00_p1-pl3-sample23-sperm11.tif 4 1 0.9026738486148694 
ch00_p1-pl3-sample23-sperm18.tif 4 4 0.9843778875801522 
ch00_p1-pl3-sample23-sperm6.tif 4 4 0.9275471709902847 
ch00_p1-pl3-sample24-sperm11.tif 4 4 0.8873505799719625 
ch00_p1-pl3-sample24-sperm13.tif 4 4 0.9106407347532312 
ch00_p1-pl3-sample24-sperm23.tif 4 4 0.9940690694845687 
ch00_p1-pl3-sample24-sperm6.tif 4 0 0.45050980987383626 
ch00_p1-pl3-sample25-sperm10.tif 4 1 0.5219281323245081 
ch00_p1-pl3-sample25-sperm3.tif 4 1 0.9687472494960206 
ch00_p1-pl3-sample25-sperm4.tif 4 4 0.9321480532054937 
ch00_p1-pl3-sample25-sperm8.tif 4 0 0.7416962169473286 
ch00_p1-pl3-sample3-sperm4.tif 4 4 0.8291949432534309 
ch00_p1-pl3-sample3-sperm6.tif 4 4 0.9744038563297234 
ch00_p1-pl3-sample4-sperm10.tif 4 1 0.519999582090068 
ch00_p1-pl3-sample4-sperm9.tif 4 4 0.9816409958059227 
ch00_p1-pl3-sample5-sperm13.tif 4 4 0.908699634979791 
ch00_p1-pl3-sample8-sperm15.tif 4 4 0.9861418152137261 
ch00_p1-pl3-sample8-sperm6.tif 4 4 0.9276232383078868 
ch00_p1-pl3-sample9-sperm12.tif 4 4 0.6121893966159432 
ch00_p1-pl3-sample9-sperm14.tif 4 4 0.9967107297274851 
ch00_p1-pl3-sample9-sperm8.tif 4 4 0.9572562645298419 
ch00_p3-pl1-sample11-sperm1.tif 4 1 0.6301415916031632 
ch00_p3-pl1-sample13-sperm4.tif 4 4 0.9966638942748971 
ch00_p3-pl1-sample13-sperm6.tif 4 4 0.9335785287100886 
ch00_p3-pl1-sample15-sperm4.tif 4 4 0.962562302443449 
ch00_p3-pl1-sample19-sperm9.tif 4 4 0.894387346500803 
ch00_p3-pl1-sample2-sperm10.tif 4 0 0.38935885162583606 
ch00_p3-pl1-sample2-sperm5.tif 4 2 0.9549133659296661 
ch00_p3-pl1-sample2-sperm6.tif 4 3 0.7038241608998254 
ch00_p3-pl1-sample20-sperm2.tif 4 0 0.9706327881575857 
ch00_p3-pl1-sample21-sperm4.tif 4 4 0.9726224847512404 
ch00_p3-pl1-sample23-sperm6.tif 4 2 0.5147030606795814 
ch00_p3-pl1-sample24-sperm4.tif 4 4 0.5521408792429737 
ch00_p3-pl1-sample25-sperm10.tif 4 1 0.981165414240989 
ch00_p3-pl1-sample25-sperm2.tif 4 4 0.9554194004660367 
ch00_p3-pl1-sample26-sperm5.tif 4 4 0.9923507861753528 
ch00_p3-pl1-sample29-sperm4.tif 4 4 0.9920120021148208 
ch00_p3-pl1-sample3-sperm2.tif 4 4 0.7560259010331838 
ch00_p3-pl1-sample3-sperm6.tif 4 2 0.826357376788561 
ch00_p3-pl1-sample30-sperm4.tif 4 4 0.9875997620996052 
ch00_p3-pl1-sample32-sperm6.tif 4 1 0.6622707563686536 
ch00_p3-pl1-sample32-sperm7.tif 4 1 0.5813692357203154 
ch00_p3-pl1-sample5-sperm3.tif 4 1 0.9403695698007518 
ch00_p3-pl1-sample7-sperm1.tif 4 4 0.5755386126123331 
ch00_p3-pl1-sample7-sperm6.tif 4 1 0.5491555098579719 
ch00_p3-pl1-sample7-sperm7.tif 4 1 0.6868207664458682 
ch00_p3-pl1-sample7-sperm8.tif 4 4 0.5355753311514927 
ch00_p4-pl1-sample1-sperm12.tif 4 1 0.9703408726831119 
ch00_p4-pl1-sample1-sperm7.tif 4 4 0.9214470226277529 
ch00_p4-pl1-sample1-sperm8.tif 4 4 0.9958590723237144 
ch00_p4-pl1-sample1-sperm9.tif 4 4 0.9382220054449057 
ch00_p4-pl1-sample10-sperm16.tif 4 4 0.9872482136574403 
ch00_p4-pl1-sample10-sperm17.tif 4 0 0.9766402987525059 
ch00_p4-pl1-sample10-sperm20.tif 4 4 0.8973676793377682 
ch00_p4-pl1-sample10-sperm21.tif 4 4 0.9563752237992356 
ch00_p4-pl1-sample10-sperm5.tif 4 4 0.9775647453381583 
ch00_p4-pl1-sample11-sperm14.tif 4 4 0.602781915324976 
ch00_p4-pl1-sample11-sperm4.tif 4 4 0.6801604987244592 
ch00_p4-pl1-sample12-sperm1.tif 4 4 0.8894757856646985 
ch00_p4-pl1-sample12-sperm8.tif 4 1 0.9152210761750991 
ch00_p4-pl1-sample13-sperm5.tif 4 2 0.5339425673194156 
ch00_p4-pl1-sample13-sperm7.tif 4 4 0.9111249592488868 
ch00_p4-pl1-sample13-sperm8.tif 4 1 0.7380860943076596 
ch00_p4-pl1-sample14-sperm13.tif 4 0 0.7915734876547736 
ch00_p4-pl1-sample14-sperm3.tif 4 4 0.9046313712458697 
ch00_p4-pl1-sample14-sperm5.tif 4 1 0.9420233843242354 
ch00_p4-pl1-sample14-sperm7.tif 4 4 0.7002180826213923 
ch00_p4-pl1-sample15-sperm5.tif 4 4 0.8462531996445305 
ch00_p4-pl1-sample16-sperm10.tif 4 2 0.8156835545441721 
ch00_p4-pl1-sample16-sperm17.tif 4 4 0.8740167321966751 
ch00_p4-pl1-sample16-sperm7.tif 4 4 0.553910801300708 
ch00_p4-pl1-sample18-sperm1.tif 4 4 0.9784013567959714 
ch00_p4-pl1-sample2-sperm1.tif 4 1 0.9797308542355739 
ch00_p4-pl1-sample2-sperm13.tif 4 4 0.9665776845461512 
ch00_p4-pl1-sample4-sperm10.tif 4 4 0.8525449364807387 
ch00_p4-pl1-sample4-sperm3.tif 4 4 0.8954316738378094 
ch00_p4-pl1-sample5-sperm1.tif 4 4 0.9535665407204847 
ch00_p4-pl1-sample5-sperm2.tif 4 1 0.9354248335686416 
ch00_p4-pl1-sample5-sperm9.tif 4 4 0.8777565532171487 
ch00_p4-pl1-sample6-sperm3.tif 4 3 0.9559584558877283 
ch00_p4-pl1-sample6-sperm7.tif 4 4 0.7904536701438212 
ch00_p4-pl1-sample7-sperm10.tif 4 0 0.9851658433308745 
ch00_p4-pl1-sample7-sperm13.tif 4 4 0.9764026874937933 
ch00_p4-pl1-sample7-sperm2.tif 4 4 0.8627387404415322 
ch00_p4-pl1-sample7-sperm8.tif 4 4 0.8172353727425001 
ch00_p4-pl1-sample8-sperm1.tif 4 4 0.9469722550890609 
ch00_p4-pl1-sample8-sperm10.tif 4 2 0.9810478991867302 
ch00_p4-pl1-sample8-sperm12.tif 4 2 0.5386106521738824 
ch00_p4-pl1-sample8-sperm9.tif 4 4 0.9235128955754818 
ch00_p4-pl1-sample9-sperm2.tif 4 4 0.9873786729137207 
ch00_p4-pl1-sample9-sperm6.tif 4 4 0.9464366265647323 
ch00_p4-pl2-sample10-sperm7.tif 4 4 0.9920961146544776 
ch00_p4-pl2-sample12-sperm1.tif 4 1 0.7148586911317725 
ch00_p4-pl2-sample12-sperm11.tif 4 4 0.7078136423146391 
ch00_p4-pl2-sample12-sperm7.tif 4 4 0.9431138308232883 
ch00_p4-pl2-sample13-sperm10.tif 4 4 0.9946496240083039 
ch00_p4-pl2-sample13-sperm2.tif 4 4 0.7773587988129668 
ch00_p4-pl2-sample15-sperm5.tif 4 4 0.761775310655776 
ch00_p4-pl2-sample16-sperm4.tif 4 4 0.9468640722517333 
ch00_p4-pl2-sample16-sperm5.tif 4 3 0.983657434874778 
ch00_p4-pl2-sample17-sperm3.tif 4 4 0.8500428995764355 
ch00_p4-pl2-sample18-sperm1.tif 4 4 0.7393271901249543 
ch00_p4-pl2-sample18-sperm3.tif 4 4 0.9029401364334937 
ch00_p4-pl2-sample19-sperm3.tif 4 1 0.8702033203708285 
ch00_p4-pl2-sample19-sperm4.tif 4 0 0.675026569756583 
ch00_p4-pl2-sample2-sperm10.tif 4 0 0.911197410378854 
ch00_p4-pl2-sample20-sperm3.tif 4 0 0.5863164883596425 
ch00_p4-pl2-sample20-sperm5.tif 4 0 0.9230884079813488 
ch00_p4-pl2-sample3-sperm3.tif 4 4 0.9730608444565297 
ch00_p4-pl2-sample3-sperm4.tif 4 4 0.9537222502165035 
ch00_p4-pl2-sample3-sperm6.tif 4 2 0.9803118766678036 
ch00_p4-pl2-sample3-sperm7.tif 4 4 0.9746592235576474 
ch00_p4-pl2-sample5-sperm4.tif 4 1 0.46115803789538345 
ch00_p4-pl2-sample5-sperm5.tif 4 1 0.5609542905098471 
ch00_p4-pl2-sample6-sperm3.tif 4 4 0.57287121327961 
ch00_p4-pl2-sample7-sperm10.tif 4 4 0.9862901007798709 
ch00_p4-pl2-sample7-sperm3.tif 4 0 0.9529801013746957 
ch00_p4-pl2-sample7-sperm7.tif 4 1 0.9827653444897888 
ch00_p4-pl2-sample7-sperm8.tif 4 4 0.9631325953674211 
ch00_p4-pl2-sample8-sperm1.tif 4 4 0.9927672428146175 
ch00_p4-pl2-sample8-sperm2.tif 4 4 0.8745127799496337 
ch00_p4-pl2-sample8-sperm9.tif 4 4 0.9972011104539136 
ch00_p4-pl2-sample9-sperm7.tif 4 1 0.47430773792489134 
ch00_p5-pl1-sample1-sperm5.tif 4 4 0.7759270078414985 
ch00_p5-pl1-sample1-sperm6.tif 4 1 0.8712774940094262 
ch00_p5-pl1-sample10-sperm4.tif 4 3 0.5539005399459943 
ch00_p5-pl1-sample10-sperm6.tif 4 4 0.841367950475386 
ch00_p5-pl1-sample10-sperm7.tif 4 4 0.7281362384316578 
ch00_p5-pl1-sample12-sperm15.tif 4 4 0.9064326995681201 
ch00_p5-pl1-sample12-sperm16.tif 4 4 0.818789070121766 
ch00_p5-pl1-sample12-sperm5.tif 4 4 0.9672857711689776 
ch00_p5-pl1-sample12-sperm7.tif 4 0 0.9662153543404938 
ch00_p5-pl1-sample14-sperm8.tif 4 4 0.9755686461286286 
ch00_p5-pl1-sample15-sperm2.tif 4 4 0.9761839350347129 
ch00_p5-pl1-sample15-sperm7.tif 4 1 0.9844987587093553 
ch00_p5-pl1-sample17-sperm2.tif 4 4 0.9931035520505432 
ch00_p5-pl1-sample17-sperm5.tif 4 4 0.8386448164998197 
ch00_p5-pl1-sample2-sperm10.tif 4 1 0.5043653266210109 
ch00_p5-pl1-sample20-sperm13.tif 4 1 0.6381392562459829 
ch00_p5-pl1-sample3-sperm21.tif 4 4 0.5761487433515579 
ch00_p5-pl1-sample4-sperm3.tif 4 4 0.9792473370327921 
ch00_p5-pl1-sample4-sperm8.tif 4 4 0.8288728949316143 
ch00_p5-pl1-sample5-sperm19.tif 4 4 0.9666072016235154 
ch00_p5-pl1-sample9-sperm1.tif 4 4 0.9918329068751678 
ch00_p5-pl1-sample9-sperm3.tif 4 1 0.7215327381568869 
ch00_p5-pl1-sample9-sperm5.tif 4 4 0.46698593359107204 
ch00_p5-pl1-sample9-sperm6.tif 4 4 0.9810279462678343 
