ch00_p1-pl2-sample1-sperm10.tif 0 0 0.832298032271103 
ch00_p1-pl2-sample10-sperm1.tif 0 0 0.9798653784834518 
ch00_p1-pl2-sample10-sperm4.tif 0 4 0.9820090484263443 
ch00_p1-pl2-sample12-sperm9.tif 0 0 0.518076214576862 
ch00_p1-pl2-sample14-sperm10.tif 0 4 0.8640350486444284 
ch00_p1-pl2-sample19-sperm7.tif 0 0 0.5922867004472205 
ch00_p1-pl2-sample22-sperm5.tif 0 4 0.7377016572400547 
ch00_p1-pl2-sample3-sperm4.tif 0 0 0.48146334586819395 
ch00_p1-pl2-sample35-sperm1.tif 0 4 0.8896877676837481 
ch00_p1-pl2-sample4-sperm20.tif 0 4 0.9931557867210146 
ch00_p1-pl2-sample4-sperm7.tif 0 0 0.7076432748946969 
ch00_p1-pl2-sample8-sperm6.tif 0 0 0.9983277289701413 
ch00_p1-pl2-sample9-sperm9.tif 0 4 0.9939557739358614 
ch00_p1-pl3-sample10-sperm2.tif 0 4 0.5850732757789738 
ch00_p1-pl3-sample13-sperm3.tif 0 4 0.9810404492187185 
ch00_p1-pl3-sample15-sperm10.tif 0 4 0.9537323040689689 
ch00_p1-pl3-sample16-sperm7.tif 0 4 0.8695378310062667 
ch00_p1-pl3-sample2-sperm3.tif 0 4 0.9950568253594194 
ch00_p1-pl3-sample20-sperm6.tif 0 4 0.93065406799458 
ch00_p3-pl1-sample19-sperm2.tif 0 4 0.9709529817775723 
ch00_p3-pl1-sample25-sperm12.tif 0 0 0.5227025402521421 
ch00_p3-pl1-sample25-sperm13.tif 0 4 0.9212434735967543 
ch00_p3-pl1-sample25-sperm3.tif 0 4 0.9846002479235322 
ch00_p3-pl1-sample4-sperm4.tif 0 0 0.8027483318406455 
ch00_p4-pl1-sample15-sperm4.tif 0 0 0.9999671129771507 
ch00_p4-pl1-sample18-sperm8.tif 0 4 0.989990483029555 
ch00_p4-pl1-sample6-sperm10.tif 0 4 0.9636369735837876 
ch00_p4-pl2-sample14-sperm7.tif 0 4 0.9703388936629987 
ch00_p4-pl2-sample5-sperm6.tif 0 4 0.9037919645381788 
ch00_p5-pl1-sample2-sperm9.tif 0 4 0.9962844037493973 
ch00_p1-pl2-sample1-sperm6.tif 1 4 0.4624181893260281 
ch00_p1-pl2-sample10-sperm5.tif 1 4 0.9916758243276618 
ch00_p1-pl2-sample11-sperm10.tif 1 1 0.99992895971291 
ch00_p1-pl2-sample11-sperm4.tif 1 1 0.48049612111334883 
ch00_p1-pl2-sample13-sperm10.tif 1 1 0.5536439582789752 
ch00_p1-pl2-sample13-sperm6.tif 1 2 0.5768747239348132 
ch00_p1-pl2-sample15-sperm3.tif 1 1 0.9921562064566668 
ch00_p1-pl2-sample19-sperm4.tif 1 4 0.977016192784494 
ch00_p1-pl2-sample2-sperm12.tif 1 1 0.9970093685764883 
ch00_p1-pl2-sample2-sperm3.tif 1 4 0.885117586944135 
ch00_p1-pl2-sample2-sperm4.tif 1 4 0.8100322186717667 
ch00_p1-pl2-sample20-sperm13.tif 1 1 0.47569488633224966 
ch00_p1-pl2-sample21-sperm3.tif 1 1 0.9999553917190934 
ch00_p1-pl2-sample21-sperm8.tif 1 4 0.9999988728161799 
ch00_p1-pl2-sample21-sperm9.tif 1 1 0.9999726466584139 
ch00_p1-pl2-sample22-sperm6.tif 1 4 0.9524080062847143 
ch00_p1-pl2-sample24-sperm6.tif 1 1 0.4644333238237962 
ch00_p1-pl2-sample25-sperm2.tif 1 4 0.9986210437581907 
ch00_p1-pl2-sample27-sperm2.tif 1 1 0.5072002431814168 
ch00_p1-pl2-sample29-sperm5.tif 1 4 0.7823200856675772 
ch00_p1-pl2-sample3-sperm10.tif 1 1 0.9999670964231607 
ch00_p1-pl2-sample3-sperm3.tif 1 1 0.9969175101815066 
ch00_p1-pl2-sample3-sperm9.tif 1 1 0.9999730144235914 
ch00_p1-pl2-sample30-sperm5.tif 1 1 0.9991042229556444 
ch00_p1-pl2-sample30-sperm7.tif 1 4 0.9918257977415808 
ch00_p1-pl2-sample31-sperm4.tif 1 1 0.998717790740247 
ch00_p1-pl2-sample31-sperm8.tif 1 1 0.6846841904851775 
ch00_p1-pl2-sample32-sperm6.tif 1 4 0.970099326426869 
ch00_p1-pl2-sample33-sperm12.tif 1 1 0.9999610935303068 
ch00_p1-pl2-sample5-sperm5.tif 1 4 0.9711532114004755 
ch00_p1-pl2-sample7-sperm11.tif 1 1 0.9998581549956321 
ch00_p1-pl2-sample8-sperm1.tif 1 4 0.999999904754607 
ch00_p1-pl2-sample9-sperm8.tif 1 1 0.9891438865070807 
ch00_p1-pl3-sample11-sperm9.tif 1 1 0.9999982539820421 
ch00_p1-pl3-sample12-sperm19.tif 1 1 0.9999275235059218 
ch00_p1-pl3-sample12-sperm2.tif 1 1 0.994678240892052 
ch00_p1-pl3-sample12-sperm7.tif 1 2 0.48311347949975186 
ch00_p1-pl3-sample18-sperm3.tif 1 1 0.9084708969433886 
ch00_p1-pl3-sample20-sperm3.tif 1 4 0.996868658577755 
ch00_p1-pl3-sample7-sperm10.tif 1 1 0.999594472734996 
ch00_p1-pl3-sample7-sperm12.tif 1 1 0.9992902296377224 
ch00_p3-pl1-sample12-sperm5.tif 1 1 0.9933518569106836 
ch00_p3-pl1-sample15-sperm9.tif 1 1 0.9993517838024719 
ch00_p3-pl1-sample17-sperm4.tif 1 1 0.9938677232782588 
ch00_p3-pl1-sample19-sperm7.tif 1 1 0.994884401419811 
ch00_p3-pl1-sample21-sperm7.tif 1 1 0.999921765698929 
ch00_p3-pl1-sample22-sperm1.tif 1 4 0.9691558439096781 
ch00_p3-pl1-sample23-sperm4.tif 1 1 0.9999875859599493 
ch00_p3-pl1-sample27-sperm2.tif 1 1 0.9999857260359735 
ch00_p3-pl1-sample29-sperm6.tif 1 1 0.999998790838136 
ch00_p3-pl1-sample3-sperm7.tif 1 1 0.9999488685447444 
ch00_p3-pl1-sample30-sperm2.tif 1 1 0.9999990218719337 
ch00_p3-pl1-sample31-sperm6.tif 1 1 0.9994788807166846 
ch00_p3-pl1-sample32-sperm5.tif 1 1 0.9999282154354472 
ch00_p3-pl1-sample5-sperm6.tif 1 1 0.9998957071124535 
ch00_p3-pl1-sample8-sperm2.tif 1 1 0.9999981958053545 
ch00_p4-pl1-sample12-sperm7.tif 1 1 0.8200107107702875 
ch00_p4-pl1-sample19-sperm3.tif 1 4 0.9921869719029591 
ch00_p4-pl1-sample9-sperm16.tif 1 1 0.9936206334958134 
ch00_p4-pl2-sample11-sperm1.tif 1 2 0.4561120185997942 
ch00_p4-pl2-sample5-sperm7.tif 1 1 0.9982640635941026 
ch00_p5-pl1-sample11-sperm2.tif 1 1 0.9999419436563994 
ch00_p5-pl1-sample12-sperm17.tif 1 1 0.8884361288755079 
ch00_p5-pl1-sample19-sperm11.tif 1 1 0.5408273802092376 
ch00_p5-pl1-sample20-sperm3.tif 1 1 0.9994796395012115 
ch00_p5-pl1-sample4-sperm9.tif 1 4 0.9986393632526265 
ch00_p5-pl1-sample5-sperm20.tif 1 1 0.6004700803351504 
ch00_p5-pl1-sample6-sperm16.tif 1 1 0.999655443285129 
ch00_p1-pl2-sample10-sperm7.tif 2 4 0.6598944594594225 
ch00_p1-pl2-sample13-sperm20.tif 2 4 0.8409921188961424 
ch00_p1-pl2-sample15-sperm2.tif 2 2 0.992546301043169 
ch00_p1-pl2-sample17-sperm12.tif 2 4 0.6234914144792528 
ch00_p1-pl2-sample20-sperm14.tif 2 4 0.9606180047536498 
ch00_p1-pl2-sample23-sperm9.tif 2 4 0.9999944093984127 
ch00_p1-pl2-sample34-sperm5.tif 2 2 0.9400201707601316 
ch00_p1-pl2-sample6-sperm2.tif 2 1 0.5146039055044526 
ch00_p1-pl2-sample9-sperm17.tif 2 4 0.9982258078042876 
ch00_p1-pl3-sample1-sperm11.tif 2 1 0.999527925316994 
ch00_p1-pl3-sample17-sperm9.tif 2 2 0.9972498830310256 
ch00_p1-pl3-sample20-sperm4.tif 2 4 0.8894457917208106 
ch00_p1-pl3-sample6-sperm17.tif 2 2 0.8522688002604087 
ch00_p1-pl3-sample6-sperm2.tif 2 1 0.9970875277764246 
ch00_p1-pl3-sample7-sperm13.tif 2 4 0.7769512103111988 
ch00_p1-pl3-sample7-sperm5.tif 2 4 0.9981456926154203 
ch00_p3-pl1-sample14-sperm8.tif 2 1 0.9678320747022183 
ch00_p3-pl1-sample28-sperm5.tif 2 2 0.99340992828426 
ch00_p4-pl1-sample12-sperm15.tif 2 4 0.996328721532936 
ch00_p4-pl1-sample13-sperm4.tif 2 2 0.5392194662750405 
ch00_p4-pl1-sample4-sperm6.tif 2 4 0.9940453099162432 
ch00_p4-pl1-sample7-sperm15.tif 2 4 0.9970195164571025 
ch00_p1-pl2-sample15-sperm6.tif 3 3 0.9980699372782369 
ch00_p1-pl2-sample17-sperm8.tif 3 4 0.7924901331480199 
ch00_p1-pl2-sample21-sperm5.tif 3 0 0.9832948953138569 
ch00_p1-pl2-sample23-sperm8.tif 3 4 0.653772542007525 
ch00_p1-pl2-sample24-sperm3.tif 3 3 0.7624319146279532 
ch00_p1-pl2-sample33-sperm9.tif 3 4 0.9754134360784549 
ch00_p1-pl2-sample4-sperm12.tif 3 4 0.9999996434985635 
ch00_p1-pl2-sample7-sperm4.tif 3 3 0.885117698172163 
ch00_p1-pl3-sample17-sperm4.tif 3 3 0.9938244998935704 
ch00_p1-pl3-sample20-sperm14.tif 3 4 0.9999959343877489 
ch00_p1-pl3-sample20-sperm9.tif 3 0 0.5421816182532109 
ch00_p1-pl3-sample23-sperm13.tif 3 3 0.5340734390748908 
ch00_p1-pl3-sample24-sperm1.tif 3 3 0.7343950277023306 
ch00_p1-pl3-sample4-sperm4.tif 3 4 0.7240511243768694 
ch00_p1-pl3-sample9-sperm9.tif 3 4 0.5454760676866995 
ch00_p3-pl1-sample10-sperm1.tif 3 1 0.8467357707146083 
ch00_p3-pl1-sample28-sperm2.tif 3 4 0.9999970466622112 
ch00_p4-pl1-sample10-sperm2.tif 3 4 0.9999998088642377 
ch00_p4-pl1-sample11-sperm3.tif 3 3 0.981487445967296 
ch00_p4-pl1-sample4-sperm13.tif 3 4 0.6519529542524409 
ch00_p5-pl1-sample18-sperm1.tif 3 4 0.9999996037463912 
ch00_p1-pl2-sample1-sperm1.tif 4 4 0.9999999999997455 
ch00_p1-pl2-sample10-sperm14.tif 4 4 0.9986211277613346 
ch00_p1-pl2-sample10-sperm16.tif 4 4 0.5985879136719151 
ch00_p1-pl2-sample12-sperm1.tif 4 4 0.9999970353303097 
ch00_p1-pl2-sample12-sperm11.tif 4 4 0.9999949931161689 
ch00_p1-pl2-sample13-sperm1.tif 4 4 0.987496254555617 
ch00_p1-pl2-sample13-sperm2.tif 4 4 0.99320203286978 
ch00_p1-pl2-sample14-sperm14.tif 4 4 0.9999969789431962 
ch00_p1-pl2-sample14-sperm4.tif 4 4 0.9070656166337183 
ch00_p1-pl2-sample14-sperm8.tif 4 4 0.9628906917139578 
ch00_p1-pl2-sample18-sperm9.tif 4 4 0.9914114231196813 
ch00_p1-pl2-sample2-sperm17.tif 4 4 0.9768513947925942 
ch00_p1-pl2-sample2-sperm8.tif 4 4 0.9778413778111819 
ch00_p1-pl2-sample23-sperm16.tif 4 4 0.9999956399450012 
ch00_p1-pl2-sample26-sperm1.tif 4 3 0.9882371517559748 
ch00_p1-pl2-sample28-sperm3.tif 4 4 0.9999999247624826 
ch00_p1-pl2-sample28-sperm4.tif 4 4 0.9913224777256695 
ch00_p1-pl2-sample28-sperm8.tif 4 4 0.9999964815002395 
ch00_p1-pl2-sample3-sperm13.tif 4 4 0.9934103538152134 
ch00_p1-pl2-sample30-sperm9.tif 4 4 0.9227404521517764 
ch00_p1-pl2-sample31-sperm6.tif 4 1 0.9999116101955672 
ch00_p1-pl2-sample31-sperm9.tif 4 4 0.6368578120191825 
ch00_p1-pl2-sample32-sperm11.tif 4 4 0.9999998468667471 
ch00_p1-pl2-sample32-sperm9.tif 4 4 0.9059343408207389 
ch00_p1-pl2-sample33-sperm7.tif 4 4 0.919750558782655 
ch00_p1-pl2-sample34-sperm10.tif 4 4 0.999999825484402 
ch00_p1-pl2-sample34-sperm11.tif 4 4 0.8517058730068211 
ch00_p1-pl2-sample34-sperm8.tif 4 4 0.7367370258082135 
ch00_p1-pl2-sample35-sperm9.tif 4 4 0.7235127293704229 
ch00_p1-pl2-sample4-sperm4.tif 4 4 0.9256752125533547 
ch00_p1-pl2-sample8-sperm5.tif 4 4 0.9999999955536533 
ch00_p1-pl3-sample1-sperm13.tif 4 4 0.9516721258358162 
ch00_p1-pl3-sample10-sperm1.tif 4 4 0.9999986404050701 
ch00_p1-pl3-sample12-sperm10.tif 4 1 0.583473526410666 
ch00_p1-pl3-sample13-sperm5.tif 4 4 0.9773938128560976 
ch00_p1-pl3-sample13-sperm7.tif 4 4 0.9999998371102482 
ch00_p1-pl3-sample13-sperm9.tif 4 1 0.9587553389691804 
ch00_p1-pl3-sample14-sperm15.tif 4 4 0.9999997800105788 
ch00_p1-pl3-sample15-sperm19.tif 4 4 0.9999987909062948 
ch00_p1-pl3-sample15-sperm5.tif 4 4 0.9929906862364023 
ch00_p1-pl3-sample17-sperm7.tif 4 4 0.9999989493015232 
ch00_p1-pl3-sample19-sperm1.tif 4 4 0.9146002307851725 
ch00_p1-pl3-sample19-sperm2.tif 4 4 0.909555264702889 
ch00_p1-pl3-sample2-sperm10.tif 4 4 0.989000854555454 
ch00_p1-pl3-sample2-sperm12.tif 4 4 0.4884319833864306 
ch00_p1-pl3-sample2-sperm14.tif 4 4 0.7546760838500294 
ch00_p1-pl3-sample21-sperm4.tif 4 1 0.9997896045691911 
ch00_p1-pl3-sample21-sperm9.tif 4 4 0.9967971495500527 
ch00_p1-pl3-sample22-sperm6.tif 4 3 0.9999578896417524 
ch00_p1-pl3-sample23-sperm11.tif 4 1 0.9999040297210913 
ch00_p1-pl3-sample23-sperm18.tif 4 4 0.9999963459028864 
ch00_p1-pl3-sample23-sperm6.tif 4 4 0.9999999614637172 
ch00_p1-pl3-sample24-sperm11.tif 4 4 0.8911776607241879 
ch00_p1-pl3-sample24-sperm13.tif 4 4 0.9781344224901679 
ch00_p1-pl3-sample24-sperm23.tif 4 4 0.9999999359108782 
ch00_p1-pl3-sample24-sperm6.tif 4 4 0.9970720142939036 
ch00_p1-pl3-sample25-sperm10.tif 4 1 0.9906358354458816 
ch00_p1-pl3-sample25-sperm3.tif 4 1 0.999404532403129 
ch00_p1-pl3-sample25-sperm4.tif 4 2 0.9931092459558474 
ch00_p1-pl3-sample25-sperm8.tif 4 0 0.9847026504646837 
ch00_p1-pl3-sample3-sperm4.tif 4 1 0.9989244837575885 
ch00_p1-pl3-sample3-sperm6.tif 4 4 0.9999977089142534 
ch00_p1-pl3-sample4-sperm10.tif 4 1 0.9958523081699354 
ch00_p1-pl3-sample4-sperm9.tif 4 4 0.9338684516867896 
ch00_p1-pl3-sample5-sperm13.tif 4 4 0.9972833492589306 
ch00_p1-pl3-sample8-sperm15.tif 4 4 0.998659763747123 
ch00_p1-pl3-sample8-sperm6.tif 4 4 0.9143965295876704 
ch00_p1-pl3-sample9-sperm12.tif 4 0 0.9599405835593837 
ch00_p1-pl3-sample9-sperm14.tif 4 4 0.9999996850234842 
ch00_p1-pl3-sample9-sperm8.tif 4 4 0.9245965658313346 
ch00_p3-pl1-sample11-sperm1.tif 4 4 0.9999987829371908 
ch00_p3-pl1-sample13-sperm4.tif 4 4 0.9778755341865012 
ch00_p3-pl1-sample13-sperm6.tif 4 4 0.9833786923920212 
ch00_p3-pl1-sample15-sperm4.tif 4 4 0.9999999790023604 
ch00_p3-pl1-sample19-sperm9.tif 4 4 0.9999981322756895 
ch00_p3-pl1-sample2-sperm10.tif 4 4 0.4999891403284119 
ch00_p3-pl1-sample2-sperm5.tif 4 4 0.999999822865797 
ch00_p3-pl1-sample2-sperm6.tif 4 3 0.9200175840409964 
ch00_p3-pl1-sample20-sperm2.tif 4 0 0.9991425654870522 
ch00_p3-pl1-sample21-sperm4.tif 4 4 0.9999975242550481 
ch00_p3-pl1-sample23-sperm6.tif 4 1 0.9476949938859003 
ch00_p3-pl1-sample24-sperm4.tif 4 4 0.9999994948358126 
ch00_p3-pl1-sample25-sperm10.tif 4 1 0.9999618387238856 
ch00_p3-pl1-sample25-sperm2.tif 4 4 0.9967813637430883 
ch00_p3-pl1-sample26-sperm5.tif 4 4 0.9999990286671012 
ch00_p3-pl1-sample29-sperm4.tif 4 4 0.9999993685556551 
ch00_p3-pl1-sample3-sperm2.tif 4 3 0.9621815638676848 
ch00_p3-pl1-sample3-sperm6.tif 4 4 0.999999740427564 
ch00_p3-pl1-sample30-sperm4.tif 4 4 0.997856798555955 
ch00_p3-pl1-sample32-sperm6.tif 4 4 0.9999983725575416 
ch00_p3-pl1-sample32-sperm7.tif 4 1 0.550428319957802 
ch00_p3-pl1-sample5-sperm3.tif 4 1 0.9998577944923452 
ch00_p3-pl1-sample7-sperm1.tif 4 4 0.9999999912528198 
ch00_p3-pl1-sample7-sperm6.tif 4 4 0.7241696724368576 
ch00_p3-pl1-sample7-sperm7.tif 4 1 0.8568059858959305 
ch00_p3-pl1-sample7-sperm8.tif 4 4 0.9971072517688341 
ch00_p4-pl1-sample1-sperm12.tif 4 4 0.7728731007367503 
ch00_p4-pl1-sample1-sperm7.tif 4 4 0.9924195635269514 
ch00_p4-pl1-sample1-sperm8.tif 4 4 0.9947792451394463 
ch00_p4-pl1-sample1-sperm9.tif 4 4 0.9773542856758947 
ch00_p4-pl1-sample10-sperm16.tif 4 4 0.9166758099099552 
ch00_p4-pl1-sample10-sperm17.tif 4 0 0.9955669385799905 
ch00_p4-pl1-sample10-sperm20.tif 4 4 0.7932461163216639 
ch00_p4-pl1-sample10-sperm21.tif 4 1 0.49245460795027535 
ch00_p4-pl1-sample10-sperm5.tif 4 4 0.8934201609637152 
ch00_p4-pl1-sample11-sperm14.tif 4 4 0.9999994117234926 
ch00_p4-pl1-sample11-sperm4.tif 4 4 0.9979816983849581 
ch00_p4-pl1-sample12-sperm1.tif 4 4 0.9694332734773008 
ch00_p4-pl1-sample12-sperm8.tif 4 4 0.9953819864965342 
ch00_p4-pl1-sample13-sperm5.tif 4 4 0.7539402795875197 
ch00_p4-pl1-sample13-sperm7.tif 4 1 0.5693799814840839 
ch00_p4-pl1-sample13-sperm8.tif 4 4 0.9999948486794498 
ch00_p4-pl1-sample14-sperm13.tif 4 4 0.9703908924031809 
ch00_p4-pl1-sample14-sperm3.tif 4 4 0.9985742537620013 
ch00_p4-pl1-sample14-sperm5.tif 4 4 0.9967583564719927 
ch00_p4-pl1-sample14-sperm7.tif 4 4 0.9834912084872095 
ch00_p4-pl1-sample15-sperm5.tif 4 4 0.9772689750676418 
ch00_p4-pl1-sample16-sperm10.tif 4 4 0.9985130385617056 
ch00_p4-pl1-sample16-sperm17.tif 4 4 0.9999988483318712 
ch00_p4-pl1-sample16-sperm7.tif 4 0 0.8875901183394638 
ch00_p4-pl1-sample18-sperm1.tif 4 4 0.9979654171669635 
ch00_p4-pl1-sample2-sperm1.tif 4 1 0.3645501082707579 
ch00_p4-pl1-sample2-sperm13.tif 4 4 0.9891641731894759 
ch00_p4-pl1-sample4-sperm10.tif 4 4 0.9964544281593379 
ch00_p4-pl1-sample4-sperm3.tif 4 4 0.9972820269614232 
ch00_p4-pl1-sample5-sperm1.tif 4 4 0.9075864609558009 
ch00_p4-pl1-sample5-sperm2.tif 4 4 0.9582965740569604 
ch00_p4-pl1-sample5-sperm9.tif 4 4 0.9246262254440012 
ch00_p4-pl1-sample6-sperm3.tif 4 4 0.9705829744811275 
ch00_p4-pl1-sample6-sperm7.tif 4 3 0.6029974556045071 
ch00_p4-pl1-sample7-sperm10.tif 4 0 0.9989556662751462 
ch00_p4-pl1-sample7-sperm13.tif 4 4 0.9745343409770519 
ch00_p4-pl1-sample7-sperm2.tif 4 4 0.999996744526133 
ch00_p4-pl1-sample7-sperm8.tif 4 4 0.6002826909828279 
ch00_p4-pl1-sample8-sperm1.tif 4 4 0.8436154609089349 
ch00_p4-pl1-sample8-sperm10.tif 4 2 0.6114893368009526 
ch00_p4-pl1-sample8-sperm12.tif 4 4 0.8794511561416294 
ch00_p4-pl1-sample8-sperm9.tif 4 4 0.9916947620300816 
ch00_p4-pl1-sample9-sperm2.tif 4 4 0.9999999643226966 
ch00_p4-pl1-sample9-sperm6.tif 4 4 0.9999999862908184 
ch00_p4-pl2-sample10-sperm7.tif 4 4 0.9999993058532387 
ch00_p4-pl2-sample12-sperm1.tif 4 4 0.8479162277886074 
ch00_p4-pl2-sample12-sperm11.tif 4 4 0.9500206231611925 
ch00_p4-pl2-sample12-sperm7.tif 4 4 0.9977164348192054 
ch00_p4-pl2-sample13-sperm10.tif 4 4 0.9999980871435996 
ch00_p4-pl2-sample13-sperm2.tif 4 4 0.9823152587276088 
ch00_p4-pl2-sample15-sperm5.tif 4 4 0.9999995318279935 
ch00_p4-pl2-sample16-sperm4.tif 4 4 0.9999985306436576 
ch00_p4-pl2-sample16-sperm5.tif 4 4 0.9979362388945774 
ch00_p4-pl2-sample17-sperm3.tif 4 4 0.9875910618273105 
ch00_p4-pl2-sample18-sperm1.tif 4 4 0.9999993332931773 
ch00_p4-pl2-sample18-sperm3.tif 4 4 0.9999983319573839 
ch00_p4-pl2-sample19-sperm3.tif 4 1 0.9877876439987435 
ch00_p4-pl2-sample19-sperm4.tif 4 4 0.9090024280968572 
ch00_p4-pl2-sample2-sperm10.tif 4 4 0.9952627449908756 
ch00_p4-pl2-sample20-sperm3.tif 4 4 0.9876956831482737 
ch00_p4-pl2-sample20-sperm5.tif 4 4 0.8187323329558439 
ch00_p4-pl2-sample3-sperm3.tif 4 4 0.999996246263689 
ch00_p4-pl2-sample3-sperm4.tif 4 4 0.9999997247490302 
ch00_p4-pl2-sample3-sperm6.tif 4 4 0.8627624243266445 
ch00_p4-pl2-sample3-sperm7.tif 4 4 0.9999945667274712 
ch00_p4-pl2-sample5-sperm4.tif 4 4 0.9394168333902613 
ch00_p4-pl2-sample5-sperm5.tif 4 3 0.6036524775213651 
ch00_p4-pl2-sample6-sperm3.tif 4 4 0.9999998584313448 
ch00_p4-pl2-sample7-sperm10.tif 4 4 0.9999970004340676 
ch00_p4-pl2-sample7-sperm3.tif 4 0 0.9986431256145872 
ch00_p4-pl2-sample7-sperm7.tif 4 1 0.999918921913432 
ch00_p4-pl2-sample7-sperm8.tif 4 4 0.9999968565953057 
ch00_p4-pl2-sample8-sperm1.tif 4 4 0.9948224209390205 
ch00_p4-pl2-sample8-sperm2.tif 4 4 0.92761773975976 
ch00_p4-pl2-sample8-sperm9.tif 4 4 0.9999999934075874 
ch00_p4-pl2-sample9-sperm7.tif 4 4 0.6480792957542184 
ch00_p5-pl1-sample1-sperm5.tif 4 4 0.9999999263546899 
ch00_p5-pl1-sample1-sperm6.tif 4 4 0.6921580786709092 
ch00_p5-pl1-sample10-sperm4.tif 4 4 0.9965851026272287 
ch00_p5-pl1-sample10-sperm6.tif 4 4 0.9876954093393508 
ch00_p5-pl1-sample10-sperm7.tif 4 4 0.9983998862761 
ch00_p5-pl1-sample12-sperm15.tif 4 4 0.9168859271751997 
ch00_p5-pl1-sample12-sperm16.tif 4 4 0.9079300699702387 
ch00_p5-pl1-sample12-sperm5.tif 4 4 0.9999996541598641 
ch00_p5-pl1-sample12-sperm7.tif 4 0 0.9984520222031558 
ch00_p5-pl1-sample14-sperm8.tif 4 4 0.9999998672127645 
ch00_p5-pl1-sample15-sperm2.tif 4 4 0.9718056039707961 
ch00_p5-pl1-sample15-sperm7.tif 4 1 0.5512642949327675 
ch00_p5-pl1-sample17-sperm2.tif 4 4 0.9999998831561236 
ch00_p5-pl1-sample17-sperm5.tif 4 4 0.9999988840766887 
ch00_p5-pl1-sample2-sperm10.tif 4 4 0.9872513619513718 
ch00_p5-pl1-sample20-sperm13.tif 4 4 0.8833117840702158 
ch00_p5-pl1-sample3-sperm21.tif 4 4 0.9939311345355386 
ch00_p5-pl1-sample4-sperm3.tif 4 4 0.9999999642384069 
ch00_p5-pl1-sample4-sperm8.tif 4 4 0.996344783493497 
ch00_p5-pl1-sample5-sperm19.tif 4 4 0.9672600111495656 
ch00_p5-pl1-sample9-sperm1.tif 4 4 0.997032515894563 
ch00_p5-pl1-sample9-sperm3.tif 4 4 0.9826691451250781 
ch00_p5-pl1-sample9-sperm5.tif 4 4 0.7627373129666843 
ch00_p5-pl1-sample9-sperm6.tif 4 4 0.9938492572394505 
