ch00_p1-pl2-sample1-sperm10.tif 0 0 0.7808947892798601 
ch00_p1-pl2-sample1-sperm3.tif 0 0 0.9954398222917237 
ch00_p1-pl2-sample10-sperm4.tif 0 0 0.8387490743771604 
ch00_p1-pl2-sample13-sperm11.tif 0 0 0.9911169366314847 
ch00_p1-pl2-sample3-sperm12.tif 0 0 0.9864553919869657 
ch00_p1-pl2-sample3-sperm4.tif 0 3 0.8378030990413602 
ch00_p1-pl2-sample30-sperm2.tif 0 0 0.9968812142572386 
ch00_p1-pl2-sample32-sperm3.tif 0 0 0.9945114914981728 
ch00_p1-pl2-sample4-sperm7.tif 0 0 0.7150861811965749 
ch00_p1-pl2-sample5-sperm3.tif 0 0 0.7941463850697736 
ch00_p1-pl3-sample1-sperm2.tif 0 0 0.9974170700968339 
ch00_p1-pl3-sample13-sperm14.tif 0 0 0.5931017700961223 
ch00_p1-pl3-sample2-sperm7.tif 0 0 0.9637535710018785 
ch00_p1-pl3-sample22-sperm5.tif 0 2 0.9953857281382029 
ch00_p3-pl1-sample21-sperm2.tif 0 4 0.9999998733568326 
ch00_p3-pl1-sample25-sperm13.tif 0 0 0.9588153649891783 
ch00_p4-pl1-sample10-sperm7.tif 0 0 0.528395506508064 
ch00_p4-pl1-sample13-sperm6.tif 0 0 0.9750710328451204 
ch00_p4-pl1-sample14-sperm1.tif 0 4 0.979783851934712 
ch00_p4-pl1-sample14-sperm2.tif 0 4 0.6383960451951216 
ch00_p4-pl1-sample15-sperm6.tif 0 0 0.5676611768536555 
ch00_p4-pl1-sample17-sperm9.tif 0 0 0.981482864183179 
ch00_p4-pl1-sample2-sperm11.tif 0 2 0.48235054519244663 
ch00_p4-pl1-sample20-sperm7.tif 0 0 0.9632723822745048 
ch00_p4-pl1-sample9-sperm5.tif 0 0 0.48739157161018887 
ch00_p4-pl2-sample14-sperm7.tif 0 4 0.9924029443877961 
ch00_p4-pl2-sample17-sperm5.tif 0 0 0.8589489158402582 
ch00_p5-pl1-sample5-sperm12.tif 0 4 0.9878364001320569 
ch00_p5-pl1-sample5-sperm3.tif 0 4 0.9881122577986334 
ch00_p5-pl1-sample7-sperm9.tif 0 4 0.9820938520930733 
ch00_p1-pl2-sample1-sperm6.tif 1 0 0.9878663885538669 
ch00_p1-pl2-sample10-sperm5.tif 1 4 0.9901406371891396 
ch00_p1-pl2-sample11-sperm12.tif 1 1 0.9780375932197678 
ch00_p1-pl2-sample11-sperm2.tif 1 1 0.9815337384406186 
ch00_p1-pl2-sample11-sperm4.tif 1 4 0.9877778514996814 
ch00_p1-pl2-sample12-sperm3.tif 1 1 0.9647423047938484 
ch00_p1-pl2-sample13-sperm18.tif 1 1 0.9319751420540859 
ch00_p1-pl2-sample15-sperm3.tif 1 1 0.7934101092416537 
ch00_p1-pl2-sample18-sperm1.tif 1 1 0.9495467274801851 
ch00_p1-pl2-sample18-sperm10.tif 1 0 0.9700703730337783 
ch00_p1-pl2-sample18-sperm3.tif 1 1 0.9727487391684461 
ch00_p1-pl2-sample19-sperm10.tif 1 1 0.5963105479740596 
ch00_p1-pl2-sample19-sperm14.tif 1 2 0.999808599148524 
ch00_p1-pl2-sample2-sperm3.tif 1 4 0.999998213316345 
ch00_p1-pl2-sample2-sperm4.tif 1 4 0.9981703140818873 
ch00_p1-pl2-sample20-sperm13.tif 1 2 0.9104034228329422 
ch00_p1-pl2-sample21-sperm3.tif 1 1 0.9752160620050466 
ch00_p1-pl2-sample21-sperm9.tif 1 1 0.9826863631864785 
ch00_p1-pl2-sample22-sperm3.tif 1 2 0.9635937479571128 
ch00_p1-pl2-sample22-sperm6.tif 1 1 0.7350927621630884 
ch00_p1-pl2-sample25-sperm8.tif 1 0 0.5076596615454313 
ch00_p1-pl2-sample29-sperm6.tif 1 1 0.769216883837514 
ch00_p1-pl2-sample29-sperm8.tif 1 1 0.8129083115056045 
ch00_p1-pl2-sample30-sperm7.tif 1 4 0.9667143269317008 
ch00_p1-pl2-sample32-sperm2.tif 1 4 0.9841083106862129 
ch00_p1-pl2-sample32-sperm6.tif 1 4 0.9887033533199951 
ch00_p1-pl2-sample4-sperm5.tif 1 4 0.880662244136606 
ch00_p1-pl2-sample4-sperm8.tif 1 4 0.8763130008872748 
ch00_p1-pl2-sample6-sperm10.tif 1 1 0.9700240916787394 
ch00_p1-pl2-sample6-sperm3.tif 1 4 0.6607914163765696 
ch00_p1-pl2-sample6-sperm4.tif 1 1 0.9778469747415567 
ch00_p1-pl2-sample7-sperm11.tif 1 1 0.9615501310946238 
ch00_p1-pl2-sample8-sperm1.tif 1 4 0.5639546867469555 
ch00_p1-pl2-sample8-sperm3.tif 1 1 0.9496260263136974 
ch00_p1-pl2-sample9-sperm12.tif 1 4 0.9549142169178029 
ch00_p1-pl2-sample9-sperm2.tif 1 1 0.9844151002323553 
ch00_p1-pl3-sample10-sperm6.tif 1 1 0.969806817684284 
ch00_p1-pl3-sample12-sperm2.tif 1 1 0.964280157458858 
ch00_p1-pl3-sample12-sperm5.tif 1 1 0.9021474018270265 
ch00_p1-pl3-sample12-sperm7.tif 1 2 0.9834777722874465 
ch00_p1-pl3-sample15-sperm21.tif 1 2 0.9988399627722764 
ch00_p1-pl3-sample16-sperm13.tif 1 4 0.5648090131414312 
ch00_p1-pl3-sample18-sperm3.tif 1 1 0.9477223572602091 
ch00_p1-pl3-sample6-sperm16.tif 1 4 0.7433331022023306 
ch00_p3-pl1-sample10-sperm2.tif 1 1 0.9866203848750238 
ch00_p3-pl1-sample27-sperm2.tif 1 1 0.9923498225650517 
ch00_p3-pl1-sample27-sperm5.tif 1 1 0.8743011510238793 
ch00_p3-pl1-sample31-sperm6.tif 1 1 0.975570767815694 
ch00_p3-pl1-sample4-sperm2.tif 1 1 0.961517777415192 
ch00_p3-pl1-sample5-sperm1.tif 1 1 0.9287611295055493 
ch00_p3-pl1-sample7-sperm14.tif 1 1 0.8871431760699302 
ch00_p4-pl1-sample1-sperm11.tif 1 1 0.9440120671088013 
ch00_p4-pl1-sample10-sperm18.tif 1 1 0.9542580540282063 
ch00_p4-pl1-sample17-sperm3.tif 1 1 0.9674566759583946 
ch00_p4-pl1-sample19-sperm3.tif 1 1 0.941396150763738 
ch00_p4-pl1-sample6-sperm5.tif 1 1 0.9746121311205735 
ch00_p4-pl1-sample7-sperm18.tif 1 1 0.9338632033519048 
ch00_p4-pl2-sample8-sperm6.tif 1 1 0.7108110609715138 
ch00_p5-pl1-sample11-sperm5.tif 1 1 0.9744924249322647 
ch00_p5-pl1-sample12-sperm17.tif 1 4 0.9999997773818914 
ch00_p5-pl1-sample14-sperm5.tif 1 4 0.9999991470885333 
ch00_p5-pl1-sample4-sperm1.tif 1 4 0.5385382765690617 
ch00_p5-pl1-sample4-sperm9.tif 1 4 0.99999809925844 
ch00_p5-pl1-sample5-sperm16.tif 1 4 0.9984904936841531 
ch00_p5-pl1-sample6-sperm13.tif 1 1 0.687116931600673 
ch00_p5-pl1-sample7-sperm6.tif 1 1 0.5302762626325359 
ch00_p5-pl1-sample7-sperm7.tif 1 1 0.5201410232801592 
ch00_p5-pl1-sample8-sperm5.tif 1 1 0.9867193201889262 
ch00_p1-pl2-sample13-sperm4.tif 2 4 0.99410315777812 
ch00_p1-pl2-sample2-sperm6.tif 2 1 0.5332822176638007 
ch00_p1-pl2-sample23-sperm9.tif 2 2 0.967355986285418 
ch00_p1-pl2-sample35-sperm6.tif 2 2 0.9992777254610306 
ch00_p1-pl2-sample8-sperm4.tif 2 2 0.9572941563595724 
ch00_p1-pl3-sample1-sperm9.tif 2 4 0.9428797180663194 
ch00_p1-pl3-sample11-sperm7.tif 2 4 0.9188506633356401 
ch00_p1-pl3-sample15-sperm14.tif 2 2 0.990928161811181 
ch00_p1-pl3-sample17-sperm9.tif 2 2 0.999487121670819 
ch00_p1-pl3-sample20-sperm4.tif 2 2 0.9918427144560372 
ch00_p1-pl3-sample6-sperm17.tif 2 2 0.6994753636181954 
ch00_p1-pl3-sample6-sperm2.tif 2 4 0.8084367908536816 
ch00_p1-pl3-sample7-sperm13.tif 2 2 0.647742990917687 
ch00_p1-pl3-sample7-sperm5.tif 2 2 0.9984613158804119 
ch00_p3-pl1-sample25-sperm7.tif 2 1 0.6857409708678138 
ch00_p3-pl1-sample29-sperm10.tif 2 2 0.9708776398325701 
ch00_p4-pl1-sample12-sperm4.tif 2 4 0.9999999786798084 
ch00_p4-pl1-sample19-sperm4.tif 2 4 0.9800013837633101 
ch00_p4-pl1-sample3-sperm10.tif 2 2 0.961444533789919 
ch00_p4-pl1-sample4-sperm6.tif 2 2 0.8603174800883094 
ch00_p4-pl1-sample5-sperm10.tif 2 2 0.9944402959450733 
ch00_p4-pl2-sample11-sperm5.tif 2 4 0.5764000627861627 
ch00_p1-pl2-sample13-sperm13.tif 3 0 0.8976582360717712 
ch00_p1-pl2-sample15-sperm6.tif 3 3 0.5936859920470257 
ch00_p1-pl2-sample18-sperm4.tif 3 0 0.9887981166705112 
ch00_p1-pl2-sample21-sperm7.tif 3 4 0.690433975539905 
ch00_p1-pl2-sample22-sperm10.tif 3 4 0.9995050154099832 
ch00_p1-pl2-sample22-sperm2.tif 3 0 0.8746668914514347 
ch00_p1-pl2-sample23-sperm8.tif 3 3 0.9572759794698135 
ch00_p1-pl2-sample31-sperm1.tif 3 3 0.6209134069702494 
ch00_p1-pl2-sample4-sperm12.tif 3 2 0.6708425605336251 
ch00_p1-pl3-sample10-sperm9.tif 3 0 0.5672392612982812 
ch00_p1-pl3-sample21-sperm7.tif 3 3 0.9809506346731902 
ch00_p1-pl3-sample23-sperm16.tif 3 4 0.999999927333654 
ch00_p1-pl3-sample23-sperm7.tif 3 0 0.6595402511901456 
ch00_p1-pl3-sample25-sperm14.tif 3 3 0.9940203386220245 
ch00_p1-pl3-sample9-sperm9.tif 3 4 0.9504610455446273 
ch00_p3-pl1-sample1-sperm3.tif 3 4 0.8681361211567361 
ch00_p3-pl1-sample12-sperm3.tif 3 3 0.9981413688434062 
ch00_p3-pl1-sample28-sperm2.tif 3 3 0.9749376274242083 
ch00_p3-pl1-sample32-sperm1.tif 3 3 0.644511313378865 
ch00_p4-pl1-sample20-sperm4.tif 3 2 0.7636819438319915 
ch00_p4-pl2-sample12-sperm8.tif 3 4 0.9024520844846416 
ch00_p1-pl2-sample1-sperm4.tif 4 1 0.9498522576633693 
ch00_p1-pl2-sample10-sperm16.tif 4 0 0.8912277736133938 
ch00_p1-pl2-sample12-sperm1.tif 4 4 0.9954945025530268 
ch00_p1-pl2-sample12-sperm10.tif 4 4 0.9425180697158065 
ch00_p1-pl2-sample12-sperm11.tif 4 4 0.998823503287542 
ch00_p1-pl2-sample12-sperm8.tif 4 0 0.9353253503138981 
ch00_p1-pl2-sample13-sperm1.tif 4 1 0.8923492313068911 
ch00_p1-pl2-sample13-sperm2.tif 4 0 0.5581380116096049 
ch00_p1-pl2-sample13-sperm5.tif 4 3 0.8876759480191285 
ch00_p1-pl2-sample14-sperm4.tif 4 1 0.7026591500104337 
ch00_p1-pl2-sample16-sperm5.tif 4 1 0.6433157928279851 
ch00_p1-pl2-sample16-sperm7.tif 4 2 0.9468504374117886 
ch00_p1-pl2-sample20-sperm10.tif 4 2 0.6398724295290362 
ch00_p1-pl2-sample22-sperm11.tif 4 4 0.9999996652724923 
ch00_p1-pl2-sample23-sperm16.tif 4 4 0.9961923619905124 
ch00_p1-pl2-sample23-sperm17.tif 4 4 0.9811181093663018 
ch00_p1-pl2-sample24-sperm10.tif 4 0 0.9935593846307611 
ch00_p1-pl2-sample24-sperm13.tif 4 4 0.9999999919252582 
ch00_p1-pl2-sample28-sperm1.tif 4 4 0.5740310933211077 
ch00_p1-pl2-sample28-sperm3.tif 4 2 0.987631227341106 
ch00_p1-pl2-sample3-sperm8.tif 4 4 0.98603684849771 
ch00_p1-pl2-sample30-sperm4.tif 4 4 0.9999999966469211 
ch00_p1-pl2-sample30-sperm6.tif 4 4 0.9715668850674923 
ch00_p1-pl2-sample31-sperm3.tif 4 1 0.7991622133627907 
ch00_p1-pl2-sample32-sperm1.tif 4 2 0.9139004016314098 
ch00_p1-pl2-sample32-sperm11.tif 4 4 0.9999999993959418 
ch00_p1-pl2-sample32-sperm5.tif 4 0 0.8419897084582209 
ch00_p1-pl2-sample33-sperm2.tif 4 4 0.8629458013354714 
ch00_p1-pl2-sample33-sperm3.tif 4 2 0.7449032434317975 
ch00_p1-pl2-sample34-sperm7.tif 4 1 0.6526024512604667 
ch00_p1-pl2-sample35-sperm12.tif 4 4 0.9962693279845649 
ch00_p1-pl2-sample35-sperm8.tif 4 4 0.9867690085138249 
ch00_p1-pl2-sample4-sperm4.tif 4 4 0.9971992452636959 
ch00_p1-pl2-sample9-sperm18.tif 4 4 0.9839596684158926 
ch00_p1-pl2-sample9-sperm4.tif 4 3 0.7740188489845441 
ch00_p1-pl3-sample1-sperm13.tif 4 4 0.9999998295046758 
ch00_p1-pl3-sample1-sperm14.tif 4 0 0.5340803446072485 
ch00_p1-pl3-sample12-sperm16.tif 4 4 0.5432453562900355 
ch00_p1-pl3-sample12-sperm3.tif 4 4 0.8341353863721666 
ch00_p1-pl3-sample12-sperm6.tif 4 0 0.937338685033711 
ch00_p1-pl3-sample12-sperm8.tif 4 4 0.9999999610347965 
ch00_p1-pl3-sample13-sperm5.tif 4 4 0.7664434753696022 
ch00_p1-pl3-sample13-sperm8.tif 4 4 0.9410485595433783 
ch00_p1-pl3-sample14-sperm16.tif 4 0 0.9558937281203004 
ch00_p1-pl3-sample15-sperm20.tif 4 3 0.8928284899550306 
ch00_p1-pl3-sample15-sperm3.tif 4 3 0.9378621111564237 
ch00_p1-pl3-sample15-sperm7.tif 4 4 0.9983284683380014 
ch00_p1-pl3-sample16-sperm17.tif 4 2 0.5013486130515319 
ch00_p1-pl3-sample16-sperm8.tif 4 4 0.9835095551827903 
ch00_p1-pl3-sample17-sperm11.tif 4 4 0.9999999975748219 
ch00_p1-pl3-sample19-sperm8.tif 4 0 0.9239679785071344 
ch00_p1-pl3-sample2-sperm10.tif 4 2 0.6774195827502213 
ch00_p1-pl3-sample2-sperm12.tif 4 2 0.6932458821737827 
ch00_p1-pl3-sample20-sperm12.tif 4 4 0.9884422174732402 
ch00_p1-pl3-sample21-sperm1.tif 4 4 0.9893561394053875 
ch00_p1-pl3-sample21-sperm11.tif 4 1 0.9254789037060969 
ch00_p1-pl3-sample21-sperm12.tif 4 4 0.9948321102402538 
ch00_p1-pl3-sample23-sperm19.tif 4 4 0.8666357415316748 
ch00_p1-pl3-sample23-sperm3.tif 4 4 0.9999999978623975 
ch00_p1-pl3-sample24-sperm22.tif 4 1 0.916679656258704 
ch00_p1-pl3-sample24-sperm23.tif 4 4 0.9988397106967933 
ch00_p1-pl3-sample24-sperm24.tif 4 4 0.9999998497157985 
ch00_p1-pl3-sample24-sperm5.tif 4 4 0.9565059748086728 
ch00_p1-pl3-sample24-sperm9.tif 4 2 0.9998552140073953 
ch00_p1-pl3-sample25-sperm1.tif 4 0 0.9259465840015366 
ch00_p1-pl3-sample25-sperm13.tif 4 1 0.920479847088064 
ch00_p1-pl3-sample25-sperm9.tif 4 0 0.6437975663490555 
ch00_p1-pl3-sample3-sperm2.tif 4 3 0.9999530630341057 
ch00_p1-pl3-sample3-sperm5.tif 4 0 0.7855481019817641 
ch00_p1-pl3-sample3-sperm8.tif 4 4 0.6201303590422913 
ch00_p1-pl3-sample4-sperm3.tif 4 3 0.995485419281637 
ch00_p1-pl3-sample5-sperm6.tif 4 1 0.7649088958165394 
ch00_p1-pl3-sample5-sperm7.tif 4 4 0.9613265240049478 
ch00_p1-pl3-sample6-sperm6.tif 4 4 0.7397982829894211 
ch00_p1-pl3-sample7-sperm11.tif 4 4 0.9914088610070957 
ch00_p1-pl3-sample7-sperm9.tif 4 4 0.9957026736450318 
ch00_p1-pl3-sample8-sperm11.tif 4 1 0.9836662555258019 
ch00_p1-pl3-sample8-sperm8.tif 4 2 0.9538366561883679 
ch00_p1-pl3-sample9-sperm5.tif 4 2 0.9806496200632523 
ch00_p3-pl1-sample11-sperm1.tif 4 4 0.9971128436857695 
ch00_p3-pl1-sample11-sperm6.tif 4 4 0.9696959823344661 
ch00_p3-pl1-sample12-sperm6.tif 4 4 0.9947065414933757 
ch00_p3-pl1-sample15-sperm4.tif 4 4 0.8250645115910524 
ch00_p3-pl1-sample18-sperm2.tif 4 4 0.8045079234119363 
ch00_p3-pl1-sample19-sperm4.tif 4 4 0.9931667456614837 
ch00_p3-pl1-sample19-sperm9.tif 4 4 0.9484623839060411 
ch00_p3-pl1-sample20-sperm2.tif 4 0 0.8668681479558872 
ch00_p3-pl1-sample21-sperm4.tif 4 4 0.9848751141450055 
ch00_p3-pl1-sample22-sperm8.tif 4 4 0.9969857344632457 
ch00_p3-pl1-sample25-sperm10.tif 4 1 0.9532940498145924 
ch00_p3-pl1-sample25-sperm2.tif 4 1 0.8206239620686782 
ch00_p3-pl1-sample27-sperm3.tif 4 3 0.9996516840825306 
ch00_p3-pl1-sample29-sperm4.tif 4 4 0.999999994954553 
ch00_p3-pl1-sample29-sperm9.tif 4 4 0.9418671924569267 
ch00_p3-pl1-sample30-sperm4.tif 4 4 0.9999999987887651 
ch00_p3-pl1-sample30-sperm5.tif 4 1 0.9444544641728059 
ch00_p3-pl1-sample31-sperm1.tif 4 4 0.9999999935078637 
ch00_p3-pl1-sample31-sperm2.tif 4 1 0.9862710833836351 
ch00_p3-pl1-sample31-sperm7.tif 4 4 0.8146261486467978 
ch00_p3-pl1-sample4-sperm5.tif 4 1 0.6589580307599188 
ch00_p3-pl1-sample5-sperm3.tif 4 1 0.9877184562321263 
ch00_p3-pl1-sample7-sperm7.tif 4 1 0.7726331616636433 
ch00_p3-pl1-sample8-sperm5.tif 4 4 0.6068808667777289 
ch00_p3-pl1-sample9-sperm9.tif 4 1 0.9423786327338501 
ch00_p4-pl1-sample1-sperm7.tif 4 4 0.9999981817624972 
ch00_p4-pl1-sample11-sperm13.tif 4 4 0.9306149570373515 
ch00_p4-pl1-sample12-sperm2.tif 4 2 0.6787040323796059 
ch00_p4-pl1-sample12-sperm3.tif 4 4 0.9999998906285946 
ch00_p4-pl1-sample12-sperm8.tif 4 4 0.772398310995768 
ch00_p4-pl1-sample12-sperm9.tif 4 4 0.9950430412636229 
ch00_p4-pl1-sample13-sperm2.tif 4 4 0.7671296679706503 
ch00_p4-pl1-sample13-sperm3.tif 4 1 0.5397120464705291 
ch00_p4-pl1-sample13-sperm7.tif 4 4 0.7519511019905586 
ch00_p4-pl1-sample14-sperm12.tif 4 4 0.9961392469207988 
ch00_p4-pl1-sample14-sperm5.tif 4 4 0.9764168394172864 
ch00_p4-pl1-sample16-sperm15.tif 4 2 0.9999557940473283 
ch00_p4-pl1-sample16-sperm8.tif 4 4 0.9357247990212361 
ch00_p4-pl1-sample17-sperm5.tif 4 2 0.9790798570311288 
ch00_p4-pl1-sample18-sperm5.tif 4 4 0.9425016574936229 
ch00_p4-pl1-sample2-sperm13.tif 4 4 0.5394424651906006 
ch00_p4-pl1-sample20-sperm1.tif 4 2 0.9468337800032463 
ch00_p4-pl1-sample20-sperm11.tif 4 4 0.6022244122226404 
ch00_p4-pl1-sample20-sperm6.tif 4 4 0.8080473453143939 
ch00_p4-pl1-sample3-sperm3.tif 4 4 0.9552922862103089 
ch00_p4-pl1-sample3-sperm9.tif 4 4 0.5074784489351711 
ch00_p4-pl1-sample4-sperm11.tif 4 4 0.999998825969878 
ch00_p4-pl1-sample4-sperm12.tif 4 4 0.8748015995680158 
ch00_p4-pl1-sample4-sperm3.tif 4 2 0.9976208123536996 
ch00_p4-pl1-sample5-sperm4.tif 4 2 0.9911381869819379 
ch00_p4-pl1-sample5-sperm7.tif 4 2 0.8189999969592717 
ch00_p4-pl1-sample6-sperm11.tif 4 4 0.6338005370753211 
ch00_p4-pl1-sample6-sperm7.tif 4 2 0.8301740890586979 
ch00_p4-pl1-sample6-sperm9.tif 4 4 0.943134598515114 
ch00_p4-pl1-sample7-sperm2.tif 4 4 0.999999998064796 
ch00_p4-pl1-sample7-sperm8.tif 4 0 0.9315539147863665 
ch00_p4-pl1-sample8-sperm1.tif 4 1 0.9450930557749597 
ch00_p4-pl1-sample8-sperm8.tif 4 4 0.8025688044985219 
ch00_p4-pl1-sample9-sperm15.tif 4 4 0.9947925906093608 
ch00_p4-pl1-sample9-sperm17.tif 4 4 0.9279002376733497 
ch00_p4-pl1-sample9-sperm4.tif 4 4 0.7359792678288644 
ch00_p4-pl1-sample9-sperm8.tif 4 2 0.9678445823484045 
ch00_p4-pl2-sample1-sperm7.tif 4 4 0.5791095149121563 
ch00_p4-pl2-sample10-sperm1.tif 4 0 0.9989178404728936 
ch00_p4-pl2-sample10-sperm11.tif 4 4 0.9999996761712957 
ch00_p4-pl2-sample10-sperm12.tif 4 4 0.9999981355633805 
ch00_p4-pl2-sample10-sperm5.tif 4 4 0.8551782090352702 
ch00_p4-pl2-sample10-sperm9.tif 4 4 0.9999997610676602 
ch00_p4-pl2-sample13-sperm7.tif 4 2 0.9883909971105778 
ch00_p4-pl2-sample14-sperm6.tif 4 2 0.42754268011340374 
ch00_p4-pl2-sample14-sperm8.tif 4 1 0.6244102397022788 
ch00_p4-pl2-sample15-sperm6.tif 4 4 0.9738465184146866 
ch00_p4-pl2-sample16-sperm7.tif 4 4 0.5187731227150274 
ch00_p4-pl2-sample17-sperm1.tif 4 4 0.9999999886215832 
ch00_p4-pl2-sample17-sperm4.tif 4 1 0.9299877414438179 
ch00_p4-pl2-sample18-sperm1.tif 4 4 0.9999974897059899 
ch00_p4-pl2-sample18-sperm6.tif 4 1 0.958977551640358 
ch00_p4-pl2-sample18-sperm7.tif 4 4 0.8658381712688229 
ch00_p4-pl2-sample18-sperm8.tif 4 1 0.9542633704932179 
ch00_p4-pl2-sample19-sperm2.tif 4 2 0.9977706646963479 
ch00_p4-pl2-sample19-sperm8.tif 4 4 0.9846523937090207 
ch00_p4-pl2-sample2-sperm2.tif 4 4 0.9925070806616092 
ch00_p4-pl2-sample2-sperm5.tif 4 4 0.9999999956665565 
ch00_p4-pl2-sample20-sperm6.tif 4 4 0.9960943652778419 
ch00_p4-pl2-sample20-sperm8.tif 4 4 0.9999992096066226 
ch00_p4-pl2-sample3-sperm3.tif 4 4 0.7544115022023016 
ch00_p4-pl2-sample3-sperm6.tif 4 1 0.6603909317781197 
ch00_p4-pl2-sample5-sperm1.tif 4 4 0.9032126986740557 
ch00_p4-pl2-sample6-sperm2.tif 4 4 0.914824210370653 
ch00_p4-pl2-sample7-sperm2.tif 4 0 0.932492287199911 
ch00_p4-pl2-sample8-sperm2.tif 4 4 0.9999990881935134 
ch00_p5-pl1-sample1-sperm13.tif 4 4 0.9283295575738234 
ch00_p5-pl1-sample1-sperm15.tif 4 4 0.9999991478456076 
ch00_p5-pl1-sample10-sperm18.tif 4 4 0.5824150538115057 
ch00_p5-pl1-sample11-sperm10.tif 4 4 0.96506223288013 
ch00_p5-pl1-sample11-sperm4.tif 4 1 0.558881302788846 
ch00_p5-pl1-sample12-sperm14.tif 4 4 0.8245985387811484 
ch00_p5-pl1-sample12-sperm5.tif 4 4 0.9069123718998773 
ch00_p5-pl1-sample15-sperm2.tif 4 4 0.9987021215700858 
ch00_p5-pl1-sample15-sperm3.tif 4 3 0.9966195836564168 
ch00_p5-pl1-sample17-sperm5.tif 4 4 0.7295219228679328 
ch00_p5-pl1-sample19-sperm13.tif 4 4 0.958475536200874 
ch00_p5-pl1-sample2-sperm10.tif 4 4 0.999999960791064 
ch00_p5-pl1-sample2-sperm13.tif 4 4 0.9921601176235736 
ch00_p5-pl1-sample2-sperm3.tif 4 3 0.9684470665031926 
ch00_p5-pl1-sample20-sperm13.tif 4 4 0.7516501318307641 
ch00_p5-pl1-sample3-sperm13.tif 4 4 0.999998996116122 
ch00_p5-pl1-sample3-sperm15.tif 4 4 0.8634051129252563 
ch00_p5-pl1-sample3-sperm23.tif 4 4 0.9699828740468671 
ch00_p5-pl1-sample3-sperm7.tif 4 1 0.902971391779252 
ch00_p5-pl1-sample4-sperm10.tif 4 3 0.9796763899781484 
ch00_p5-pl1-sample5-sperm15.tif 4 4 0.928152313081033 
ch00_p5-pl1-sample5-sperm18.tif 4 3 0.9636934248618472 
ch00_p5-pl1-sample5-sperm4.tif 4 4 0.9964285536546866 
ch00_p5-pl1-sample5-sperm9.tif 4 1 0.9448785527837528 
ch00_p5-pl1-sample6-sperm15.tif 4 4 0.9964948850074374 
ch00_p5-pl1-sample6-sperm4.tif 4 3 0.9727509081409551 
