ch00_p1-pl2-sample1-sperm10.tif 0 0 0.9991677842163371 
ch00_p1-pl2-sample1-sperm3.tif 0 0 0.9897930570754827 
ch00_p1-pl2-sample10-sperm4.tif 0 4 0.961686342768248 
ch00_p1-pl2-sample13-sperm11.tif 0 0 0.9744603984246161 
ch00_p1-pl2-sample3-sperm12.tif 0 2 0.8976988308637522 
ch00_p1-pl2-sample3-sperm4.tif 0 1 0.44638434729905824 
ch00_p1-pl2-sample30-sperm2.tif 0 4 0.6179550179216342 
ch00_p1-pl2-sample32-sperm3.tif 0 4 0.9339251334498074 
ch00_p1-pl2-sample4-sperm7.tif 0 0 0.8048294863735036 
ch00_p1-pl2-sample5-sperm3.tif 0 4 0.9999999805915708 
ch00_p1-pl3-sample1-sperm2.tif 0 0 0.9821348285174759 
ch00_p1-pl3-sample13-sperm14.tif 0 4 0.9999938662983625 
ch00_p1-pl3-sample2-sperm7.tif 0 4 0.9788797235400821 
ch00_p1-pl3-sample22-sperm5.tif 0 4 0.7664203124989644 
ch00_p3-pl1-sample21-sperm2.tif 0 0 0.7857425540826332 
ch00_p3-pl1-sample25-sperm13.tif 0 3 0.7196906604094748 
ch00_p4-pl1-sample10-sperm7.tif 0 4 0.9999972769669132 
ch00_p4-pl1-sample13-sperm6.tif 0 3 0.9629978216837275 
ch00_p4-pl1-sample14-sperm1.tif 0 4 0.9290528207826817 
ch00_p4-pl1-sample14-sperm2.tif 0 4 0.9593740560001363 
ch00_p4-pl1-sample15-sperm6.tif 0 3 0.5974804438513853 
ch00_p4-pl1-sample17-sperm9.tif 0 4 0.9925063992679386 
ch00_p4-pl1-sample2-sperm11.tif 0 4 0.9825702583302199 
ch00_p4-pl1-sample20-sperm7.tif 0 0 0.7145186269239947 
ch00_p4-pl1-sample9-sperm5.tif 0 4 0.97425291220033 
ch00_p4-pl2-sample14-sperm7.tif 0 4 0.9979594688628519 
ch00_p4-pl2-sample17-sperm5.tif 0 4 0.9922937269892627 
ch00_p5-pl1-sample5-sperm12.tif 0 0 0.7035490645929696 
ch00_p5-pl1-sample5-sperm3.tif 0 0 0.9217686465879894 
ch00_p5-pl1-sample7-sperm9.tif 0 4 0.991598765445189 
ch00_p1-pl2-sample1-sperm6.tif 1 0 0.9791019295293487 
ch00_p1-pl2-sample10-sperm5.tif 1 4 0.5916011275079723 
ch00_p1-pl2-sample11-sperm12.tif 1 1 0.9695123886250011 
ch00_p1-pl2-sample11-sperm2.tif 1 1 0.9855388297361012 
ch00_p1-pl2-sample11-sperm4.tif 1 4 0.9999981569588955 
ch00_p1-pl2-sample12-sperm3.tif 1 4 0.3474652526423098 
ch00_p1-pl2-sample13-sperm18.tif 1 1 0.9995345741723423 
ch00_p1-pl2-sample15-sperm3.tif 1 1 0.9745138773268941 
ch00_p1-pl2-sample18-sperm1.tif 1 1 0.8843363429338775 
ch00_p1-pl2-sample18-sperm10.tif 1 0 0.9937941215688608 
ch00_p1-pl2-sample18-sperm3.tif 1 1 0.9998199845034043 
ch00_p1-pl2-sample19-sperm10.tif 1 1 0.9557143662715841 
ch00_p1-pl2-sample19-sperm14.tif 1 1 0.9167176003314768 
ch00_p1-pl2-sample2-sperm3.tif 1 4 0.9999994616927718 
ch00_p1-pl2-sample2-sperm4.tif 1 4 0.5977200816116176 
ch00_p1-pl2-sample20-sperm13.tif 1 1 0.991929731202886 
ch00_p1-pl2-sample21-sperm3.tif 1 1 0.9985269196723511 
ch00_p1-pl2-sample21-sperm9.tif 1 1 0.9982473958359449 
ch00_p1-pl2-sample22-sperm3.tif 1 1 0.5350043328399539 
ch00_p1-pl2-sample22-sperm6.tif 1 0 0.563279395252641 
ch00_p1-pl2-sample25-sperm8.tif 1 0 0.9810613784758692 
ch00_p1-pl2-sample29-sperm6.tif 1 4 0.8226425275739476 
ch00_p1-pl2-sample29-sperm8.tif 1 1 0.9876835635322947 
ch00_p1-pl2-sample30-sperm7.tif 1 4 0.9985486007391514 
ch00_p1-pl2-sample32-sperm2.tif 1 4 0.876843342218907 
ch00_p1-pl2-sample32-sperm6.tif 1 4 0.6443379648369482 
ch00_p1-pl2-sample4-sperm5.tif 1 1 0.9703059278144094 
ch00_p1-pl2-sample4-sperm8.tif 1 1 0.9811987354271888 
ch00_p1-pl2-sample6-sperm10.tif 1 1 0.610089034208845 
ch00_p1-pl2-sample6-sperm3.tif 1 1 0.9989966081891666 
ch00_p1-pl2-sample6-sperm4.tif 1 1 0.9550666631964768 
ch00_p1-pl2-sample7-sperm11.tif 1 1 0.999619446447479 
ch00_p1-pl2-sample8-sperm1.tif 1 4 0.9946303776840721 
ch00_p1-pl2-sample8-sperm3.tif 1 1 0.9953045277786385 
ch00_p1-pl2-sample9-sperm12.tif 1 4 0.9183473323304844 
ch00_p1-pl2-sample9-sperm2.tif 1 1 0.816129198424728 
ch00_p1-pl3-sample10-sperm6.tif 1 1 0.9965410215510241 
ch00_p1-pl3-sample12-sperm2.tif 1 1 0.6580437953190716 
ch00_p1-pl3-sample12-sperm5.tif 1 1 0.9982148111096585 
ch00_p1-pl3-sample12-sperm7.tif 1 1 0.7691844625135699 
ch00_p1-pl3-sample15-sperm21.tif 1 1 0.5828523324187092 
ch00_p1-pl3-sample16-sperm13.tif 1 4 0.9854918246520489 
ch00_p1-pl3-sample18-sperm3.tif 1 4 0.8028546150128733 
ch00_p1-pl3-sample6-sperm16.tif 1 1 0.6302891286436623 
ch00_p3-pl1-sample10-sperm2.tif 1 1 0.9904437929553653 
ch00_p3-pl1-sample27-sperm2.tif 1 1 0.9999975046998546 
ch00_p3-pl1-sample27-sperm5.tif 1 1 0.9987355780284259 
ch00_p3-pl1-sample31-sperm6.tif 1 4 0.9399607905260524 
ch00_p3-pl1-sample4-sperm2.tif 1 1 0.9996982875703305 
ch00_p3-pl1-sample5-sperm1.tif 1 4 0.9417187750038485 
ch00_p3-pl1-sample7-sperm14.tif 1 4 0.4823060463966981 
ch00_p4-pl1-sample1-sperm11.tif 1 1 0.9839626628893157 
ch00_p4-pl1-sample10-sperm18.tif 1 1 0.9548689801608816 
ch00_p4-pl1-sample17-sperm3.tif 1 1 0.7760123505517748 
ch00_p4-pl1-sample19-sperm3.tif 1 4 0.9965232919178681 
ch00_p4-pl1-sample6-sperm5.tif 1 1 0.9897455975950789 
ch00_p4-pl1-sample7-sperm18.tif 1 4 0.941139663381607 
ch00_p4-pl2-sample8-sperm6.tif 1 4 0.9845942004461387 
ch00_p5-pl1-sample11-sperm5.tif 1 1 0.7680462592727282 
ch00_p5-pl1-sample12-sperm17.tif 1 4 0.9540310382950393 
ch00_p5-pl1-sample14-sperm5.tif 1 4 0.9857171770644648 
ch00_p5-pl1-sample4-sperm1.tif 1 4 0.9825426630428895 
ch00_p5-pl1-sample4-sperm9.tif 1 4 0.9999999058478866 
ch00_p5-pl1-sample5-sperm16.tif 1 4 0.7139086774163594 
ch00_p5-pl1-sample6-sperm13.tif 1 1 0.9869131421855527 
ch00_p5-pl1-sample7-sperm6.tif 1 4 0.9619458727963492 
ch00_p5-pl1-sample7-sperm7.tif 1 1 0.9994279237052185 
ch00_p5-pl1-sample8-sperm5.tif 1 1 0.9869839102323448 
ch00_p1-pl2-sample13-sperm4.tif 2 4 0.9071617129300076 
ch00_p1-pl2-sample2-sperm6.tif 2 4 0.9956380688850728 
ch00_p1-pl2-sample23-sperm9.tif 2 4 0.9731881309332461 
ch00_p1-pl2-sample35-sperm6.tif 2 4 0.9623992287242268 
ch00_p1-pl2-sample8-sperm4.tif 2 4 0.4306280038830234 
ch00_p1-pl3-sample1-sperm9.tif 2 4 0.9964325478641034 
ch00_p1-pl3-sample11-sperm7.tif 2 4 0.45852316384346875 
ch00_p1-pl3-sample15-sperm14.tif 2 4 0.9904453597078735 
ch00_p1-pl3-sample17-sperm9.tif 2 1 0.3940862049769759 
ch00_p1-pl3-sample20-sperm4.tif 2 2 0.9691232441871874 
ch00_p1-pl3-sample6-sperm17.tif 2 0 0.9006413152138271 
ch00_p1-pl3-sample6-sperm2.tif 2 4 0.9897040733142243 
ch00_p1-pl3-sample7-sperm13.tif 2 0 0.993556485331606 
ch00_p1-pl3-sample7-sperm5.tif 2 2 0.9936943121678579 
ch00_p3-pl1-sample25-sperm7.tif 2 1 0.8284325559943756 
ch00_p3-pl1-sample29-sperm10.tif 2 4 0.9660397693792753 
ch00_p4-pl1-sample12-sperm4.tif 2 4 0.9835945612077873 
ch00_p4-pl1-sample19-sperm4.tif 2 4 0.9920547498703142 
ch00_p4-pl1-sample3-sperm10.tif 2 2 0.9996666290263435 
ch00_p4-pl1-sample4-sperm6.tif 2 0 0.5853588516415508 
ch00_p4-pl1-sample5-sperm10.tif 2 2 0.9976705364646282 
ch00_p4-pl2-sample11-sperm5.tif 2 4 0.9441311678876164 
ch00_p1-pl2-sample13-sperm13.tif 3 4 0.9967878920378777 
ch00_p1-pl2-sample15-sperm6.tif 3 3 0.6100179435122547 
ch00_p1-pl2-sample18-sperm4.tif 3 0 0.9608394090990823 
ch00_p1-pl2-sample21-sperm7.tif 3 4 0.9034921357381044 
ch00_p1-pl2-sample22-sperm10.tif 3 3 0.48813831355939064 
ch00_p1-pl2-sample22-sperm2.tif 3 0 0.6166128473679652 
ch00_p1-pl2-sample23-sperm8.tif 3 0 0.7064456124919711 
ch00_p1-pl2-sample31-sperm1.tif 3 4 0.997760648583131 
ch00_p1-pl2-sample4-sperm12.tif 3 4 0.9956297034001997 
ch00_p1-pl3-sample10-sperm9.tif 3 0 0.9941548790722162 
ch00_p1-pl3-sample21-sperm7.tif 3 3 0.9742885892624105 
ch00_p1-pl3-sample23-sperm16.tif 3 4 0.9965148413411183 
ch00_p1-pl3-sample23-sperm7.tif 3 3 0.928775325196788 
ch00_p1-pl3-sample25-sperm14.tif 3 3 0.9864013511142751 
ch00_p1-pl3-sample9-sperm9.tif 3 3 0.5898700750826226 
ch00_p3-pl1-sample1-sperm3.tif 3 3 0.8463204696162724 
ch00_p3-pl1-sample12-sperm3.tif 3 3 0.8641724811803358 
ch00_p3-pl1-sample28-sperm2.tif 3 3 0.8554741026587445 
ch00_p3-pl1-sample32-sperm1.tif 3 0 0.7082119653961174 
ch00_p4-pl1-sample20-sperm4.tif 3 4 0.99999628325554 
ch00_p4-pl2-sample12-sperm8.tif 3 4 0.9999987064082092 
ch00_p1-pl2-sample1-sperm4.tif 4 1 0.9832315425931452 
ch00_p1-pl2-sample10-sperm16.tif 4 0 0.9842150743455393 
ch00_p1-pl2-sample12-sperm1.tif 4 4 0.988604944826503 
ch00_p1-pl2-sample12-sperm10.tif 4 4 0.9796815420646104 
ch00_p1-pl2-sample12-sperm11.tif 4 4 0.9035719764969659 
ch00_p1-pl2-sample12-sperm8.tif 4 4 0.9918381386387389 
ch00_p1-pl2-sample13-sperm1.tif 4 4 0.9741713728373685 
ch00_p1-pl2-sample13-sperm2.tif 4 4 0.9999992110595904 
ch00_p1-pl2-sample13-sperm5.tif 4 4 0.873198065702159 
ch00_p1-pl2-sample14-sperm4.tif 4 4 0.5813888255648607 
ch00_p1-pl2-sample16-sperm5.tif 4 1 0.9858420661592244 
ch00_p1-pl2-sample16-sperm7.tif 4 4 0.9974659523821435 
ch00_p1-pl2-sample20-sperm10.tif 4 2 0.6710010514347249 
ch00_p1-pl2-sample22-sperm11.tif 4 4 0.8506595355987467 
ch00_p1-pl2-sample23-sperm16.tif 4 4 0.6185937343739963 
ch00_p1-pl2-sample23-sperm17.tif 4 4 0.9976732428955071 
ch00_p1-pl2-sample24-sperm10.tif 4 0 0.952193495483768 
ch00_p1-pl2-sample24-sperm13.tif 4 4 0.9999993863028206 
ch00_p1-pl2-sample28-sperm1.tif 4 0 0.8962654219355031 
ch00_p1-pl2-sample28-sperm3.tif 4 4 0.9999997968328845 
ch00_p1-pl2-sample3-sperm8.tif 4 4 0.9704021926709427 
ch00_p1-pl2-sample30-sperm4.tif 4 4 0.9999983005514919 
ch00_p1-pl2-sample30-sperm6.tif 4 4 0.9965166317146026 
ch00_p1-pl2-sample31-sperm3.tif 4 4 0.9694793630324704 
ch00_p1-pl2-sample32-sperm1.tif 4 4 0.9812462847700688 
ch00_p1-pl2-sample32-sperm11.tif 4 4 0.6393546118425233 
ch00_p1-pl2-sample32-sperm5.tif 4 4 0.9525329584522997 
ch00_p1-pl2-sample33-sperm2.tif 4 4 0.9999986463078523 
ch00_p1-pl2-sample33-sperm3.tif 4 3 0.8602404793955077 
ch00_p1-pl2-sample34-sperm7.tif 4 4 0.9878919972802552 
ch00_p1-pl2-sample35-sperm12.tif 4 4 0.4789471709591798 
ch00_p1-pl2-sample35-sperm8.tif 4 4 0.999999827371557 
ch00_p1-pl2-sample4-sperm4.tif 4 4 0.9947026001012627 
ch00_p1-pl2-sample9-sperm18.tif 4 4 0.9929858938455951 
ch00_p1-pl2-sample9-sperm4.tif 4 4 0.9891031634797565 
ch00_p1-pl3-sample1-sperm13.tif 4 4 0.999999939562253 
ch00_p1-pl3-sample1-sperm14.tif 4 0 0.9865545387773679 
ch00_p1-pl3-sample12-sperm16.tif 4 4 0.9973536388675577 
ch00_p1-pl3-sample12-sperm3.tif 4 4 0.9938117838505938 
ch00_p1-pl3-sample12-sperm6.tif 4 4 0.6777774407497856 
ch00_p1-pl3-sample12-sperm8.tif 4 4 0.9845145871610181 
ch00_p1-pl3-sample13-sperm5.tif 4 4 0.9781756587473532 
ch00_p1-pl3-sample13-sperm8.tif 4 4 0.998281395823216 
ch00_p1-pl3-sample14-sperm16.tif 4 0 0.531789159550009 
ch00_p1-pl3-sample15-sperm20.tif 4 3 0.6019046220688048 
ch00_p1-pl3-sample15-sperm3.tif 4 4 0.8335025704337962 
ch00_p1-pl3-sample15-sperm7.tif 4 4 0.9329505462377494 
ch00_p1-pl3-sample16-sperm17.tif 4 4 0.9999994022381453 
ch00_p1-pl3-sample16-sperm8.tif 4 4 0.5438274077345628 
ch00_p1-pl3-sample17-sperm11.tif 4 1 0.8459619068837065 
ch00_p1-pl3-sample19-sperm8.tif 4 0 0.9895408479796989 
ch00_p1-pl3-sample2-sperm10.tif 4 4 0.9999985523619922 
ch00_p1-pl3-sample2-sperm12.tif 4 0 0.9747999476920554 
ch00_p1-pl3-sample20-sperm12.tif 4 4 0.9882438896093299 
ch00_p1-pl3-sample21-sperm1.tif 4 0 0.7555214951073306 
ch00_p1-pl3-sample21-sperm11.tif 4 1 0.7968785020729237 
ch00_p1-pl3-sample21-sperm12.tif 4 4 0.9987384454350964 
ch00_p1-pl3-sample23-sperm19.tif 4 0 0.6416197077835989 
ch00_p1-pl3-sample23-sperm3.tif 4 1 0.7949485686066836 
ch00_p1-pl3-sample24-sperm22.tif 4 1 0.689571993699035 
ch00_p1-pl3-sample24-sperm23.tif 4 4 0.9817283781803772 
ch00_p1-pl3-sample24-sperm24.tif 4 0 0.9924299362249709 
ch00_p1-pl3-sample24-sperm5.tif 4 1 0.9681616470257921 
ch00_p1-pl3-sample24-sperm9.tif 4 4 0.7498829726094273 
ch00_p1-pl3-sample25-sperm1.tif 4 4 0.7328788390235371 
ch00_p1-pl3-sample25-sperm13.tif 4 1 0.7593792523598504 
ch00_p1-pl3-sample25-sperm9.tif 4 4 0.995040010837223 
ch00_p1-pl3-sample3-sperm2.tif 4 3 0.9679357910552079 
ch00_p1-pl3-sample3-sperm5.tif 4 0 0.9360446615098116 
ch00_p1-pl3-sample3-sperm8.tif 4 3 0.8943047637244301 
ch00_p1-pl3-sample4-sperm3.tif 4 3 0.9982535528822937 
ch00_p1-pl3-sample5-sperm6.tif 4 4 0.4787002792188133 
ch00_p1-pl3-sample5-sperm7.tif 4 4 0.8947385102935719 
ch00_p1-pl3-sample6-sperm6.tif 4 3 0.9791944668693381 
ch00_p1-pl3-sample7-sperm11.tif 4 1 0.6274403179983925 
ch00_p1-pl3-sample7-sperm9.tif 4 4 0.9999994757268951 
ch00_p1-pl3-sample8-sperm11.tif 4 1 0.9930880644635626 
ch00_p1-pl3-sample8-sperm8.tif 4 1 0.8765723212212648 
ch00_p1-pl3-sample9-sperm5.tif 4 4 0.6284685531914413 
ch00_p3-pl1-sample11-sperm1.tif 4 4 0.8910182203246563 
ch00_p3-pl1-sample11-sperm6.tif 4 0 0.9563733407840379 
ch00_p3-pl1-sample12-sperm6.tif 4 4 0.7855952123192513 
ch00_p3-pl1-sample15-sperm4.tif 4 4 0.9999999999042833 
ch00_p3-pl1-sample18-sperm2.tif 4 0 0.9981353237847118 
ch00_p3-pl1-sample19-sperm4.tif 4 4 0.9999999992655383 
ch00_p3-pl1-sample19-sperm9.tif 4 4 0.9751774356469508 
ch00_p3-pl1-sample20-sperm2.tif 4 0 0.8594944149142949 
ch00_p3-pl1-sample21-sperm4.tif 4 0 0.8522781267412779 
ch00_p3-pl1-sample22-sperm8.tif 4 3 0.7258921396288108 
ch00_p3-pl1-sample25-sperm10.tif 4 1 0.9978055937813541 
ch00_p3-pl1-sample25-sperm2.tif 4 4 0.9976146673225273 
ch00_p3-pl1-sample27-sperm3.tif 4 4 0.8138163674724744 
ch00_p3-pl1-sample29-sperm4.tif 4 4 0.9948676972762754 
ch00_p3-pl1-sample29-sperm9.tif 4 4 0.9999999810080022 
ch00_p3-pl1-sample30-sperm4.tif 4 4 0.766249446414311 
ch00_p3-pl1-sample30-sperm5.tif 4 1 0.7729693941241308 
ch00_p3-pl1-sample31-sperm1.tif 4 4 0.9999993282512482 
ch00_p3-pl1-sample31-sperm2.tif 4 1 0.9870470428957389 
ch00_p3-pl1-sample31-sperm7.tif 4 4 0.854687107065674 
ch00_p3-pl1-sample4-sperm5.tif 4 4 0.9952963179072114 
ch00_p3-pl1-sample5-sperm3.tif 4 4 0.9465679083758437 
ch00_p3-pl1-sample7-sperm7.tif 4 4 0.5726128050700983 
ch00_p3-pl1-sample8-sperm5.tif 4 4 0.9999982841813265 
ch00_p3-pl1-sample9-sperm9.tif 4 4 0.9999998015541731 
ch00_p4-pl1-sample1-sperm7.tif 4 4 0.7944909751644114 
ch00_p4-pl1-sample11-sperm13.tif 4 4 0.9944339934709305 
ch00_p4-pl1-sample12-sperm2.tif 4 2 0.9989531547099724 
ch00_p4-pl1-sample12-sperm3.tif 4 4 0.9999922474189451 
ch00_p4-pl1-sample12-sperm8.tif 4 4 0.9999999932812781 
ch00_p4-pl1-sample12-sperm9.tif 4 4 0.9960215606548183 
ch00_p4-pl1-sample13-sperm2.tif 4 4 0.9999969328329215 
ch00_p4-pl1-sample13-sperm3.tif 4 1 0.6761069947349201 
ch00_p4-pl1-sample13-sperm7.tif 4 4 0.691954739174268 
ch00_p4-pl1-sample14-sperm12.tif 4 4 0.31370493020941564 
ch00_p4-pl1-sample14-sperm5.tif 4 4 0.6450686514787604 
ch00_p4-pl1-sample16-sperm15.tif 4 2 0.46700891875770517 
ch00_p4-pl1-sample16-sperm8.tif 4 4 0.9840500326808678 
ch00_p4-pl1-sample17-sperm5.tif 4 4 0.9874286180444731 
ch00_p4-pl1-sample18-sperm5.tif 4 4 0.9999999999984733 
ch00_p4-pl1-sample2-sperm13.tif 4 4 0.7233940540844203 
ch00_p4-pl1-sample20-sperm1.tif 4 2 0.6726613526387787 
ch00_p4-pl1-sample20-sperm11.tif 4 4 0.9999985834075668 
ch00_p4-pl1-sample20-sperm6.tif 4 4 0.9999989181565369 
ch00_p4-pl1-sample3-sperm3.tif 4 4 0.9999983755534976 
ch00_p4-pl1-sample3-sperm9.tif 4 3 0.39143765892136345 
ch00_p4-pl1-sample4-sperm11.tif 4 4 0.9817331788877938 
ch00_p4-pl1-sample4-sperm12.tif 4 4 0.9999998733017869 
ch00_p4-pl1-sample4-sperm3.tif 4 2 0.982210866600496 
ch00_p4-pl1-sample5-sperm4.tif 4 2 0.97966367500075 
ch00_p4-pl1-sample5-sperm7.tif 4 4 0.993088296069916 
ch00_p4-pl1-sample6-sperm11.tif 4 4 0.9908621012573229 
ch00_p4-pl1-sample6-sperm7.tif 4 4 0.999999796042673 
ch00_p4-pl1-sample6-sperm9.tif 4 4 0.98002428261626 
ch00_p4-pl1-sample7-sperm2.tif 4 4 0.9939124407163353 
ch00_p4-pl1-sample7-sperm8.tif 4 4 0.9187270779191671 
ch00_p4-pl1-sample8-sperm1.tif 4 1 0.6343982833213734 
ch00_p4-pl1-sample8-sperm8.tif 4 4 0.9910224886949728 
ch00_p4-pl1-sample9-sperm15.tif 4 4 0.9983953509051683 
ch00_p4-pl1-sample9-sperm17.tif 4 2 0.9621015465546988 
ch00_p4-pl1-sample9-sperm4.tif 4 4 0.9983375847449468 
ch00_p4-pl1-sample9-sperm8.tif 4 4 0.8405828686019631 
ch00_p4-pl2-sample1-sperm7.tif 4 4 0.7516779762546534 
ch00_p4-pl2-sample10-sperm1.tif 4 0 0.9975510190475876 
ch00_p4-pl2-sample10-sperm11.tif 4 4 0.9999997597213102 
ch00_p4-pl2-sample10-sperm12.tif 4 4 0.9999996424705541 
ch00_p4-pl2-sample10-sperm5.tif 4 4 0.9999971819187954 
ch00_p4-pl2-sample10-sperm9.tif 4 4 0.9999996473611924 
ch00_p4-pl2-sample13-sperm7.tif 4 4 0.7132460568475287 
ch00_p4-pl2-sample14-sperm6.tif 4 4 0.6139902082643933 
ch00_p4-pl2-sample14-sperm8.tif 4 1 0.6084297008826045 
ch00_p4-pl2-sample15-sperm6.tif 4 4 0.8702454049750594 
ch00_p4-pl2-sample16-sperm7.tif 4 4 0.9679274149445548 
ch00_p4-pl2-sample17-sperm1.tif 4 4 0.9999997107185298 
ch00_p4-pl2-sample17-sperm4.tif 4 4 0.8809195375859802 
ch00_p4-pl2-sample18-sperm1.tif 4 4 0.9999986503535928 
ch00_p4-pl2-sample18-sperm6.tif 4 4 0.7470435473978191 
ch00_p4-pl2-sample18-sperm7.tif 4 4 0.9999969685650404 
ch00_p4-pl2-sample18-sperm8.tif 4 4 0.9967441502468583 
ch00_p4-pl2-sample19-sperm2.tif 4 2 0.6214629769545502 
ch00_p4-pl2-sample19-sperm8.tif 4 4 0.9968033758795486 
ch00_p4-pl2-sample2-sperm2.tif 4 4 0.9988041673530185 
ch00_p4-pl2-sample2-sperm5.tif 4 4 0.999999985911223 
ch00_p4-pl2-sample20-sperm6.tif 4 4 0.7716000679650616 
ch00_p4-pl2-sample20-sperm8.tif 4 4 0.9999975981062948 
ch00_p4-pl2-sample3-sperm3.tif 4 4 0.6516312723249943 
ch00_p4-pl2-sample3-sperm6.tif 4 4 0.9999997643106188 
ch00_p4-pl2-sample5-sperm1.tif 4 4 0.9999996905396488 
ch00_p4-pl2-sample6-sperm2.tif 4 3 0.7589854211277641 
ch00_p4-pl2-sample7-sperm2.tif 4 4 0.9981361406579821 
ch00_p4-pl2-sample8-sperm2.tif 4 4 0.9939480340945475 
ch00_p5-pl1-sample1-sperm13.tif 4 4 0.9468372721774378 
ch00_p5-pl1-sample1-sperm15.tif 4 4 0.9999995622297411 
ch00_p5-pl1-sample10-sperm18.tif 4 4 0.9999997152561262 
ch00_p5-pl1-sample11-sperm10.tif 4 4 0.9999984918724315 
ch00_p5-pl1-sample11-sperm4.tif 4 1 0.886448173728708 
ch00_p5-pl1-sample12-sperm14.tif 4 4 0.9999999704704512 
ch00_p5-pl1-sample12-sperm5.tif 4 4 0.9999999935560172 
ch00_p5-pl1-sample15-sperm2.tif 4 4 0.9964277668724325 
ch00_p5-pl1-sample15-sperm3.tif 4 4 0.9774300992330773 
ch00_p5-pl1-sample17-sperm5.tif 4 4 0.9999985459183495 
ch00_p5-pl1-sample19-sperm13.tif 4 4 0.9999984159098539 
ch00_p5-pl1-sample2-sperm10.tif 4 1 0.916158023188259 
ch00_p5-pl1-sample2-sperm13.tif 4 4 0.9999997632056022 
ch00_p5-pl1-sample2-sperm3.tif 4 4 0.9972067791884132 
ch00_p5-pl1-sample20-sperm13.tif 4 4 0.9862086807371672 
ch00_p5-pl1-sample3-sperm13.tif 4 4 0.9999974485325063 
ch00_p5-pl1-sample3-sperm15.tif 4 4 0.9951947882172447 
ch00_p5-pl1-sample3-sperm23.tif 4 4 0.9999999673916808 
ch00_p5-pl1-sample3-sperm7.tif 4 4 0.5370683504606789 
ch00_p5-pl1-sample4-sperm10.tif 4 4 0.9999990124028949 
ch00_p5-pl1-sample5-sperm15.tif 4 4 0.8439741207604765 
ch00_p5-pl1-sample5-sperm18.tif 4 4 0.8127749982975195 
ch00_p5-pl1-sample5-sperm4.tif 4 4 0.9973546420407785 
ch00_p5-pl1-sample5-sperm9.tif 4 1 0.8571364140201975 
ch00_p5-pl1-sample6-sperm15.tif 4 4 0.9984382309008617 
ch00_p5-pl1-sample6-sperm4.tif 4 4 0.5700306580903025 
