ch00_p1-pl2-sample1-sperm10.tif 0 4 0.6733558436053909 
ch00_p1-pl2-sample10-sperm10.tif 0 4 0.7743978658762936 
ch00_p1-pl2-sample13-sperm11.tif 0 4 0.6555029625116756 
ch00_p1-pl2-sample14-sperm10.tif 0 0 0.7604586257319534 
ch00_p1-pl2-sample3-sperm12.tif 0 0 0.5022936635858597 
ch00_p1-pl2-sample3-sperm7.tif 0 4 0.995054449749076 
ch00_p1-pl3-sample1-sperm17.tif 0 0 0.964635834481925 
ch00_p1-pl3-sample1-sperm3.tif 0 0 0.539397340842611 
ch00_p1-pl3-sample10-sperm2.tif 0 4 0.9139362538969645 
ch00_p1-pl3-sample12-sperm1.tif 0 0 0.9842586955628566 
ch00_p1-pl3-sample16-sperm10.tif 0 0 0.5225347606990041 
ch00_p1-pl3-sample17-sperm3.tif 0 0 0.9765224898758149 
ch00_p1-pl3-sample2-sperm7.tif 0 0 0.9948687883794856 
ch00_p1-pl3-sample24-sperm4.tif 0 4 0.999999898380344 
ch00_p1-pl3-sample6-sperm11.tif 0 4 0.5648610775348631 
ch00_p3-pl1-sample1-sperm1.tif 0 4 0.9999999959476723 
ch00_p3-pl1-sample14-sperm5.tif 0 4 0.9730985971403916 
ch00_p3-pl1-sample17-sperm7.tif 0 4 0.9999972106724976 
ch00_p3-pl1-sample25-sperm3.tif 0 4 0.9971547106206288 
ch00_p4-pl1-sample1-sperm13.tif 0 4 0.8249070823460388 
ch00_p4-pl1-sample1-sperm3.tif 0 4 0.8650721105165998 
ch00_p4-pl1-sample10-sperm9.tif 0 4 0.9162894942333597 
ch00_p4-pl1-sample14-sperm1.tif 0 4 0.993733644036794 
ch00_p4-pl1-sample14-sperm2.tif 0 2 0.3171167851422411 
ch00_p4-pl1-sample15-sperm6.tif 0 3 0.7222501846487709 
ch00_p4-pl1-sample19-sperm12.tif 0 4 0.9903271005176201 
ch00_p4-pl1-sample20-sperm7.tif 0 4 0.9999992096739798 
ch00_p4-pl1-sample9-sperm3.tif 0 4 0.9496572669933447 
ch00_p4-pl2-sample8-sperm5.tif 0 0 0.9737132647249686 
ch00_p5-pl1-sample8-sperm7.tif 0 3 0.44421588679470186 
ch00_p1-pl2-sample1-sperm6.tif 1 4 0.9879359626600204 
ch00_p1-pl2-sample10-sperm5.tif 1 4 0.9999998948990934 
ch00_p1-pl2-sample11-sperm12.tif 1 1 0.9585828982370245 
ch00_p1-pl2-sample13-sperm7.tif 1 4 0.9969155089749059 
ch00_p1-pl2-sample15-sperm3.tif 1 4 0.6728465627088918 
ch00_p1-pl2-sample17-sperm7.tif 1 1 0.9999995788501584 
ch00_p1-pl2-sample18-sperm1.tif 1 4 0.9484463614263912 
ch00_p1-pl2-sample19-sperm14.tif 1 2 0.3380845282743814 
ch00_p1-pl2-sample20-sperm7.tif 1 4 0.9999999778250331 
ch00_p1-pl2-sample21-sperm6.tif 1 4 0.9467881066737573 
ch00_p1-pl2-sample21-sperm8.tif 1 4 0.9067028131259703 
ch00_p1-pl2-sample22-sperm1.tif 1 1 0.9999823916222236 
ch00_p1-pl2-sample22-sperm3.tif 1 4 0.6714115787825357 
ch00_p1-pl2-sample24-sperm6.tif 1 4 0.6633813766754053 
ch00_p1-pl2-sample25-sperm2.tif 1 4 0.9848680845298914 
ch00_p1-pl2-sample25-sperm8.tif 1 1 0.5290593804171055 
ch00_p1-pl2-sample29-sperm6.tif 1 1 0.8213301887109393 
ch00_p1-pl2-sample30-sperm5.tif 1 1 0.9985620496807708 
ch00_p1-pl2-sample30-sperm7.tif 1 4 0.652124025464084 
ch00_p1-pl2-sample35-sperm2.tif 1 1 0.9987716528843705 
ch00_p1-pl2-sample35-sperm7.tif 1 1 0.9994469183356575 
ch00_p1-pl2-sample4-sperm11.tif 1 2 0.5303936460350244 
ch00_p1-pl2-sample4-sperm5.tif 1 4 0.9928579252223203 
ch00_p1-pl2-sample7-sperm9.tif 1 4 0.9908216203558802 
ch00_p1-pl2-sample9-sperm13.tif 1 1 0.9993973173478119 
ch00_p1-pl2-sample9-sperm2.tif 1 1 0.9987400187573415 
ch00_p1-pl3-sample1-sperm5.tif 1 4 0.9431221181996335 
ch00_p1-pl3-sample10-sperm6.tif 1 1 0.9990854965631802 
ch00_p1-pl3-sample11-sperm10.tif 1 1 0.9622524005763642 
ch00_p1-pl3-sample12-sperm5.tif 1 1 0.9941351442651396 
ch00_p1-pl3-sample12-sperm7.tif 1 4 0.8631658541184547 
ch00_p1-pl3-sample14-sperm8.tif 1 1 0.9995777550062159 
ch00_p1-pl3-sample16-sperm14.tif 1 1 0.5147212856373438 
ch00_p1-pl3-sample24-sperm17.tif 1 2 0.6141294344271322 
ch00_p1-pl3-sample5-sperm2.tif 1 4 0.9291919983917187 
ch00_p1-pl3-sample7-sperm12.tif 1 1 0.998872431802937 
ch00_p3-pl1-sample10-sperm6.tif 1 1 0.9997061571237735 
ch00_p3-pl1-sample11-sperm2.tif 1 4 0.999999987875091 
ch00_p3-pl1-sample12-sperm5.tif 1 1 0.8328694492815946 
ch00_p3-pl1-sample17-sperm2.tif 1 4 0.9960531317285801 
ch00_p3-pl1-sample17-sperm3.tif 1 4 0.9954055973693058 
ch00_p3-pl1-sample17-sperm4.tif 1 4 0.987925161861239 
ch00_p3-pl1-sample18-sperm1.tif 1 1 0.99790410396379 
ch00_p3-pl1-sample18-sperm3.tif 1 1 0.9999694186474565 
ch00_p3-pl1-sample19-sperm6.tif 1 4 0.9934340650800619 
ch00_p3-pl1-sample23-sperm4.tif 1 1 0.9999968094871247 
ch00_p3-pl1-sample26-sperm2.tif 1 4 0.9999990416366045 
ch00_p3-pl1-sample5-sperm1.tif 1 1 0.9847399223550636 
ch00_p3-pl1-sample5-sperm6.tif 1 1 0.999979372831488 
ch00_p3-pl1-sample6-sperm5.tif 1 1 0.9712063566990876 
ch00_p3-pl1-sample7-sperm14.tif 1 1 0.9323846079622317 
ch00_p4-pl1-sample1-sperm2.tif 1 1 0.8722745376671174 
ch00_p4-pl1-sample11-sperm10.tif 1 1 0.9991617790829368 
ch00_p4-pl1-sample12-sperm5.tif 1 1 0.9962513319154183 
ch00_p4-pl1-sample19-sperm3.tif 1 1 0.9979381996723996 
ch00_p4-pl1-sample3-sperm4.tif 1 2 0.7456367408459668 
ch00_p4-pl1-sample3-sperm8.tif 1 1 0.9072506842397744 
ch00_p4-pl1-sample7-sperm16.tif 1 1 0.7303284611195104 
ch00_p4-pl1-sample9-sperm16.tif 1 1 0.8667202905841117 
ch00_p4-pl2-sample11-sperm1.tif 1 4 0.9138300412914895 
ch00_p4-pl2-sample5-sperm7.tif 1 1 0.9999667107006872 
ch00_p4-pl2-sample8-sperm6.tif 1 1 0.634951954865698 
ch00_p5-pl1-sample20-sperm3.tif 1 1 0.6977158709178499 
ch00_p5-pl1-sample5-sperm20.tif 1 1 0.9815172541121716 
ch00_p5-pl1-sample6-sperm13.tif 1 1 0.9998840471996545 
ch00_p5-pl1-sample6-sperm16.tif 1 1 0.9965318475574924 
ch00_p5-pl1-sample7-sperm10.tif 1 4 0.9814200667040004 
ch00_p5-pl1-sample8-sperm5.tif 1 1 0.8592101104097472 
ch00_p1-pl2-sample14-sperm5.tif 2 4 0.999999626091763 
ch00_p1-pl2-sample17-sperm10.tif 2 4 0.9810467033753241 
ch00_p1-pl2-sample2-sperm6.tif 2 4 0.783086530804368 
ch00_p1-pl2-sample2-sperm9.tif 2 4 0.8599250476722436 
ch00_p1-pl2-sample34-sperm5.tif 2 2 0.9644836520883788 
ch00_p1-pl2-sample6-sperm2.tif 2 2 0.9817152558305761 
ch00_p1-pl3-sample15-sperm14.tif 2 4 0.999997617575395 
ch00_p1-pl3-sample17-sperm9.tif 2 2 0.9997451003970622 
ch00_p1-pl3-sample6-sperm9.tif 2 4 0.6234481074337662 
ch00_p1-pl3-sample7-sperm5.tif 2 4 0.9327341868415976 
ch00_p1-pl3-sample9-sperm4.tif 2 2 0.9656858797068723 
ch00_p3-pl1-sample14-sperm8.tif 2 1 0.8553897050327514 
ch00_p3-pl1-sample28-sperm5.tif 2 4 0.9999998144042266 
ch00_p4-pl1-sample12-sperm4.tif 2 2 0.9316364130087225 
ch00_p4-pl1-sample13-sperm4.tif 2 2 0.5279015431527431 
ch00_p4-pl1-sample14-sperm14.tif 2 0 0.38781123144238944 
ch00_p4-pl1-sample19-sperm7.tif 2 2 0.7293764273892389 
ch00_p4-pl1-sample3-sperm10.tif 2 2 0.9858887580860423 
ch00_p4-pl1-sample3-sperm7.tif 2 4 0.8668065485308378 
ch00_p4-pl1-sample4-sperm6.tif 2 2 0.8030775269709524 
ch00_p4-pl1-sample5-sperm5.tif 2 4 0.9974871468733038 
ch00_p4-pl2-sample11-sperm5.tif 2 4 0.9552650355223149 
ch00_p1-pl2-sample11-sperm3.tif 3 3 0.999999926231359 
ch00_p1-pl2-sample15-sperm6.tif 3 3 0.9972131423282615 
ch00_p1-pl2-sample17-sperm8.tif 3 3 0.9003098225402698 
ch00_p1-pl2-sample5-sperm11.tif 3 3 0.9938304223271545 
ch00_p1-pl2-sample7-sperm4.tif 3 4 0.9877606670849558 
ch00_p1-pl3-sample13-sperm12.tif 3 4 0.9828156755484905 
ch00_p1-pl3-sample16-sperm16.tif 3 4 0.4115062852555465 
ch00_p1-pl3-sample23-sperm7.tif 3 4 0.9834580030468162 
ch00_p1-pl3-sample24-sperm1.tif 3 3 0.9820275861829371 
ch00_p1-pl3-sample4-sperm4.tif 3 3 0.5089495660836738 
ch00_p1-pl3-sample5-sperm10.tif 3 3 0.49310118391424357 
ch00_p1-pl3-sample9-sperm6.tif 3 3 0.9760280867491875 
ch00_p3-pl1-sample12-sperm3.tif 3 3 0.9996059744501937 
ch00_p3-pl1-sample14-sperm6.tif 3 3 0.6961013322076044 
ch00_p3-pl1-sample28-sperm2.tif 3 4 0.5018923748831071 
ch00_p4-pl1-sample11-sperm3.tif 3 3 0.7627843958151881 
ch00_p4-pl1-sample20-sperm4.tif 3 0 0.7375901335699073 
ch00_p4-pl1-sample9-sperm14.tif 3 4 0.6547457743020355 
ch00_p4-pl2-sample8-sperm3.tif 3 4 0.3837411202905297 
ch00_p5-pl1-sample1-sperm4.tif 3 3 0.5632836766416973 
ch00_p5-pl1-sample10-sperm3.tif 3 4 0.9985112826193769 
ch00_p1-pl2-sample1-sperm1.tif 4 4 0.9999999946622052 
ch00_p1-pl2-sample1-sperm12.tif 4 1 0.6393272575003969 
ch00_p1-pl2-sample1-sperm2.tif 4 4 0.9649239795843474 
ch00_p1-pl2-sample10-sperm15.tif 4 4 0.9338440854141933 
ch00_p1-pl2-sample11-sperm11.tif 4 4 0.7086362357597176 
ch00_p1-pl2-sample12-sperm10.tif 4 4 0.9477599374657918 
ch00_p1-pl2-sample12-sperm2.tif 4 4 0.97083867046935 
ch00_p1-pl2-sample13-sperm1.tif 4 4 0.8582481529619239 
ch00_p1-pl2-sample13-sperm5.tif 4 2 0.3316248061741127 
ch00_p1-pl2-sample14-sperm3.tif 4 4 0.9999999999885543 
ch00_p1-pl2-sample16-sperm7.tif 4 0 0.7998693272519766 
ch00_p1-pl2-sample2-sperm11.tif 4 4 0.9971043763469605 
ch00_p1-pl2-sample23-sperm13.tif 4 4 0.999997081482574 
ch00_p1-pl2-sample23-sperm17.tif 4 0 0.7908133733951808 
ch00_p1-pl2-sample24-sperm10.tif 4 4 0.5745018038437204 
ch00_p1-pl2-sample24-sperm13.tif 4 1 0.8104498505132314 
ch00_p1-pl2-sample26-sperm4.tif 4 1 0.8738574169065553 
ch00_p1-pl2-sample28-sperm8.tif 4 2 0.7008548795172592 
ch00_p1-pl2-sample3-sperm6.tif 4 4 0.5682926045630432 
ch00_p1-pl2-sample30-sperm6.tif 4 1 0.9228523895991506 
ch00_p1-pl2-sample31-sperm3.tif 4 1 0.8727283036831127 
ch00_p1-pl2-sample32-sperm1.tif 4 4 0.8730122086364243 
ch00_p1-pl2-sample32-sperm5.tif 4 2 0.64356243606586 
ch00_p1-pl2-sample32-sperm8.tif 4 2 0.6735084978982182 
ch00_p1-pl2-sample33-sperm3.tif 4 4 0.9845236872330343 
ch00_p1-pl2-sample33-sperm4.tif 4 4 0.8406379329323872 
ch00_p1-pl2-sample33-sperm7.tif 4 0 0.7340478708200481 
ch00_p1-pl2-sample35-sperm10.tif 4 4 0.5005428937017328 
ch00_p1-pl2-sample35-sperm12.tif 4 0 0.5295174044081464 
ch00_p1-pl2-sample4-sperm16.tif 4 1 0.5108051102051802 
ch00_p1-pl2-sample5-sperm12.tif 4 0 0.9952888716707909 
ch00_p1-pl2-sample5-sperm13.tif 4 1 0.999262699305593 
ch00_p1-pl2-sample5-sperm7.tif 4 4 0.9999999419011081 
ch00_p1-pl2-sample7-sperm1.tif 4 4 0.9990189758843697 
ch00_p1-pl2-sample7-sperm5.tif 4 4 0.9602608035251224 
ch00_p1-pl2-sample8-sperm5.tif 4 4 0.9999999999596592 
ch00_p1-pl3-sample12-sperm10.tif 4 1 0.9929218502468073 
ch00_p1-pl3-sample12-sperm14.tif 4 1 0.9906676152718564 
ch00_p1-pl3-sample12-sperm17.tif 4 4 0.999999931508582 
ch00_p1-pl3-sample12-sperm20.tif 4 4 0.8552607307067543 
ch00_p1-pl3-sample12-sperm3.tif 4 1 0.9521710695326338 
ch00_p1-pl3-sample13-sperm5.tif 4 4 0.8551986676168853 
ch00_p1-pl3-sample14-sperm11.tif 4 4 0.824438090055051 
ch00_p1-pl3-sample14-sperm13.tif 4 0 0.8911430397508252 
ch00_p1-pl3-sample14-sperm7.tif 4 0 0.9456791290264672 
ch00_p1-pl3-sample15-sperm12.tif 4 2 0.4581048770771744 
ch00_p1-pl3-sample15-sperm20.tif 4 4 0.7821402315142585 
ch00_p1-pl3-sample15-sperm3.tif 4 3 0.9343245547924341 
ch00_p1-pl3-sample15-sperm5.tif 4 0 0.9054947260625696 
ch00_p1-pl3-sample15-sperm7.tif 4 0 0.9545241813423577 
ch00_p1-pl3-sample15-sperm9.tif 4 4 0.9933945120649947 
ch00_p1-pl3-sample18-sperm6.tif 4 4 0.9999998963377755 
ch00_p1-pl3-sample19-sperm2.tif 4 4 0.9273149425308518 
ch00_p1-pl3-sample2-sperm12.tif 4 0 0.7056174270020903 
ch00_p1-pl3-sample2-sperm14.tif 4 1 0.8249464716253601 
ch00_p1-pl3-sample20-sperm12.tif 4 4 0.9999999881450923 
ch00_p1-pl3-sample20-sperm8.tif 4 4 0.9667670793419394 
ch00_p1-pl3-sample21-sperm4.tif 4 4 0.9999995016604584 
ch00_p1-pl3-sample21-sperm5.tif 4 4 0.9999999257247404 
ch00_p1-pl3-sample21-sperm6.tif 4 4 0.6700019981797593 
ch00_p1-pl3-sample22-sperm3.tif 4 4 0.9764071929493883 
ch00_p1-pl3-sample22-sperm6.tif 4 3 0.745671214814113 
ch00_p1-pl3-sample22-sperm9.tif 4 4 0.9964196552277003 
ch00_p1-pl3-sample23-sperm11.tif 4 1 0.9588519150229196 
ch00_p1-pl3-sample23-sperm2.tif 4 4 0.9981077351773019 
ch00_p1-pl3-sample23-sperm3.tif 4 4 0.9984985355566746 
ch00_p1-pl3-sample24-sperm22.tif 4 1 0.6102674895209671 
ch00_p1-pl3-sample24-sperm8.tif 4 4 0.9999999874077207 
ch00_p1-pl3-sample24-sperm9.tif 4 4 0.73329063573964 
ch00_p1-pl3-sample25-sperm1.tif 4 4 0.8542674570668979 
ch00_p1-pl3-sample25-sperm11.tif 4 0 0.9684881295834257 
ch00_p1-pl3-sample3-sperm4.tif 4 1 0.7775852243244034 
ch00_p1-pl3-sample3-sperm5.tif 4 0 0.9961086404515844 
ch00_p1-pl3-sample4-sperm8.tif 4 4 0.7270132693693202 
ch00_p1-pl3-sample5-sperm14.tif 4 4 0.9999999567899674 
ch00_p1-pl3-sample7-sperm3.tif 4 4 0.9999999991564065 
ch00_p1-pl3-sample8-sperm17.tif 4 2 0.4898713179214064 
ch00_p1-pl3-sample8-sperm6.tif 4 0 0.9816122307778045 
ch00_p1-pl3-sample9-sperm5.tif 4 2 0.7367287486645006 
ch00_p3-pl1-sample11-sperm5.tif 4 1 0.562318015724971 
ch00_p3-pl1-sample15-sperm4.tif 4 4 0.5456504033026541 
ch00_p3-pl1-sample19-sperm3.tif 4 4 0.5802459523479201 
ch00_p3-pl1-sample19-sperm8.tif 4 4 0.998879242684034 
ch00_p3-pl1-sample2-sperm6.tif 4 4 0.9993454869598342 
ch00_p3-pl1-sample23-sperm2.tif 4 4 0.999999680579708 
ch00_p3-pl1-sample25-sperm2.tif 4 4 0.9534294246206467 
ch00_p3-pl1-sample26-sperm7.tif 4 4 0.9999999998291444 
ch00_p3-pl1-sample29-sperm4.tif 4 4 0.9999999999446718 
ch00_p3-pl1-sample3-sperm9.tif 4 1 0.8238401884004224 
ch00_p3-pl1-sample30-sperm4.tif 4 4 0.9999999954338535 
ch00_p3-pl1-sample30-sperm5.tif 4 1 0.9122286464436437 
ch00_p3-pl1-sample31-sperm7.tif 4 4 0.5950125196431216 
ch00_p3-pl1-sample32-sperm2.tif 4 4 0.9999999999998661 
ch00_p3-pl1-sample32-sperm6.tif 4 1 0.6532571688073291 
ch00_p3-pl1-sample7-sperm1.tif 4 4 0.9968966705785949 
ch00_p3-pl1-sample7-sperm11.tif 4 4 0.9855988929834318 
ch00_p3-pl1-sample7-sperm13.tif 4 4 0.767914717711772 
ch00_p4-pl1-sample1-sperm1.tif 4 2 0.6578238635834576 
ch00_p4-pl1-sample1-sperm12.tif 4 4 0.9234094089578683 
ch00_p4-pl1-sample10-sperm22.tif 4 1 0.958673397020635 
ch00_p4-pl1-sample11-sperm2.tif 4 4 0.9999999731500311 
ch00_p4-pl1-sample12-sperm11.tif 4 4 0.9826380478193026 
ch00_p4-pl1-sample12-sperm3.tif 4 1 0.8050451906075667 
ch00_p4-pl1-sample12-sperm8.tif 4 4 0.9999999976852041 
ch00_p4-pl1-sample13-sperm5.tif 4 2 0.5251261474732787 
ch00_p4-pl1-sample14-sperm4.tif 4 0 0.5444919945471312 
ch00_p4-pl1-sample14-sperm7.tif 4 1 0.6475931174634578 
ch00_p4-pl1-sample16-sperm1.tif 4 1 0.9835094723506634 
ch00_p4-pl1-sample16-sperm16.tif 4 4 0.9759690112174225 
ch00_p4-pl1-sample16-sperm17.tif 4 4 0.9987163719471646 
ch00_p4-pl1-sample17-sperm5.tif 4 4 0.6511123446828938 
ch00_p4-pl1-sample18-sperm5.tif 4 3 0.7807365819831583 
ch00_p4-pl1-sample19-sperm6.tif 4 2 0.967147711038673 
ch00_p4-pl1-sample2-sperm12.tif 4 4 0.963944398227649 
ch00_p4-pl1-sample2-sperm3.tif 4 4 0.9989648301437261 
ch00_p4-pl1-sample2-sperm9.tif 4 1 0.9829576961985435 
ch00_p4-pl1-sample20-sperm11.tif 4 4 0.9748727625828084 
ch00_p4-pl1-sample20-sperm5.tif 4 2 0.9744718631820759 
ch00_p4-pl1-sample20-sperm9.tif 4 4 0.999999433435318 
ch00_p4-pl1-sample4-sperm10.tif 4 4 0.661898191413178 
ch00_p4-pl1-sample4-sperm11.tif 4 4 0.9999998892836658 
ch00_p4-pl1-sample4-sperm16.tif 4 1 0.9774251824571996 
ch00_p4-pl1-sample4-sperm9.tif 4 4 0.6899362551931886 
ch00_p4-pl1-sample5-sperm1.tif 4 2 0.7542831617412868 
ch00_p4-pl1-sample5-sperm7.tif 4 4 0.7318939693438852 
ch00_p4-pl1-sample5-sperm9.tif 4 4 0.9933044365541891 
ch00_p4-pl1-sample7-sperm13.tif 4 4 0.9725703370421779 
ch00_p4-pl1-sample7-sperm3.tif 4 2 0.8863181807545145 
ch00_p4-pl1-sample8-sperm12.tif 4 4 0.9999991516905021 
ch00_p4-pl1-sample8-sperm2.tif 4 2 0.7158870421186306 
ch00_p4-pl1-sample8-sperm3.tif 4 3 0.9806704978589977 
ch00_p4-pl1-sample9-sperm11.tif 4 4 0.9976393927692854 
ch00_p4-pl1-sample9-sperm17.tif 4 1 0.5504729424186622 
ch00_p4-pl2-sample1-sperm1.tif 4 4 0.9921838916756146 
ch00_p4-pl2-sample10-sperm11.tif 4 4 0.999999935205474 
ch00_p4-pl2-sample10-sperm5.tif 4 0 0.6854091946884825 
ch00_p4-pl2-sample10-sperm7.tif 4 4 0.998695784307532 
ch00_p4-pl2-sample11-sperm2.tif 4 4 0.9925099470552675 
ch00_p4-pl2-sample11-sperm4.tif 4 4 0.9981493178685099 
ch00_p4-pl2-sample12-sperm10.tif 4 4 0.9967555706404466 
ch00_p4-pl2-sample12-sperm11.tif 4 4 0.4297261698472176 
ch00_p4-pl2-sample12-sperm4.tif 4 4 0.7193492362303135 
ch00_p4-pl2-sample12-sperm9.tif 4 1 0.8679537811123056 
ch00_p4-pl2-sample13-sperm5.tif 4 2 0.5376984794608349 
ch00_p4-pl2-sample14-sperm10.tif 4 3 0.5964041858693672 
ch00_p4-pl2-sample14-sperm6.tif 4 4 0.7143866007584551 
ch00_p4-pl2-sample14-sperm8.tif 4 2 0.9229221176473318 
ch00_p4-pl2-sample14-sperm9.tif 4 1 0.9958273454823076 
ch00_p4-pl2-sample15-sperm7.tif 4 4 0.9999998957540248 
ch00_p4-pl2-sample16-sperm7.tif 4 4 0.999999976976666 
ch00_p4-pl2-sample16-sperm8.tif 4 1 0.8896303163341468 
ch00_p4-pl2-sample18-sperm3.tif 4 3 0.9956977183821486 
ch00_p4-pl2-sample18-sperm8.tif 4 1 0.9480061554287684 
ch00_p4-pl2-sample18-sperm9.tif 4 4 0.9999999999979552 
ch00_p4-pl2-sample19-sperm4.tif 4 4 0.9936419131675381 
ch00_p4-pl2-sample19-sperm8.tif 4 4 0.9948684924001111 
ch00_p4-pl2-sample2-sperm1.tif 4 4 0.9999998359425316 
ch00_p4-pl2-sample2-sperm10.tif 4 4 0.9999999922836154 
ch00_p4-pl2-sample2-sperm2.tif 4 4 0.4714004489245294 
ch00_p4-pl2-sample2-sperm3.tif 4 2 0.8786761579823428 
ch00_p4-pl2-sample20-sperm2.tif 4 4 0.993700169336486 
ch00_p4-pl2-sample20-sperm3.tif 4 0 0.5634388294831032 
ch00_p4-pl2-sample3-sperm2.tif 4 4 0.7750534090254674 
ch00_p4-pl2-sample3-sperm3.tif 4 4 0.999995977465106 
ch00_p4-pl2-sample3-sperm6.tif 4 1 0.6177005086259846 
ch00_p4-pl2-sample5-sperm5.tif 4 3 0.9775792240183202 
ch00_p4-pl2-sample6-sperm2.tif 4 3 0.9660020012592695 
ch00_p4-pl2-sample6-sperm5.tif 4 4 0.9981981014619442 
ch00_p4-pl2-sample6-sperm6.tif 4 2 0.9433615012491855 
ch00_p4-pl2-sample7-sperm3.tif 4 0 0.9944743081335584 
ch00_p4-pl2-sample7-sperm5.tif 4 4 0.9972585130495223 
ch00_p4-pl2-sample7-sperm7.tif 4 4 0.9999992554591227 
ch00_p5-pl1-sample1-sperm12.tif 4 4 0.98163165220895 
ch00_p5-pl1-sample1-sperm13.tif 4 4 0.9916286451720694 
ch00_p5-pl1-sample1-sperm15.tif 4 4 0.9999999985431546 
ch00_p5-pl1-sample1-sperm7.tif 4 0 0.5092477372338059 
ch00_p5-pl1-sample10-sperm7.tif 4 4 0.9728120908949162 
ch00_p5-pl1-sample12-sperm13.tif 4 4 0.9947895085371843 
ch00_p5-pl1-sample15-sperm2.tif 4 4 0.34070264480053253 
ch00_p5-pl1-sample15-sperm3.tif 4 4 0.9999993418171796 
ch00_p5-pl1-sample17-sperm13.tif 4 4 0.7036351569280085 
ch00_p5-pl1-sample17-sperm17.tif 4 4 0.9999994766181932 
ch00_p5-pl1-sample17-sperm2.tif 4 4 0.9999993751907635 
ch00_p5-pl1-sample17-sperm5.tif 4 4 0.8856343087823516 
ch00_p5-pl1-sample17-sperm9.tif 4 4 0.9951040377269627 
ch00_p5-pl1-sample18-sperm3.tif 4 4 0.9999999930765101 
ch00_p5-pl1-sample19-sperm2.tif 4 1 0.8587683611555145 
ch00_p5-pl1-sample2-sperm13.tif 4 4 0.9999997335781883 
ch00_p5-pl1-sample20-sperm2.tif 4 4 0.8911909780797712 
ch00_p5-pl1-sample20-sperm6.tif 4 4 0.9952330263449368 
ch00_p5-pl1-sample3-sperm13.tif 4 4 0.9999999897677802 
ch00_p5-pl1-sample3-sperm21.tif 4 4 0.9999945675237383 
ch00_p5-pl1-sample5-sperm18.tif 4 0 0.786511111554825 
ch00_p5-pl1-sample5-sperm9.tif 4 4 0.9999999804455992 
ch00_p5-pl1-sample6-sperm9.tif 4 0 0.6709862539821847 
ch00_p5-pl1-sample9-sperm4.tif 4 4 0.9985026578658311 
