ch00_p1-pl2-sample1-sperm10.tif 0 0 0.891333378083371 
ch00_p1-pl2-sample10-sperm10.tif 0 4 0.8706872009798055 
ch00_p1-pl2-sample13-sperm11.tif 0 4 0.6241062667053702 
ch00_p1-pl2-sample14-sperm10.tif 0 0 0.6386442950474368 
ch00_p1-pl2-sample3-sperm12.tif 0 4 0.936299345120575 
ch00_p1-pl2-sample3-sperm7.tif 0 4 0.9950447643906407 
ch00_p1-pl3-sample1-sperm17.tif 0 0 0.8699998634910444 
ch00_p1-pl3-sample1-sperm3.tif 0 0 0.70446622998652 
ch00_p1-pl3-sample10-sperm2.tif 0 0 0.6860155283263363 
ch00_p1-pl3-sample12-sperm1.tif 0 0 0.9495336134465499 
ch00_p1-pl3-sample16-sperm10.tif 0 4 0.6664936829163159 
ch00_p1-pl3-sample17-sperm3.tif 0 0 0.9958049762441812 
ch00_p1-pl3-sample2-sperm7.tif 0 0 0.9980495086987689 
ch00_p1-pl3-sample24-sperm4.tif 0 4 0.6317186347240094 
ch00_p1-pl3-sample6-sperm11.tif 0 4 0.8893173196691099 
ch00_p3-pl1-sample1-sperm1.tif 0 4 0.9999997875362829 
ch00_p3-pl1-sample14-sperm5.tif 0 0 0.7876301224444622 
ch00_p3-pl1-sample17-sperm7.tif 0 4 0.9780136637209397 
ch00_p3-pl1-sample25-sperm3.tif 0 4 0.9988104707625062 
ch00_p4-pl1-sample1-sperm13.tif 0 0 0.5396401546191133 
ch00_p4-pl1-sample1-sperm3.tif 0 4 0.9743824220262971 
ch00_p4-pl1-sample10-sperm9.tif 0 4 0.6903199473041118 
ch00_p4-pl1-sample14-sperm1.tif 0 4 0.9999981879568138 
ch00_p4-pl1-sample14-sperm2.tif 0 4 0.5895264766071078 
ch00_p4-pl1-sample15-sperm6.tif 0 0 0.9970733872252401 
ch00_p4-pl1-sample19-sperm12.tif 0 4 0.9514976014496889 
ch00_p4-pl1-sample20-sperm7.tif 0 4 0.9999990691917301 
ch00_p4-pl1-sample9-sperm3.tif 0 4 0.8862291695756588 
ch00_p4-pl2-sample8-sperm5.tif 0 0 0.6211962218745173 
ch00_p5-pl1-sample8-sperm7.tif 0 4 0.9073543764688933 
ch00_p1-pl2-sample1-sperm6.tif 1 4 0.7839001046433388 
ch00_p1-pl2-sample10-sperm5.tif 1 4 0.9999994718156333 
ch00_p1-pl2-sample11-sperm12.tif 1 1 0.976341396412825 
ch00_p1-pl2-sample13-sperm7.tif 1 4 0.5639344278657518 
ch00_p1-pl2-sample15-sperm3.tif 1 1 0.8444426297912266 
ch00_p1-pl2-sample17-sperm7.tif 1 1 0.9999356882711472 
ch00_p1-pl2-sample18-sperm1.tif 1 2 0.8114380632219913 
ch00_p1-pl2-sample19-sperm14.tif 1 1 0.3489546292381033 
ch00_p1-pl2-sample20-sperm7.tif 1 4 0.6128244527453649 
ch00_p1-pl2-sample21-sperm6.tif 1 4 0.8930427216438277 
ch00_p1-pl2-sample21-sperm8.tif 1 4 0.9493219619751626 
ch00_p1-pl2-sample22-sperm1.tif 1 1 0.7563820899396937 
ch00_p1-pl2-sample22-sperm3.tif 1 2 0.9775891912429968 
ch00_p1-pl2-sample24-sperm6.tif 1 1 0.9494402678378251 
ch00_p1-pl2-sample25-sperm2.tif 1 1 0.8473096216954314 
ch00_p1-pl2-sample25-sperm8.tif 1 4 0.5748775639097332 
ch00_p1-pl2-sample29-sperm6.tif 1 4 0.9692644380672695 
ch00_p1-pl2-sample30-sperm5.tif 1 1 0.9997195284412244 
ch00_p1-pl2-sample30-sperm7.tif 1 4 0.8295979537183238 
ch00_p1-pl2-sample35-sperm2.tif 1 4 0.6166382568783118 
ch00_p1-pl2-sample35-sperm7.tif 1 1 0.9987226174757615 
ch00_p1-pl2-sample4-sperm11.tif 1 2 0.9864808126900091 
ch00_p1-pl2-sample4-sperm5.tif 1 1 0.9996916793369293 
ch00_p1-pl2-sample7-sperm9.tif 1 2 0.7679687637070333 
ch00_p1-pl2-sample9-sperm13.tif 1 4 0.9629524292469751 
ch00_p1-pl2-sample9-sperm2.tif 1 4 0.6628856952572559 
ch00_p1-pl3-sample1-sperm5.tif 1 1 0.7904192754498369 
ch00_p1-pl3-sample10-sperm6.tif 1 1 0.987590960789679 
ch00_p1-pl3-sample11-sperm10.tif 1 1 0.9924419951397575 
ch00_p1-pl3-sample12-sperm5.tif 1 1 0.9964741434436949 
ch00_p1-pl3-sample12-sperm7.tif 1 1 0.3972431911041621 
ch00_p1-pl3-sample14-sperm8.tif 1 1 0.9615910939025164 
ch00_p1-pl3-sample16-sperm14.tif 1 1 0.5486482679653787 
ch00_p1-pl3-sample24-sperm17.tif 1 2 0.9833838412315552 
ch00_p1-pl3-sample5-sperm2.tif 1 4 0.9878236971781087 
ch00_p1-pl3-sample7-sperm12.tif 1 4 0.819604759702426 
ch00_p3-pl1-sample10-sperm6.tif 1 1 0.9992336346548504 
ch00_p3-pl1-sample11-sperm2.tif 1 4 0.9917313359566412 
ch00_p3-pl1-sample12-sperm5.tif 1 1 0.9892887643320972 
ch00_p3-pl1-sample17-sperm2.tif 1 4 0.9902602716347665 
ch00_p3-pl1-sample17-sperm3.tif 1 4 0.9559120059464 
ch00_p3-pl1-sample17-sperm4.tif 1 4 0.9985758581600732 
ch00_p3-pl1-sample18-sperm1.tif 1 1 0.9967346012800636 
ch00_p3-pl1-sample18-sperm3.tif 1 1 0.9876943843371786 
ch00_p3-pl1-sample19-sperm6.tif 1 4 0.8991994687879398 
ch00_p3-pl1-sample23-sperm4.tif 1 1 0.9999057531155056 
ch00_p3-pl1-sample26-sperm2.tif 1 4 0.9915745459862718 
ch00_p3-pl1-sample5-sperm1.tif 1 1 0.9517478049812614 
ch00_p3-pl1-sample5-sperm6.tif 1 1 0.999849023696683 
ch00_p3-pl1-sample6-sperm5.tif 1 4 0.8769910608989011 
ch00_p3-pl1-sample7-sperm14.tif 1 1 0.9792531141550558 
ch00_p4-pl1-sample1-sperm2.tif 1 1 0.9738035612818461 
ch00_p4-pl1-sample11-sperm10.tif 1 1 0.9684524717022799 
ch00_p4-pl1-sample12-sperm5.tif 1 4 0.9908242363503653 
ch00_p4-pl1-sample19-sperm3.tif 1 1 0.9733969011879072 
ch00_p4-pl1-sample3-sperm4.tif 1 1 0.866877630657445 
ch00_p4-pl1-sample3-sperm8.tif 1 1 0.9908020351003893 
ch00_p4-pl1-sample7-sperm16.tif 1 1 0.5593611923415811 
ch00_p4-pl1-sample9-sperm16.tif 1 1 0.9115216824979215 
ch00_p4-pl2-sample11-sperm1.tif 1 4 0.9942970972020494 
ch00_p4-pl2-sample5-sperm7.tif 1 4 0.7318086800206728 
ch00_p4-pl2-sample8-sperm6.tif 1 4 0.9847965751720699 
ch00_p5-pl1-sample20-sperm3.tif 1 1 0.8861594861060845 
ch00_p5-pl1-sample5-sperm20.tif 1 4 0.9713724599530533 
ch00_p5-pl1-sample6-sperm13.tif 1 1 0.9997775502377514 
ch00_p5-pl1-sample6-sperm16.tif 1 1 0.9957614937308766 
ch00_p5-pl1-sample7-sperm10.tif 1 1 0.9100712089166273 
ch00_p5-pl1-sample8-sperm5.tif 1 1 0.9953149607572542 
ch00_p1-pl2-sample14-sperm5.tif 2 2 0.8538649497646985 
ch00_p1-pl2-sample17-sperm10.tif 2 4 0.9611171452053451 
ch00_p1-pl2-sample2-sperm6.tif 2 1 0.7266781405106612 
ch00_p1-pl2-sample2-sperm9.tif 2 2 0.7905575572238026 
ch00_p1-pl2-sample34-sperm5.tif 2 2 0.9994927313066392 
ch00_p1-pl2-sample6-sperm2.tif 2 2 0.9997073673053509 
ch00_p1-pl3-sample15-sperm14.tif 2 4 0.6700559266581204 
ch00_p1-pl3-sample17-sperm9.tif 2 2 0.9892836608090299 
ch00_p1-pl3-sample6-sperm9.tif 2 4 0.9573205594828567 
ch00_p1-pl3-sample7-sperm5.tif 2 4 0.7072640404635929 
ch00_p1-pl3-sample9-sperm4.tif 2 2 0.9740515311058133 
ch00_p3-pl1-sample14-sperm8.tif 2 4 0.9663188172038356 
ch00_p3-pl1-sample28-sperm5.tif 2 2 0.9827714096779805 
ch00_p4-pl1-sample12-sperm4.tif 2 2 0.9691062729625987 
ch00_p4-pl1-sample13-sperm4.tif 2 4 0.99631667995575 
ch00_p4-pl1-sample14-sperm14.tif 2 4 0.9726377304043219 
ch00_p4-pl1-sample19-sperm7.tif 2 2 0.8930739695576815 
ch00_p4-pl1-sample3-sperm10.tif 2 2 0.9731146672896811 
ch00_p4-pl1-sample3-sperm7.tif 2 4 0.9748656050344997 
ch00_p4-pl1-sample4-sperm6.tif 2 4 0.5595551405137956 
ch00_p4-pl1-sample5-sperm5.tif 2 4 0.9887952534098658 
ch00_p4-pl2-sample11-sperm5.tif 2 2 0.9234178768428103 
ch00_p1-pl2-sample11-sperm3.tif 3 3 0.998763079392114 
ch00_p1-pl2-sample15-sperm6.tif 3 3 0.992251587922345 
ch00_p1-pl2-sample17-sperm8.tif 3 3 0.931064064373351 
ch00_p1-pl2-sample5-sperm11.tif 3 3 0.9678958584929841 
ch00_p1-pl2-sample7-sperm4.tif 3 4 0.8058855114158956 
ch00_p1-pl3-sample13-sperm12.tif 3 4 0.9659422926939489 
ch00_p1-pl3-sample16-sperm16.tif 3 4 0.9302753960610441 
ch00_p1-pl3-sample23-sperm7.tif 3 4 0.9442743420970936 
ch00_p1-pl3-sample24-sperm1.tif 3 3 0.9951405880148806 
ch00_p1-pl3-sample4-sperm4.tif 3 4 0.9822193656114682 
ch00_p1-pl3-sample5-sperm10.tif 3 4 0.7417238781742571 
ch00_p1-pl3-sample9-sperm6.tif 3 4 0.9362572868785776 
ch00_p3-pl1-sample12-sperm3.tif 3 3 0.9451354599743845 
ch00_p3-pl1-sample14-sperm6.tif 3 4 0.9621895815607518 
ch00_p3-pl1-sample28-sperm2.tif 3 4 0.7964093163919791 
ch00_p4-pl1-sample11-sperm3.tif 3 3 0.959989006977065 
ch00_p4-pl1-sample20-sperm4.tif 3 4 0.9999998906395469 
ch00_p4-pl1-sample9-sperm14.tif 3 3 0.9991631800815663 
ch00_p4-pl2-sample8-sperm3.tif 3 0 0.5652298886997451 
ch00_p5-pl1-sample1-sperm4.tif 3 4 0.6051382472805028 
ch00_p5-pl1-sample10-sperm3.tif 3 4 0.9717809605905617 
ch00_p1-pl2-sample1-sperm1.tif 4 2 0.7041356751713995 
ch00_p1-pl2-sample1-sperm12.tif 4 4 0.9763931550425041 
ch00_p1-pl2-sample1-sperm2.tif 4 4 0.9999999705340674 
ch00_p1-pl2-sample10-sperm15.tif 4 4 0.959888568313494 
ch00_p1-pl2-sample11-sperm11.tif 4 4 0.9709895372493091 
ch00_p1-pl2-sample12-sperm10.tif 4 4 0.9999980181644337 
ch00_p1-pl2-sample12-sperm2.tif 4 1 0.9930796327975884 
ch00_p1-pl2-sample13-sperm1.tif 4 4 0.9975350551743354 
ch00_p1-pl2-sample13-sperm5.tif 4 2 0.6085286609219781 
ch00_p1-pl2-sample14-sperm3.tif 4 4 0.9999994548904135 
ch00_p1-pl2-sample16-sperm7.tif 4 4 0.8818785115050785 
ch00_p1-pl2-sample2-sperm11.tif 4 4 0.9999998515462825 
ch00_p1-pl2-sample23-sperm13.tif 4 4 0.9986132399064537 
ch00_p1-pl2-sample23-sperm17.tif 4 4 0.949265984258775 
ch00_p1-pl2-sample24-sperm10.tif 4 4 0.8128712195540625 
ch00_p1-pl2-sample24-sperm13.tif 4 4 0.999999911940005 
ch00_p1-pl2-sample26-sperm4.tif 4 4 0.9028953389775095 
ch00_p1-pl2-sample28-sperm8.tif 4 4 0.9972453249240865 
ch00_p1-pl2-sample3-sperm6.tif 4 2 0.9866363817113987 
ch00_p1-pl2-sample30-sperm6.tif 4 4 0.9029310644920688 
ch00_p1-pl2-sample31-sperm3.tif 4 4 0.9896355711386418 
ch00_p1-pl2-sample32-sperm1.tif 4 2 0.8965618123394946 
ch00_p1-pl2-sample32-sperm5.tif 4 4 0.7127561220071871 
ch00_p1-pl2-sample32-sperm8.tif 4 4 0.9731605160128458 
ch00_p1-pl2-sample33-sperm3.tif 4 4 0.9802065070827375 
ch00_p1-pl2-sample33-sperm4.tif 4 4 0.9999968788836031 
ch00_p1-pl2-sample33-sperm7.tif 4 4 0.9968213236605189 
ch00_p1-pl2-sample35-sperm10.tif 4 1 0.7797118059876077 
ch00_p1-pl2-sample35-sperm12.tif 4 4 0.589744131379253 
ch00_p1-pl2-sample4-sperm16.tif 4 4 0.9357981496134588 
ch00_p1-pl2-sample5-sperm12.tif 4 0 0.9985133108743145 
ch00_p1-pl2-sample5-sperm13.tif 4 1 0.9253306925613207 
ch00_p1-pl2-sample5-sperm7.tif 4 4 0.9984198064722398 
ch00_p1-pl2-sample7-sperm1.tif 4 4 0.9920598059675941 
ch00_p1-pl2-sample7-sperm5.tif 4 4 0.8293598381812779 
ch00_p1-pl2-sample8-sperm5.tif 4 4 0.9979465726113094 
ch00_p1-pl3-sample12-sperm10.tif 4 1 0.5076996776493392 
ch00_p1-pl3-sample12-sperm14.tif 4 1 0.9645240423120804 
ch00_p1-pl3-sample12-sperm17.tif 4 4 0.979615864847781 
ch00_p1-pl3-sample12-sperm20.tif 4 4 0.8829784072223003 
ch00_p1-pl3-sample12-sperm3.tif 4 4 0.9124354773510662 
ch00_p1-pl3-sample13-sperm5.tif 4 1 0.8502348949872757 
ch00_p1-pl3-sample14-sperm11.tif 4 2 0.6233582949454709 
ch00_p1-pl3-sample14-sperm13.tif 4 0 0.7741606961465786 
ch00_p1-pl3-sample14-sperm7.tif 4 4 0.7339125387429767 
ch00_p1-pl3-sample15-sperm12.tif 4 4 0.8815415430251718 
ch00_p1-pl3-sample15-sperm20.tif 4 4 0.5570652815880875 
ch00_p1-pl3-sample15-sperm3.tif 4 3 0.9930286826874701 
ch00_p1-pl3-sample15-sperm5.tif 4 2 0.8829064211792147 
ch00_p1-pl3-sample15-sperm7.tif 4 0 0.5299530565276082 
ch00_p1-pl3-sample15-sperm9.tif 4 4 0.6274862526357048 
ch00_p1-pl3-sample18-sperm6.tif 4 4 0.891001784559348 
ch00_p1-pl3-sample19-sperm2.tif 4 2 0.678369898295746 
ch00_p1-pl3-sample2-sperm12.tif 4 0 0.7424764292146312 
ch00_p1-pl3-sample2-sperm14.tif 4 4 0.7930258499359415 
ch00_p1-pl3-sample20-sperm12.tif 4 4 0.9999982233589214 
ch00_p1-pl3-sample20-sperm8.tif 4 4 0.8821045250615971 
ch00_p1-pl3-sample21-sperm4.tif 4 4 0.9136104304315065 
ch00_p1-pl3-sample21-sperm5.tif 4 4 0.9923039339609616 
ch00_p1-pl3-sample21-sperm6.tif 4 0 0.8729434380702783 
ch00_p1-pl3-sample22-sperm3.tif 4 4 0.998238260019541 
ch00_p1-pl3-sample22-sperm6.tif 4 3 0.962828366375955 
ch00_p1-pl3-sample22-sperm9.tif 4 4 0.8595198900633587 
ch00_p1-pl3-sample23-sperm11.tif 4 1 0.7235328183336037 
ch00_p1-pl3-sample23-sperm2.tif 4 4 0.9964769271294975 
ch00_p1-pl3-sample23-sperm3.tif 4 4 0.9841357537534478 
ch00_p1-pl3-sample24-sperm22.tif 4 4 0.8166554915787997 
ch00_p1-pl3-sample24-sperm8.tif 4 4 0.986963823107015 
ch00_p1-pl3-sample24-sperm9.tif 4 2 0.9114073240476888 
ch00_p1-pl3-sample25-sperm1.tif 4 4 0.9786744827231451 
ch00_p1-pl3-sample25-sperm11.tif 4 0 0.7025422964735558 
ch00_p1-pl3-sample3-sperm4.tif 4 4 0.8372017435732914 
ch00_p1-pl3-sample3-sperm5.tif 4 0 0.4941464725175172 
ch00_p1-pl3-sample4-sperm8.tif 4 1 0.8810059149641222 
ch00_p1-pl3-sample5-sperm14.tif 4 4 0.9962752533871162 
ch00_p1-pl3-sample7-sperm3.tif 4 4 0.9999964681581959 
ch00_p1-pl3-sample8-sperm17.tif 4 4 0.4078031436220716 
ch00_p1-pl3-sample8-sperm6.tif 4 0 0.4835737657353523 
ch00_p1-pl3-sample9-sperm5.tif 4 4 0.999998418933168 
ch00_p3-pl1-sample11-sperm5.tif 4 4 0.9876476616919768 
ch00_p3-pl1-sample15-sperm4.tif 4 4 0.9999995354061706 
ch00_p3-pl1-sample19-sperm3.tif 4 4 0.9539077320895417 
ch00_p3-pl1-sample19-sperm8.tif 4 4 0.9710784797001889 
ch00_p3-pl1-sample2-sperm6.tif 4 4 0.9886365994932299 
ch00_p3-pl1-sample23-sperm2.tif 4 4 0.9999992131982373 
ch00_p3-pl1-sample25-sperm2.tif 4 4 0.9956624032251564 
ch00_p3-pl1-sample26-sperm7.tif 4 4 0.9999992525378847 
ch00_p3-pl1-sample29-sperm4.tif 4 4 0.9986885513580296 
ch00_p3-pl1-sample3-sperm9.tif 4 1 0.9145025131310347 
ch00_p3-pl1-sample30-sperm4.tif 4 4 0.9999998407275239 
ch00_p3-pl1-sample30-sperm5.tif 4 1 0.9514252368355661 
ch00_p3-pl1-sample31-sperm7.tif 4 4 0.8875892998981212 
ch00_p3-pl1-sample32-sperm2.tif 4 4 0.9999991042843184 
ch00_p3-pl1-sample32-sperm6.tif 4 4 0.7365552440827612 
ch00_p3-pl1-sample7-sperm1.tif 4 4 0.5847456790291798 
ch00_p3-pl1-sample7-sperm11.tif 4 4 0.9926386760263202 
ch00_p3-pl1-sample7-sperm13.tif 4 0 0.7954509624137001 
ch00_p4-pl1-sample1-sperm1.tif 4 0 0.9257678297547884 
ch00_p4-pl1-sample1-sperm12.tif 4 4 0.9265888948532276 
ch00_p4-pl1-sample10-sperm22.tif 4 1 0.8033000955495615 
ch00_p4-pl1-sample11-sperm2.tif 4 4 0.9999998524262962 
ch00_p4-pl1-sample12-sperm11.tif 4 4 0.9876111756400988 
ch00_p4-pl1-sample12-sperm3.tif 4 4 0.9850907799161557 
ch00_p4-pl1-sample12-sperm8.tif 4 4 0.9973682853532536 
ch00_p4-pl1-sample13-sperm5.tif 4 4 0.703327215342454 
ch00_p4-pl1-sample14-sperm4.tif 4 0 0.9699158641933934 
ch00_p4-pl1-sample14-sperm7.tif 4 4 0.981049721516938 
ch00_p4-pl1-sample16-sperm1.tif 4 1 0.9853391283111802 
ch00_p4-pl1-sample16-sperm16.tif 4 4 0.9999983708627963 
ch00_p4-pl1-sample16-sperm17.tif 4 4 0.9999987871963436 
ch00_p4-pl1-sample17-sperm5.tif 4 2 0.735749204037763 
ch00_p4-pl1-sample18-sperm5.tif 4 4 0.7839389714641661 
ch00_p4-pl1-sample19-sperm6.tif 4 4 0.9999996943959656 
ch00_p4-pl1-sample2-sperm12.tif 4 4 0.9999992352875664 
ch00_p4-pl1-sample2-sperm3.tif 4 4 0.9228042280182447 
ch00_p4-pl1-sample2-sperm9.tif 4 1 0.9863111285249584 
ch00_p4-pl1-sample20-sperm11.tif 4 4 0.7986105817369922 
ch00_p4-pl1-sample20-sperm5.tif 4 2 0.9893910155219782 
ch00_p4-pl1-sample20-sperm9.tif 4 1 0.6724295575608099 
ch00_p4-pl1-sample4-sperm10.tif 4 4 0.9914955491467407 
ch00_p4-pl1-sample4-sperm11.tif 4 4 0.9479459881626792 
ch00_p4-pl1-sample4-sperm16.tif 4 4 0.9999994601956484 
ch00_p4-pl1-sample4-sperm9.tif 4 4 0.8452761210542531 
ch00_p4-pl1-sample5-sperm1.tif 4 2 0.9946396459711031 
ch00_p4-pl1-sample5-sperm7.tif 4 0 0.5405620251788931 
ch00_p4-pl1-sample5-sperm9.tif 4 4 0.9999986043256979 
ch00_p4-pl1-sample7-sperm13.tif 4 4 0.9884537159994654 
ch00_p4-pl1-sample7-sperm3.tif 4 2 0.9004319194950539 
ch00_p4-pl1-sample8-sperm12.tif 4 4 0.9696201743132545 
ch00_p4-pl1-sample8-sperm2.tif 4 0 0.47643707792105905 
ch00_p4-pl1-sample8-sperm3.tif 4 4 0.84900544156123 
ch00_p4-pl1-sample9-sperm11.tif 4 1 0.6513246977439566 
ch00_p4-pl1-sample9-sperm17.tif 4 4 0.9569347739590988 
ch00_p4-pl2-sample1-sperm1.tif 4 4 0.9892020513370344 
ch00_p4-pl2-sample10-sperm11.tif 4 4 0.994204743712906 
ch00_p4-pl2-sample10-sperm5.tif 4 0 0.44856423657011324 
ch00_p4-pl2-sample10-sperm7.tif 4 4 0.9942385724586131 
ch00_p4-pl2-sample11-sperm2.tif 4 4 0.9904523806982268 
ch00_p4-pl2-sample11-sperm4.tif 4 4 0.9985897744650301 
ch00_p4-pl2-sample12-sperm10.tif 4 0 0.9593231575667106 
ch00_p4-pl2-sample12-sperm11.tif 4 2 0.669171337121549 
ch00_p4-pl2-sample12-sperm4.tif 4 4 0.9856340539757416 
ch00_p4-pl2-sample12-sperm9.tif 4 4 0.9189489566209817 
ch00_p4-pl2-sample13-sperm5.tif 4 2 0.8802040379633148 
ch00_p4-pl2-sample14-sperm10.tif 4 0 0.9971151323137207 
ch00_p4-pl2-sample14-sperm6.tif 4 4 0.9175186756738675 
ch00_p4-pl2-sample14-sperm8.tif 4 1 0.5216716501582231 
ch00_p4-pl2-sample14-sperm9.tif 4 1 0.9463107299211941 
ch00_p4-pl2-sample15-sperm7.tif 4 4 0.9999995920296912 
ch00_p4-pl2-sample16-sperm7.tif 4 4 0.9985761513451367 
ch00_p4-pl2-sample16-sperm8.tif 4 4 0.7610688942340504 
ch00_p4-pl2-sample18-sperm3.tif 4 3 0.8697199072500595 
ch00_p4-pl2-sample18-sperm8.tif 4 1 0.8957783589630526 
ch00_p4-pl2-sample18-sperm9.tif 4 4 0.9978798828125093 
ch00_p4-pl2-sample19-sperm4.tif 4 4 0.9960129436933844 
ch00_p4-pl2-sample19-sperm8.tif 4 4 0.9971527203308134 
ch00_p4-pl2-sample2-sperm1.tif 4 4 0.9976350955636804 
ch00_p4-pl2-sample2-sperm10.tif 4 4 0.9983227009763644 
ch00_p4-pl2-sample2-sperm2.tif 4 4 0.9326620988333875 
ch00_p4-pl2-sample2-sperm3.tif 4 2 0.6990303445904422 
ch00_p4-pl2-sample20-sperm2.tif 4 4 0.9988756785185473 
ch00_p4-pl2-sample20-sperm3.tif 4 4 0.91622014508226 
ch00_p4-pl2-sample3-sperm2.tif 4 1 0.49404462649531583 
ch00_p4-pl2-sample3-sperm3.tif 4 4 0.9949536026533875 
ch00_p4-pl2-sample3-sperm6.tif 4 2 0.6012282833775862 
ch00_p4-pl2-sample5-sperm5.tif 4 4 0.5552506378205504 
ch00_p4-pl2-sample6-sperm2.tif 4 4 0.9690742634108866 
ch00_p4-pl2-sample6-sperm5.tif 4 4 0.9938633230667275 
ch00_p4-pl2-sample6-sperm6.tif 4 0 0.7872587319591703 
ch00_p4-pl2-sample7-sperm3.tif 4 0 0.9326100215358145 
ch00_p4-pl2-sample7-sperm5.tif 4 4 0.996634874743217 
ch00_p4-pl2-sample7-sperm7.tif 4 4 0.9583419453531888 
ch00_p5-pl1-sample1-sperm12.tif 4 1 0.9952373062844135 
ch00_p5-pl1-sample1-sperm13.tif 4 4 0.996298137346689 
ch00_p5-pl1-sample1-sperm15.tif 4 4 0.9768331115060559 
ch00_p5-pl1-sample1-sperm7.tif 4 3 0.9462408168438289 
ch00_p5-pl1-sample10-sperm7.tif 4 4 0.9408613957281328 
ch00_p5-pl1-sample12-sperm13.tif 4 4 0.9931010960644587 
ch00_p5-pl1-sample15-sperm2.tif 4 4 0.9108009766947087 
ch00_p5-pl1-sample15-sperm3.tif 4 4 0.9670431652919024 
ch00_p5-pl1-sample17-sperm13.tif 4 4 0.9914928647796104 
ch00_p5-pl1-sample17-sperm17.tif 4 4 0.987849586480551 
ch00_p5-pl1-sample17-sperm2.tif 4 4 0.8766011516772515 
ch00_p5-pl1-sample17-sperm5.tif 4 4 0.8717027939858384 
ch00_p5-pl1-sample17-sperm9.tif 4 1 0.9985595573924267 
ch00_p5-pl1-sample18-sperm3.tif 4 4 0.999997770892542 
ch00_p5-pl1-sample19-sperm2.tif 4 4 0.6545536351654208 
ch00_p5-pl1-sample2-sperm13.tif 4 4 0.9503966483367564 
ch00_p5-pl1-sample20-sperm2.tif 4 4 0.9394660099246898 
ch00_p5-pl1-sample20-sperm6.tif 4 1 0.9092210215612994 
ch00_p5-pl1-sample3-sperm13.tif 4 4 0.9999980609337302 
ch00_p5-pl1-sample3-sperm21.tif 4 4 0.8896007750570029 
ch00_p5-pl1-sample5-sperm18.tif 4 4 0.7316736444745017 
ch00_p5-pl1-sample5-sperm9.tif 4 1 0.9679954714376409 
ch00_p5-pl1-sample6-sperm9.tif 4 4 0.7224993387264871 
ch00_p5-pl1-sample9-sperm4.tif 4 4 0.995623308043925 
