ch00_p1-pl2-sample10-sperm10.tif 0 0 0.9962206386044152 
ch00_p1-pl2-sample10-sperm4.tif 0 0 0.9997750739394196 
ch00_p1-pl2-sample3-sperm4.tif 0 4 0.7872264872477736 
ch00_p1-pl2-sample34-sperm9.tif 0 0 0.9999879889277041 
ch00_p1-pl2-sample4-sperm15.tif 0 0 0.6332733152013522 
ch00_p1-pl2-sample4-sperm20.tif 0 4 0.9982819784141859 
ch00_p1-pl2-sample8-sperm6.tif 0 0 0.9971641408048231 
ch00_p1-pl3-sample10-sperm2.tif 0 4 0.9348237568433743 
ch00_p1-pl3-sample17-sperm5.tif 0 4 0.935014884019076 
ch00_p3-pl1-sample13-sperm2.tif 0 4 0.9980085779219452 
ch00_p3-pl1-sample2-sperm4.tif 0 0 0.981910503993515 
ch00_p3-pl1-sample3-sperm4.tif 0 0 0.9964234493304863 
ch00_p3-pl1-sample30-sperm6.tif 0 0 0.9928211960214011 
ch00_p4-pl1-sample1-sperm13.tif 0 4 0.8784112074802752 
ch00_p4-pl1-sample1-sperm3.tif 0 0 0.7388350129837657 
ch00_p4-pl1-sample10-sperm7.tif 0 0 0.9983946858580961 
ch00_p4-pl1-sample13-sperm9.tif 0 4 0.9989867950465512 
ch00_p4-pl1-sample14-sperm1.tif 0 4 0.9988050847918822 
ch00_p4-pl1-sample14-sperm2.tif 0 4 0.9639443291848282 
ch00_p4-pl1-sample15-sperm6.tif 0 3 0.8400310218657104 
ch00_p4-pl1-sample17-sperm2.tif 0 4 0.8944737423135706 
ch00_p4-pl1-sample17-sperm9.tif 0 0 0.7285895313253608 
ch00_p4-pl1-sample19-sperm1.tif 0 0 0.9984240379320988 
ch00_p4-pl1-sample2-sperm11.tif 0 0 0.5564170651028397 
ch00_p4-pl1-sample20-sperm7.tif 0 4 0.9644730354281226 
ch00_p4-pl2-sample17-sperm5.tif 0 3 0.9922885463879083 
ch00_p4-pl2-sample5-sperm6.tif 0 4 0.9981061806804445 
ch00_p4-pl2-sample8-sperm5.tif 0 0 0.9984904130288206 
ch00_p5-pl1-sample15-sperm10.tif 0 4 0.996743443894468 
ch00_p5-pl1-sample2-sperm9.tif 0 4 0.9849364590908875 
ch00_p1-pl2-sample10-sperm3.tif 1 1 0.9999696649545068 
ch00_p1-pl2-sample11-sperm12.tif 1 1 0.9999574106576258 
ch00_p1-pl2-sample11-sperm2.tif 1 1 0.9999484081614546 
ch00_p1-pl2-sample13-sperm6.tif 1 3 0.98134460692883 
ch00_p1-pl2-sample13-sperm7.tif 1 4 0.996339156615695 
ch00_p1-pl2-sample14-sperm13.tif 1 1 0.882065775293323 
ch00_p1-pl2-sample17-sperm5.tif 1 1 0.9723233809195604 
ch00_p1-pl2-sample18-sperm10.tif 1 0 0.9865751737766262 
ch00_p1-pl2-sample18-sperm3.tif 1 4 0.607995959687505 
ch00_p1-pl2-sample18-sperm5.tif 1 1 0.9999828250023117 
ch00_p1-pl2-sample19-sperm8.tif 1 3 0.985705431435565 
ch00_p1-pl2-sample21-sperm6.tif 1 1 0.7287099773412938 
ch00_p1-pl2-sample22-sperm3.tif 1 1 0.9002217698603565 
ch00_p1-pl2-sample22-sperm6.tif 1 4 0.8932966973906074 
ch00_p1-pl2-sample23-sperm10.tif 1 1 0.9989208716356347 
ch00_p1-pl2-sample23-sperm14.tif 1 0 0.9988733906113285 
ch00_p1-pl2-sample24-sperm6.tif 1 1 0.6452484836577799 
ch00_p1-pl2-sample24-sperm7.tif 1 1 0.6733887748204059 
ch00_p1-pl2-sample26-sperm5.tif 1 4 0.9378732921907256 
ch00_p1-pl2-sample29-sperm5.tif 1 1 0.9996766230606065 
ch00_p1-pl2-sample3-sperm10.tif 1 1 0.6200035712156357 
ch00_p1-pl2-sample3-sperm3.tif 1 1 0.999804329020381 
ch00_p1-pl2-sample30-sperm5.tif 1 1 0.9998296982099442 
ch00_p1-pl2-sample30-sperm7.tif 1 4 0.992364329974471 
ch00_p1-pl2-sample31-sperm8.tif 1 4 0.9732030106657636 
ch00_p1-pl2-sample32-sperm2.tif 1 4 0.998611345259096 
ch00_p1-pl2-sample32-sperm4.tif 1 1 0.8073190977032791 
ch00_p1-pl2-sample32-sperm6.tif 1 4 0.9047677166663549 
ch00_p1-pl2-sample33-sperm12.tif 1 1 0.9997877038029754 
ch00_p1-pl2-sample6-sperm11.tif 1 1 0.9769447001823267 
ch00_p1-pl2-sample7-sperm11.tif 1 1 0.9999559039899106 
ch00_p1-pl2-sample7-sperm9.tif 1 4 0.9686696180177702 
ch00_p1-pl2-sample8-sperm1.tif 1 4 0.9975544184483063 
ch00_p1-pl2-sample8-sperm2.tif 1 1 0.9878399303371534 
ch00_p1-pl2-sample9-sperm12.tif 1 0 0.8784963087284597 
ch00_p1-pl2-sample9-sperm13.tif 1 4 0.9420527161846906 
ch00_p1-pl3-sample13-sperm13.tif 1 1 0.9810990970224414 
ch00_p1-pl3-sample15-sperm6.tif 1 0 0.9921597736108431 
ch00_p1-pl3-sample18-sperm1.tif 1 4 0.9988154576553696 
ch00_p1-pl3-sample5-sperm2.tif 1 4 0.9985383473169398 
ch00_p1-pl3-sample7-sperm12.tif 1 1 0.7745356822294492 
ch00_p1-pl3-sample8-sperm10.tif 1 4 0.746935348876342 
ch00_p3-pl1-sample10-sperm6.tif 1 1 0.9999683597977626 
ch00_p3-pl1-sample12-sperm5.tif 1 1 0.9932115368049474 
ch00_p3-pl1-sample17-sperm3.tif 1 1 0.9632387548259571 
ch00_p3-pl1-sample18-sperm1.tif 1 1 0.8164126813759464 
ch00_p3-pl1-sample21-sperm6.tif 1 4 0.958659820501438 
ch00_p3-pl1-sample22-sperm2.tif 1 1 0.7691398938153294 
ch00_p3-pl1-sample25-sperm11.tif 1 1 0.9997288854637085 
ch00_p3-pl1-sample27-sperm5.tif 1 1 0.9998809708332633 
ch00_p3-pl1-sample29-sperm5.tif 1 4 0.5068158634700414 
ch00_p3-pl1-sample5-sperm6.tif 1 1 0.9999825050790451 
ch00_p4-pl1-sample1-sperm5.tif 1 1 0.6531248028214125 
ch00_p4-pl1-sample16-sperm6.tif 1 1 0.9998489992751007 
ch00_p4-pl1-sample17-sperm3.tif 1 1 0.8952911603305869 
ch00_p4-pl1-sample19-sperm3.tif 1 4 0.50765272090577 
ch00_p4-pl1-sample4-sperm2.tif 1 2 0.9520717508304957 
ch00_p4-pl1-sample9-sperm16.tif 1 1 0.805479808644995 
ch00_p4-pl2-sample10-sperm2.tif 1 1 0.9809212502815922 
ch00_p4-pl2-sample4-sperm3.tif 1 4 0.9991244460351695 
ch00_p5-pl1-sample1-sperm9.tif 1 1 0.9574041487749708 
ch00_p5-pl1-sample16-sperm7.tif 1 1 0.7006046931706669 
ch00_p5-pl1-sample19-sperm11.tif 1 1 0.6186485621450741 
ch00_p5-pl1-sample2-sperm2.tif 1 1 0.9318354979692979 
ch00_p5-pl1-sample4-sperm9.tif 1 0 0.9565101866251859 
ch00_p5-pl1-sample6-sperm13.tif 1 1 0.9997882220287533 
ch00_p5-pl1-sample8-sperm2.tif 1 4 0.9598570651719069 
ch00_p5-pl1-sample8-sperm5.tif 1 1 0.9440596493386249 
ch00_p1-pl2-sample2-sperm15.tif 2 4 0.9916509043870338 
ch00_p1-pl2-sample2-sperm6.tif 2 1 0.9962739251241248 
ch00_p1-pl2-sample2-sperm9.tif 2 2 0.5755467988676749 
ch00_p1-pl2-sample23-sperm9.tif 2 4 0.9908709951762358 
ch00_p1-pl2-sample27-sperm7.tif 2 2 0.9970670118935498 
ch00_p1-pl2-sample31-sperm2.tif 2 4 0.9929832689324123 
ch00_p1-pl3-sample1-sperm9.tif 2 4 0.9990230587986149 
ch00_p1-pl3-sample11-sperm6.tif 2 2 0.954705607566527 
ch00_p1-pl3-sample11-sperm7.tif 2 4 0.9990140299840279 
ch00_p1-pl3-sample20-sperm4.tif 2 2 0.9973407748589592 
ch00_p1-pl3-sample22-sperm11.tif 2 4 0.9227898920767332 
ch00_p1-pl3-sample6-sperm2.tif 2 1 0.5102912019677271 
ch00_p1-pl3-sample9-sperm4.tif 2 4 0.9033800566274417 
ch00_p4-pl1-sample12-sperm4.tif 2 2 0.9998572781169687 
ch00_p4-pl1-sample13-sperm4.tif 2 2 0.9950804693749802 
ch00_p4-pl1-sample14-sperm10.tif 2 2 0.9714530976766176 
ch00_p4-pl1-sample17-sperm8.tif 2 2 0.929412404129623 
ch00_p4-pl1-sample19-sperm7.tif 2 2 0.999074771940173 
ch00_p4-pl1-sample3-sperm10.tif 2 4 0.9275758851816155 
ch00_p4-pl1-sample4-sperm15.tif 2 2 0.5260674864856191 
ch00_p4-pl2-sample17-sperm6.tif 2 4 0.9881696556600684 
ch00_p4-pl2-sample4-sperm11.tif 2 2 0.9927612303187979 
ch00_p1-pl2-sample15-sperm6.tif 3 4 0.9984343938348235 
ch00_p1-pl2-sample22-sperm2.tif 3 3 0.9680249934167976 
ch00_p1-pl2-sample23-sperm11.tif 3 0 0.8980726334082633 
ch00_p1-pl2-sample23-sperm8.tif 3 0 0.968121659532899 
ch00_p1-pl2-sample24-sperm3.tif 3 4 0.42584172123804964 
ch00_p1-pl2-sample25-sperm9.tif 3 0 0.9626714235839692 
ch00_p1-pl2-sample27-sperm1.tif 3 0 0.9991687136817 
ch00_p1-pl2-sample5-sperm4.tif 3 4 0.9936103134653514 
ch00_p1-pl2-sample5-sperm6.tif 3 2 0.9944334163568331 
ch00_p1-pl3-sample13-sperm12.tif 3 4 0.9362962590527096 
ch00_p1-pl3-sample20-sperm9.tif 3 3 0.8636424002582831 
ch00_p1-pl3-sample23-sperm16.tif 3 4 0.9987523656476547 
ch00_p1-pl3-sample24-sperm1.tif 3 3 0.5608295462184986 
ch00_p1-pl3-sample25-sperm14.tif 3 3 0.9460485066372486 
ch00_p1-pl3-sample4-sperm4.tif 3 3 0.9954661160399424 
ch00_p1-pl3-sample5-sperm10.tif 3 4 0.9988607850425815 
ch00_p3-pl1-sample1-sperm3.tif 3 4 0.8462238601020988 
ch00_p3-pl1-sample30-sperm1.tif 3 4 0.7564536799516388 
ch00_p3-pl1-sample31-sperm3.tif 3 3 0.5946628248791898 
ch00_p4-pl2-sample8-sperm4.tif 3 4 0.7734494625263856 
ch00_p5-pl1-sample10-sperm3.tif 3 3 0.9682794512257579 
ch00_p1-pl2-sample10-sperm15.tif 4 4 0.8650851944990668 
ch00_p1-pl2-sample13-sperm1.tif 4 4 0.5563138273195364 
ch00_p1-pl2-sample14-sperm2.tif 4 4 0.9352406216833282 
ch00_p1-pl2-sample14-sperm4.tif 4 4 0.9974482084099718 
ch00_p1-pl2-sample16-sperm7.tif 4 4 0.9950659643585483 
ch00_p1-pl2-sample17-sperm2.tif 4 4 0.9879741010324308 
ch00_p1-pl2-sample17-sperm3.tif 4 4 0.8075365398057441 
ch00_p1-pl2-sample18-sperm2.tif 4 4 0.9967698364717354 
ch00_p1-pl2-sample18-sperm6.tif 4 4 0.9726654849528453 
ch00_p1-pl2-sample2-sperm16.tif 4 0 0.998076312379001 
ch00_p1-pl2-sample2-sperm8.tif 4 4 0.9990992660049326 
ch00_p1-pl2-sample23-sperm13.tif 4 4 0.9896551613128755 
ch00_p1-pl2-sample24-sperm12.tif 4 4 0.9511291455646945 
ch00_p1-pl2-sample24-sperm13.tif 4 4 0.9971958547428476 
ch00_p1-pl2-sample26-sperm3.tif 4 3 0.993010397320229 
ch00_p1-pl2-sample27-sperm5.tif 4 4 0.9987308292067714 
ch00_p1-pl2-sample27-sperm8.tif 4 4 0.6531683416892776 
ch00_p1-pl2-sample28-sperm1.tif 4 4 0.9976074055326452 
ch00_p1-pl2-sample29-sperm1.tif 4 4 0.9967475661929743 
ch00_p1-pl2-sample3-sperm1.tif 4 4 0.9974517256272764 
ch00_p1-pl2-sample3-sperm15.tif 4 4 0.5162776458318015 
ch00_p1-pl2-sample3-sperm6.tif 4 4 0.9975684001294995 
ch00_p1-pl2-sample31-sperm12.tif 4 0 0.6351277815631537 
ch00_p1-pl2-sample31-sperm6.tif 4 1 0.8753850512156263 
ch00_p1-pl2-sample32-sperm1.tif 4 4 0.9984661413636495 
ch00_p1-pl2-sample32-sperm5.tif 4 3 0.8778509820190619 
ch00_p1-pl2-sample33-sperm10.tif 4 4 0.9989146687617613 
ch00_p1-pl2-sample33-sperm2.tif 4 4 0.9411453980409931 
ch00_p1-pl2-sample33-sperm3.tif 4 4 0.9981603908544142 
ch00_p1-pl2-sample34-sperm10.tif 4 4 0.9911929626656963 
ch00_p1-pl2-sample34-sperm12.tif 4 4 0.9944202454559758 
ch00_p1-pl2-sample34-sperm7.tif 4 4 0.9988285881998097 
ch00_p1-pl2-sample35-sperm10.tif 4 1 0.9999264391261352 
ch00_p1-pl2-sample35-sperm12.tif 4 4 0.8770667281393784 
ch00_p1-pl2-sample35-sperm8.tif 4 0 0.9991645281494947 
ch00_p1-pl2-sample4-sperm16.tif 4 1 0.7460826779449323 
ch00_p1-pl2-sample7-sperm5.tif 4 4 0.9733781925428061 
ch00_p1-pl3-sample10-sperm1.tif 4 4 0.9920134029842509 
ch00_p1-pl3-sample12-sperm17.tif 4 4 0.9987835839196038 
ch00_p1-pl3-sample12-sperm3.tif 4 1 0.9864195128317561 
ch00_p1-pl3-sample12-sperm6.tif 4 0 0.9721159538944946 
ch00_p1-pl3-sample12-sperm8.tif 4 4 0.9944725413762285 
ch00_p1-pl3-sample13-sperm9.tif 4 4 0.9974119166271408 
ch00_p1-pl3-sample14-sperm1.tif 4 4 0.8465993087833246 
ch00_p1-pl3-sample14-sperm11.tif 4 3 0.9894361883852841 
ch00_p1-pl3-sample15-sperm2.tif 4 4 0.8579133921170418 
ch00_p1-pl3-sample15-sperm20.tif 4 3 0.734797139859608 
ch00_p1-pl3-sample17-sperm11.tif 4 1 0.882620127987637 
ch00_p1-pl3-sample17-sperm2.tif 4 4 0.9983025282295886 
ch00_p1-pl3-sample17-sperm7.tif 4 4 0.997702472254192 
ch00_p1-pl3-sample19-sperm1.tif 4 4 0.9898106506950662 
ch00_p1-pl3-sample19-sperm8.tif 4 4 0.7882723681666922 
ch00_p1-pl3-sample2-sperm12.tif 4 4 0.8856701395314324 
ch00_p1-pl3-sample20-sperm12.tif 4 4 0.9992375774113353 
ch00_p1-pl3-sample20-sperm8.tif 4 4 0.9984635670261697 
ch00_p1-pl3-sample21-sperm9.tif 4 1 0.967711706634752 
ch00_p1-pl3-sample23-sperm11.tif 4 1 0.9989445851890868 
ch00_p1-pl3-sample24-sperm11.tif 4 3 0.5283938359948269 
ch00_p1-pl3-sample24-sperm13.tif 4 1 0.8838298582700825 
ch00_p1-pl3-sample24-sperm14.tif 4 4 0.7235546825722052 
ch00_p1-pl3-sample24-sperm21.tif 4 4 0.9846875989159384 
ch00_p1-pl3-sample24-sperm24.tif 4 4 0.9987335819368935 
ch00_p1-pl3-sample24-sperm5.tif 4 4 0.67295425324668 
ch00_p1-pl3-sample24-sperm9.tif 4 4 0.9145909543883404 
ch00_p1-pl3-sample25-sperm10.tif 4 1 0.7197445101460912 
ch00_p1-pl3-sample25-sperm3.tif 4 2 0.9999294208545739 
ch00_p1-pl3-sample25-sperm4.tif 4 2 0.6194430291762332 
ch00_p1-pl3-sample25-sperm8.tif 4 0 0.9986682666279117 
ch00_p1-pl3-sample3-sperm8.tif 4 0 0.9702458698041659 
ch00_p1-pl3-sample4-sperm3.tif 4 3 0.9999539490409329 
ch00_p1-pl3-sample6-sperm3.tif 4 1 0.9869569552145683 
ch00_p1-pl3-sample6-sperm6.tif 4 4 0.44701569461621277 
ch00_p1-pl3-sample7-sperm14.tif 4 4 0.6346752650820703 
ch00_p1-pl3-sample7-sperm3.tif 4 4 0.9984782118087542 
ch00_p1-pl3-sample8-sperm11.tif 4 1 0.8991452508258196 
ch00_p1-pl3-sample8-sperm6.tif 4 0 0.5724978682342138 
ch00_p1-pl3-sample9-sperm14.tif 4 4 0.9983108652224085 
ch00_p1-pl3-sample9-sperm8.tif 4 4 0.9950268263866994 
ch00_p3-pl1-sample10-sperm4.tif 4 3 0.8696562365627318 
ch00_p3-pl1-sample11-sperm1.tif 4 4 0.9953057199148243 
ch00_p3-pl1-sample11-sperm5.tif 4 4 0.9775623352767147 
ch00_p3-pl1-sample11-sperm6.tif 4 4 0.9945394358084183 
ch00_p3-pl1-sample12-sperm6.tif 4 4 0.9882389913356537 
ch00_p3-pl1-sample13-sperm6.tif 4 4 0.5878976452111858 
ch00_p3-pl1-sample16-sperm3.tif 4 3 0.5402817922600197 
ch00_p3-pl1-sample16-sperm5.tif 4 0 0.85259801997391 
ch00_p3-pl1-sample18-sperm2.tif 4 0 0.9996210749861022 
ch00_p3-pl1-sample19-sperm4.tif 4 4 0.9982975200160725 
ch00_p3-pl1-sample19-sperm8.tif 4 4 0.9916282186324217 
ch00_p3-pl1-sample20-sperm1.tif 4 4 0.8520383309234602 
ch00_p3-pl1-sample22-sperm8.tif 4 0 0.8935863798794963 
ch00_p3-pl1-sample25-sperm2.tif 4 4 0.9967865235175425 
ch00_p3-pl1-sample25-sperm5.tif 4 4 0.7905323185890775 
ch00_p3-pl1-sample26-sperm1.tif 4 4 0.9983234345655388 
ch00_p3-pl1-sample29-sperm8.tif 4 4 0.8428211198181711 
ch00_p3-pl1-sample29-sperm9.tif 4 4 0.6516992814460005 
ch00_p3-pl1-sample3-sperm6.tif 4 4 0.9986503319579416 
ch00_p3-pl1-sample31-sperm2.tif 4 0 0.797158428141276 
ch00_p3-pl1-sample31-sperm7.tif 4 3 0.8797794485398245 
ch00_p3-pl1-sample32-sperm6.tif 4 1 0.9997975629750346 
ch00_p3-pl1-sample4-sperm1.tif 4 4 0.9978885328106611 
ch00_p3-pl1-sample4-sperm5.tif 4 4 0.9987188341415602 
ch00_p3-pl1-sample7-sperm1.tif 4 3 0.9425229227716891 
ch00_p3-pl1-sample7-sperm11.tif 4 4 0.9925326957479353 
ch00_p3-pl1-sample7-sperm6.tif 4 1 0.9443103098201253 
ch00_p3-pl1-sample9-sperm9.tif 4 4 0.7139109379463691 
ch00_p4-pl1-sample1-sperm9.tif 4 4 0.9941660174903243 
ch00_p4-pl1-sample10-sperm11.tif 4 4 0.469630343064246 
ch00_p4-pl1-sample10-sperm15.tif 4 4 0.9113503151037559 
ch00_p4-pl1-sample10-sperm20.tif 4 4 0.6048518202959334 
ch00_p4-pl1-sample10-sperm22.tif 4 4 0.9848674843590041 
ch00_p4-pl1-sample10-sperm6.tif 4 4 0.9972431591384423 
ch00_p4-pl1-sample11-sperm12.tif 4 4 0.6783352008676907 
ch00_p4-pl1-sample11-sperm8.tif 4 0 0.9997437208190578 
ch00_p4-pl1-sample12-sperm11.tif 4 4 0.9829064603528573 
ch00_p4-pl1-sample12-sperm3.tif 4 4 0.6905754963596614 
ch00_p4-pl1-sample12-sperm6.tif 4 4 0.987559970646374 
ch00_p4-pl1-sample12-sperm8.tif 4 1 0.953270449896279 
ch00_p4-pl1-sample12-sperm9.tif 4 4 0.9985011049698836 
ch00_p4-pl1-sample13-sperm2.tif 4 1 0.945122233510707 
ch00_p4-pl1-sample13-sperm7.tif 4 4 0.9965480737104014 
ch00_p4-pl1-sample16-sperm13.tif 4 1 0.9737932479303133 
ch00_p4-pl1-sample17-sperm10.tif 4 4 0.9930219318656628 
ch00_p4-pl1-sample2-sperm1.tif 4 1 0.9962663462668174 
ch00_p4-pl1-sample2-sperm12.tif 4 4 0.9983324410702543 
ch00_p4-pl1-sample2-sperm5.tif 4 2 0.9968338700146566 
ch00_p4-pl1-sample20-sperm6.tif 4 4 0.5934846208599619 
ch00_p4-pl1-sample5-sperm9.tif 4 4 0.997678290487096 
ch00_p4-pl1-sample6-sperm3.tif 4 3 0.9355219302739028 
ch00_p4-pl1-sample6-sperm4.tif 4 4 0.9978315440335002 
ch00_p4-pl1-sample7-sperm12.tif 4 3 0.9921015190432032 
ch00_p4-pl1-sample7-sperm2.tif 4 4 0.9981843760178176 
ch00_p4-pl1-sample7-sperm3.tif 4 2 0.9992615293255307 
ch00_p4-pl1-sample7-sperm4.tif 4 4 0.9910289753094655 
ch00_p4-pl1-sample7-sperm8.tif 4 4 0.8125872024369275 
ch00_p4-pl1-sample8-sperm10.tif 4 4 0.9482697681465143 
ch00_p4-pl1-sample8-sperm6.tif 4 2 0.9803523743838827 
ch00_p4-pl1-sample9-sperm11.tif 4 4 0.9989803458754631 
ch00_p4-pl1-sample9-sperm15.tif 4 1 0.39977876573068244 
ch00_p4-pl1-sample9-sperm6.tif 4 2 0.9749254112540471 
ch00_p4-pl2-sample10-sperm1.tif 4 0 0.9947199876927403 
ch00_p4-pl2-sample10-sperm11.tif 4 4 0.9991383345898714 
ch00_p4-pl2-sample10-sperm12.tif 4 4 0.8860380519286949 
ch00_p4-pl2-sample10-sperm8.tif 4 4 0.9877957800523851 
ch00_p4-pl2-sample12-sperm1.tif 4 4 0.9941322333689463 
ch00_p4-pl2-sample12-sperm10.tif 4 4 0.810257642515398 
ch00_p4-pl2-sample12-sperm9.tif 4 0 0.6675982574687509 
ch00_p4-pl2-sample13-sperm9.tif 4 4 0.9272217721249899 
ch00_p4-pl2-sample15-sperm4.tif 4 4 0.9981570638693447 
ch00_p4-pl2-sample15-sperm6.tif 4 4 0.9974510925574742 
ch00_p4-pl2-sample16-sperm4.tif 4 4 0.8830639833198458 
ch00_p4-pl2-sample17-sperm4.tif 4 4 0.9721232965492859 
ch00_p4-pl2-sample18-sperm2.tif 4 2 0.696125692065908 
ch00_p4-pl2-sample18-sperm3.tif 4 4 0.7375620700395046 
ch00_p4-pl2-sample18-sperm5.tif 4 4 0.9989184704296621 
ch00_p4-pl2-sample18-sperm6.tif 4 1 0.9592814615932325 
ch00_p4-pl2-sample18-sperm9.tif 4 4 0.9973026380549975 
ch00_p4-pl2-sample19-sperm4.tif 4 4 0.8460078756559638 
ch00_p4-pl2-sample2-sperm3.tif 4 4 0.6806640094402211 
ch00_p4-pl2-sample2-sperm6.tif 4 4 0.9977603373383229 
ch00_p4-pl2-sample2-sperm7.tif 4 4 0.9980130560435413 
ch00_p4-pl2-sample20-sperm5.tif 4 4 0.9670958737205566 
ch00_p4-pl2-sample3-sperm3.tif 4 4 0.9983063126071673 
ch00_p4-pl2-sample3-sperm5.tif 4 4 0.9986450256435568 
ch00_p4-pl2-sample4-sperm2.tif 4 1 0.39444297520612887 
ch00_p4-pl2-sample4-sperm4.tif 4 4 0.9991208534467872 
ch00_p4-pl2-sample4-sperm9.tif 4 4 0.8699138623985193 
ch00_p4-pl2-sample5-sperm3.tif 4 2 0.4322761916036863 
ch00_p4-pl2-sample5-sperm5.tif 4 4 0.8405835215627265 
ch00_p4-pl2-sample6-sperm2.tif 4 4 0.9611030571952585 
ch00_p4-pl2-sample6-sperm3.tif 4 4 0.941063132663353 
ch00_p4-pl2-sample7-sperm4.tif 4 4 0.9989941827403673 
ch00_p4-pl2-sample7-sperm6.tif 4 4 0.934734261287673 
ch00_p4-pl2-sample7-sperm8.tif 4 4 0.964262407802924 
ch00_p4-pl2-sample7-sperm9.tif 4 4 0.99880794884353 
ch00_p4-pl2-sample8-sperm1.tif 4 3 0.9296454820384624 
ch00_p4-pl2-sample8-sperm2.tif 4 4 0.9932308675528576 
ch00_p4-pl2-sample8-sperm9.tif 4 4 0.566537928930191 
ch00_p4-pl2-sample9-sperm4.tif 4 4 0.9933460774143504 
ch00_p5-pl1-sample1-sperm6.tif 4 3 0.4887856850378212 
ch00_p5-pl1-sample14-sperm8.tif 4 4 0.9714591176246731 
ch00_p5-pl1-sample15-sperm4.tif 4 4 0.9909589417621342 
ch00_p5-pl1-sample15-sperm6.tif 4 4 0.9999981281577193 
ch00_p5-pl1-sample17-sperm10.tif 4 0 0.935167341660661 
ch00_p5-pl1-sample17-sperm5.tif 4 4 0.9992152002325443 
ch00_p5-pl1-sample19-sperm13.tif 4 4 0.9979739270344227 
ch00_p5-pl1-sample2-sperm6.tif 4 4 0.9976983840986956 
ch00_p5-pl1-sample20-sperm6.tif 4 4 0.9989235364974877 
ch00_p5-pl1-sample3-sperm13.tif 4 0 0.6084735181020386 
ch00_p5-pl1-sample3-sperm17.tif 4 0 0.9992478687494153 
ch00_p5-pl1-sample4-sperm7.tif 4 1 0.8990773602924739 
ch00_p5-pl1-sample5-sperm15.tif 4 3 0.9674344040717351 
ch00_p5-pl1-sample5-sperm18.tif 4 0 0.8767859912482174 
ch00_p5-pl1-sample5-sperm4.tif 4 4 0.7699072708770651 
ch00_p5-pl1-sample7-sperm5.tif 4 4 0.958753642002821 
ch00_p5-pl1-sample9-sperm6.tif 4 0 0.9924324394427839 
