ch00_p1-pl2-sample10-sperm10.tif 0 0 0.9965459712940838 
ch00_p1-pl2-sample10-sperm4.tif 0 0 0.9007542402592921 
ch00_p1-pl2-sample3-sperm4.tif 0 0 0.9347057132536618 
ch00_p1-pl2-sample34-sperm9.tif 0 0 0.9891079666373217 
ch00_p1-pl2-sample4-sperm15.tif 0 4 0.9890281922352518 
ch00_p1-pl2-sample4-sperm20.tif 0 4 0.999999986658258 
ch00_p1-pl2-sample8-sperm6.tif 0 0 0.9941771340932977 
ch00_p1-pl3-sample10-sperm2.tif 0 4 0.9999970106345967 
ch00_p1-pl3-sample17-sperm5.tif 0 4 0.7939223478852648 
ch00_p3-pl1-sample13-sperm2.tif 0 4 0.9999999981159702 
ch00_p3-pl1-sample2-sperm4.tif 0 0 0.8246031046246863 
ch00_p3-pl1-sample3-sperm4.tif 0 0 0.9806989628839382 
ch00_p3-pl1-sample30-sperm6.tif 0 0 0.4819772502864057 
ch00_p4-pl1-sample1-sperm13.tif 0 4 0.9999998725396814 
ch00_p4-pl1-sample1-sperm3.tif 0 0 0.7552573267008021 
ch00_p4-pl1-sample10-sperm7.tif 0 0 0.959303078206609 
ch00_p4-pl1-sample13-sperm9.tif 0 4 0.9999999999998775 
ch00_p4-pl1-sample14-sperm1.tif 0 4 0.9999995471090194 
ch00_p4-pl1-sample14-sperm2.tif 0 4 0.7718539220238464 
ch00_p4-pl1-sample15-sperm6.tif 0 3 0.9809370013641973 
ch00_p4-pl1-sample17-sperm2.tif 0 0 0.9774167091847026 
ch00_p4-pl1-sample17-sperm9.tif 0 3 0.9884799908268767 
ch00_p4-pl1-sample19-sperm1.tif 0 0 0.831980567696718 
ch00_p4-pl1-sample2-sperm11.tif 0 4 0.4967341869475426 
ch00_p4-pl1-sample20-sperm7.tif 0 0 0.61657020157982 
ch00_p4-pl2-sample17-sperm5.tif 0 3 0.651557504333373 
ch00_p4-pl2-sample5-sperm6.tif 0 4 0.9999999999998739 
ch00_p4-pl2-sample8-sperm5.tif 0 0 0.9903643267457076 
ch00_p5-pl1-sample15-sperm10.tif 0 4 0.9433081657165369 
ch00_p5-pl1-sample2-sperm9.tif 0 0 0.985867388477543 
ch00_p1-pl2-sample10-sperm3.tif 1 1 0.9989817391796428 
ch00_p1-pl2-sample11-sperm12.tif 1 1 0.9852687103783443 
ch00_p1-pl2-sample11-sperm2.tif 1 1 0.9994831195589708 
ch00_p1-pl2-sample13-sperm6.tif 1 0 0.6807533782604746 
ch00_p1-pl2-sample13-sperm7.tif 1 1 0.811479780583025 
ch00_p1-pl2-sample14-sperm13.tif 1 1 0.8548082684940589 
ch00_p1-pl2-sample17-sperm5.tif 1 1 0.9818280452199348 
ch00_p1-pl2-sample18-sperm10.tif 1 4 0.9933613458018983 
ch00_p1-pl2-sample18-sperm3.tif 1 1 0.9799284837536749 
ch00_p1-pl2-sample18-sperm5.tif 1 1 0.9999088262246963 
ch00_p1-pl2-sample19-sperm8.tif 1 3 0.7884220820910871 
ch00_p1-pl2-sample21-sperm6.tif 1 4 0.920156916177573 
ch00_p1-pl2-sample22-sperm3.tif 1 2 0.5836824718856545 
ch00_p1-pl2-sample22-sperm6.tif 1 0 0.6662741620776134 
ch00_p1-pl2-sample23-sperm10.tif 1 1 0.6461155076962154 
ch00_p1-pl2-sample23-sperm14.tif 1 4 0.9906380436958512 
ch00_p1-pl2-sample24-sperm6.tif 1 1 0.994057507591685 
ch00_p1-pl2-sample24-sperm7.tif 1 1 0.989916943438818 
ch00_p1-pl2-sample26-sperm5.tif 1 4 0.9880650583573652 
ch00_p1-pl2-sample29-sperm5.tif 1 1 0.9941463962776395 
ch00_p1-pl2-sample3-sperm10.tif 1 1 0.9548192060600288 
ch00_p1-pl2-sample3-sperm3.tif 1 1 0.9940522971768752 
ch00_p1-pl2-sample30-sperm5.tif 1 1 0.9980968082895748 
ch00_p1-pl2-sample30-sperm7.tif 1 4 0.9516217344563987 
ch00_p1-pl2-sample31-sperm8.tif 1 4 0.9999999967813886 
ch00_p1-pl2-sample32-sperm2.tif 1 4 0.986070273661611 
ch00_p1-pl2-sample32-sperm4.tif 1 1 0.9766548641830605 
ch00_p1-pl2-sample32-sperm6.tif 1 1 0.963213353071753 
ch00_p1-pl2-sample33-sperm12.tif 1 1 0.999996613854301 
ch00_p1-pl2-sample6-sperm11.tif 1 1 0.9575986722475476 
ch00_p1-pl2-sample7-sperm11.tif 1 1 0.999885578669883 
ch00_p1-pl2-sample7-sperm9.tif 1 2 0.8863981952118201 
ch00_p1-pl2-sample8-sperm1.tif 1 1 0.9595250296609288 
ch00_p1-pl2-sample8-sperm2.tif 1 1 0.9941221213972585 
ch00_p1-pl2-sample9-sperm12.tif 1 4 0.9818459244940597 
ch00_p1-pl2-sample9-sperm13.tif 1 4 0.637854615156146 
ch00_p1-pl3-sample13-sperm13.tif 1 1 0.9683155413745202 
ch00_p1-pl3-sample15-sperm6.tif 1 0 0.8971752638418239 
ch00_p1-pl3-sample18-sperm1.tif 1 4 0.9988801603492412 
ch00_p1-pl3-sample5-sperm2.tif 1 4 0.999999988196415 
ch00_p1-pl3-sample7-sperm12.tif 1 1 0.8530970572079805 
ch00_p1-pl3-sample8-sperm10.tif 1 4 0.5626727180941885 
ch00_p3-pl1-sample10-sperm6.tif 1 1 0.9944881530654245 
ch00_p3-pl1-sample12-sperm5.tif 1 1 0.9991749769794179 
ch00_p3-pl1-sample17-sperm3.tif 1 1 0.9754324278548581 
ch00_p3-pl1-sample18-sperm1.tif 1 1 0.9937235990389612 
ch00_p3-pl1-sample21-sperm6.tif 1 4 0.9941931016273946 
ch00_p3-pl1-sample22-sperm2.tif 1 1 0.9973166323838717 
ch00_p3-pl1-sample25-sperm11.tif 1 1 0.9988164283731492 
ch00_p3-pl1-sample27-sperm5.tif 1 1 0.9999816869117859 
ch00_p3-pl1-sample29-sperm5.tif 1 4 0.999999992024159 
ch00_p3-pl1-sample5-sperm6.tif 1 1 0.9999548138664527 
ch00_p4-pl1-sample1-sperm5.tif 1 1 0.935334011548948 
ch00_p4-pl1-sample16-sperm6.tif 1 1 0.9937349409055113 
ch00_p4-pl1-sample17-sperm3.tif 1 1 0.9998255173340773 
ch00_p4-pl1-sample19-sperm3.tif 1 4 0.9977655650145317 
ch00_p4-pl1-sample4-sperm2.tif 1 3 0.7332836562018188 
ch00_p4-pl1-sample9-sperm16.tif 1 1 0.9985386980000759 
ch00_p4-pl2-sample10-sperm2.tif 1 1 0.9063182078774104 
ch00_p4-pl2-sample4-sperm3.tif 1 4 0.8640134638971962 
ch00_p5-pl1-sample1-sperm9.tif 1 1 0.9983258843299845 
ch00_p5-pl1-sample16-sperm7.tif 1 4 0.9999971189900817 
ch00_p5-pl1-sample19-sperm11.tif 1 1 0.9979377060740562 
ch00_p5-pl1-sample2-sperm2.tif 1 4 0.6245099999336873 
ch00_p5-pl1-sample4-sperm9.tif 1 0 0.9580331265680676 
ch00_p5-pl1-sample6-sperm13.tif 1 1 0.9999386722284967 
ch00_p5-pl1-sample8-sperm2.tif 1 0 0.5430709710876638 
ch00_p5-pl1-sample8-sperm5.tif 1 4 0.9624099089752826 
ch00_p1-pl2-sample2-sperm15.tif 2 4 0.9999999175109494 
ch00_p1-pl2-sample2-sperm6.tif 2 1 0.6463153449860728 
ch00_p1-pl2-sample2-sperm9.tif 2 2 0.9995676274827716 
ch00_p1-pl2-sample23-sperm9.tif 2 4 0.998063244801455 
ch00_p1-pl2-sample27-sperm7.tif 2 2 0.9998470585191086 
ch00_p1-pl2-sample31-sperm2.tif 2 4 0.9999987104874325 
ch00_p1-pl3-sample1-sperm9.tif 2 2 0.6877282438039821 
ch00_p1-pl3-sample11-sperm6.tif 2 2 0.993547475290705 
ch00_p1-pl3-sample11-sperm7.tif 2 4 0.9952158003286469 
ch00_p1-pl3-sample20-sperm4.tif 2 2 0.9997812386789715 
ch00_p1-pl3-sample22-sperm11.tif 2 1 0.9998215018113911 
ch00_p1-pl3-sample6-sperm2.tif 2 1 0.674121341684949 
ch00_p1-pl3-sample9-sperm4.tif 2 2 0.9900393505904275 
ch00_p4-pl1-sample12-sperm4.tif 2 2 0.9654096333540944 
ch00_p4-pl1-sample13-sperm4.tif 2 2 0.9700170185393783 
ch00_p4-pl1-sample14-sperm10.tif 2 4 0.9118147788996257 
ch00_p4-pl1-sample17-sperm8.tif 2 4 0.997427014661349 
ch00_p4-pl1-sample19-sperm7.tif 2 4 0.9999999037425034 
ch00_p4-pl1-sample3-sperm10.tif 2 1 0.7152779397633884 
ch00_p4-pl1-sample4-sperm15.tif 2 4 0.7659262593460907 
ch00_p4-pl2-sample17-sperm6.tif 2 4 0.9286110998605034 
ch00_p4-pl2-sample4-sperm11.tif 2 2 0.9994182779747915 
ch00_p1-pl2-sample15-sperm6.tif 3 3 0.8805125598294772 
ch00_p1-pl2-sample22-sperm2.tif 3 3 0.973091830168832 
ch00_p1-pl2-sample23-sperm11.tif 3 0 0.9647025436253756 
ch00_p1-pl2-sample23-sperm8.tif 3 0 0.811010896819962 
ch00_p1-pl2-sample24-sperm3.tif 3 4 0.8996993043603981 
ch00_p1-pl2-sample25-sperm9.tif 3 0 0.6475727452080662 
ch00_p1-pl2-sample27-sperm1.tif 3 0 0.8177258382469896 
ch00_p1-pl2-sample5-sperm4.tif 3 4 0.9999999989357874 
ch00_p1-pl2-sample5-sperm6.tif 3 2 0.7174209942910976 
ch00_p1-pl3-sample13-sperm12.tif 3 4 0.9999999996798596 
ch00_p1-pl3-sample20-sperm9.tif 3 3 0.7488396224346536 
ch00_p1-pl3-sample23-sperm16.tif 3 4 0.9999999999989936 
ch00_p1-pl3-sample24-sperm1.tif 3 0 0.9871281606513166 
ch00_p1-pl3-sample25-sperm14.tif 3 3 0.9354411534730457 
ch00_p1-pl3-sample4-sperm4.tif 3 4 0.9291266721987409 
ch00_p1-pl3-sample5-sperm10.tif 3 0 0.7357569470990556 
ch00_p3-pl1-sample1-sperm3.tif 3 4 0.999997619676008 
ch00_p3-pl1-sample30-sperm1.tif 3 3 0.9851416918679066 
ch00_p3-pl1-sample31-sperm3.tif 3 3 0.9965351130682755 
ch00_p4-pl2-sample8-sperm4.tif 3 4 0.9999999986287809 
ch00_p5-pl1-sample10-sperm3.tif 3 3 0.895345726867367 
ch00_p1-pl2-sample10-sperm15.tif 4 2 0.4573239974828642 
ch00_p1-pl2-sample13-sperm1.tif 4 1 0.636191348150591 
ch00_p1-pl2-sample14-sperm2.tif 4 4 0.999999805040547 
ch00_p1-pl2-sample14-sperm4.tif 4 4 0.9765617941730096 
ch00_p1-pl2-sample16-sperm7.tif 4 4 0.9999999999951573 
ch00_p1-pl2-sample17-sperm2.tif 4 2 0.6843549061302446 
ch00_p1-pl2-sample17-sperm3.tif 4 2 0.9987437576027559 
ch00_p1-pl2-sample18-sperm2.tif 4 4 0.7085654506994871 
ch00_p1-pl2-sample18-sperm6.tif 4 4 0.46038143184118585 
ch00_p1-pl2-sample2-sperm16.tif 4 0 0.8387414033952115 
ch00_p1-pl2-sample2-sperm8.tif 4 4 0.951754553939828 
ch00_p1-pl2-sample23-sperm13.tif 4 4 0.9999999997732654 
ch00_p1-pl2-sample24-sperm12.tif 4 4 0.9999997690037146 
ch00_p1-pl2-sample24-sperm13.tif 4 1 0.9997162564665008 
ch00_p1-pl2-sample26-sperm3.tif 4 4 0.6349993360210937 
ch00_p1-pl2-sample27-sperm5.tif 4 4 0.9999999999998729 
ch00_p1-pl2-sample27-sperm8.tif 4 4 0.895375262863228 
ch00_p1-pl2-sample28-sperm1.tif 4 4 0.9999990305660376 
ch00_p1-pl2-sample29-sperm1.tif 4 4 0.9999999999954111 
ch00_p1-pl2-sample3-sperm1.tif 4 4 0.9999998753121272 
ch00_p1-pl2-sample3-sperm15.tif 4 4 0.8129781328684097 
ch00_p1-pl2-sample3-sperm6.tif 4 4 0.999999996379493 
ch00_p1-pl2-sample31-sperm12.tif 4 4 0.899688552798106 
ch00_p1-pl2-sample31-sperm6.tif 4 4 0.9987385114357733 
ch00_p1-pl2-sample32-sperm1.tif 4 4 0.9391088911746016 
ch00_p1-pl2-sample32-sperm5.tif 4 0 0.5250380608883521 
ch00_p1-pl2-sample33-sperm10.tif 4 4 0.9999999999929953 
ch00_p1-pl2-sample33-sperm2.tif 4 4 0.9476717394371905 
ch00_p1-pl2-sample33-sperm3.tif 4 4 0.9999990184817636 
ch00_p1-pl2-sample34-sperm10.tif 4 4 0.9822728536122372 
ch00_p1-pl2-sample34-sperm12.tif 4 4 0.9999999107235981 
ch00_p1-pl2-sample34-sperm7.tif 4 4 0.9999999878374943 
ch00_p1-pl2-sample35-sperm10.tif 4 1 0.9880194395256355 
ch00_p1-pl2-sample35-sperm12.tif 4 4 0.9999974891627155 
ch00_p1-pl2-sample35-sperm8.tif 4 0 0.9510032007944154 
ch00_p1-pl2-sample4-sperm16.tif 4 1 0.9815066294346183 
ch00_p1-pl2-sample7-sperm5.tif 4 4 0.9999999997070713 
ch00_p1-pl3-sample10-sperm1.tif 4 2 0.5310953774125197 
ch00_p1-pl3-sample12-sperm17.tif 4 4 0.999999999952421 
ch00_p1-pl3-sample12-sperm3.tif 4 4 0.9999996445012616 
ch00_p1-pl3-sample12-sperm6.tif 4 0 0.7284785725811498 
ch00_p1-pl3-sample12-sperm8.tif 4 4 0.495558680811467 
ch00_p1-pl3-sample13-sperm9.tif 4 4 0.9999999997214886 
ch00_p1-pl3-sample14-sperm1.tif 4 4 0.715541648608604 
ch00_p1-pl3-sample14-sperm11.tif 4 3 0.9995920885616444 
ch00_p1-pl3-sample15-sperm2.tif 4 4 0.9980033481626422 
ch00_p1-pl3-sample15-sperm20.tif 4 4 0.9729249315390686 
ch00_p1-pl3-sample17-sperm11.tif 4 1 0.8941255426161105 
ch00_p1-pl3-sample17-sperm2.tif 4 4 0.9999961177771505 
ch00_p1-pl3-sample17-sperm7.tif 4 4 0.9999991861018683 
ch00_p1-pl3-sample19-sperm1.tif 4 4 0.9999983990341279 
ch00_p1-pl3-sample19-sperm8.tif 4 4 0.981212860818765 
ch00_p1-pl3-sample2-sperm12.tif 4 4 0.946688132584681 
ch00_p1-pl3-sample20-sperm12.tif 4 4 0.841243548514979 
ch00_p1-pl3-sample20-sperm8.tif 4 4 0.9999999999923727 
ch00_p1-pl3-sample21-sperm9.tif 4 1 0.5838860308351193 
ch00_p1-pl3-sample23-sperm11.tif 4 1 0.9352881241403599 
ch00_p1-pl3-sample24-sperm11.tif 4 3 0.7134861795301802 
ch00_p1-pl3-sample24-sperm13.tif 4 1 0.9602673020431697 
ch00_p1-pl3-sample24-sperm14.tif 4 2 0.998690716385852 
ch00_p1-pl3-sample24-sperm21.tif 4 1 0.7144367821512929 
ch00_p1-pl3-sample24-sperm24.tif 4 4 0.9999999999998648 
ch00_p1-pl3-sample24-sperm5.tif 4 4 0.9957856565215645 
ch00_p1-pl3-sample24-sperm9.tif 4 2 0.9993053710716875 
ch00_p1-pl3-sample25-sperm10.tif 4 4 0.9799311998954942 
ch00_p1-pl3-sample25-sperm3.tif 4 2 0.9999514235373221 
ch00_p1-pl3-sample25-sperm4.tif 4 2 0.9987784630720149 
ch00_p1-pl3-sample25-sperm8.tif 4 0 0.9979161641057147 
ch00_p1-pl3-sample3-sperm8.tif 4 0 0.5854106976557814 
ch00_p1-pl3-sample4-sperm3.tif 4 3 0.9939185444551446 
ch00_p1-pl3-sample6-sperm3.tif 4 4 0.9899869681725526 
ch00_p1-pl3-sample6-sperm6.tif 4 4 0.39353197551067265 
ch00_p1-pl3-sample7-sperm14.tif 4 4 0.9999999551752419 
ch00_p1-pl3-sample7-sperm3.tif 4 4 0.9999999999963148 
ch00_p1-pl3-sample8-sperm11.tif 4 1 0.9705085415988689 
ch00_p1-pl3-sample8-sperm6.tif 4 4 0.9999999999843684 
ch00_p1-pl3-sample9-sperm14.tif 4 4 0.999999999999881 
ch00_p1-pl3-sample9-sperm8.tif 4 4 0.9939741176022094 
ch00_p3-pl1-sample10-sperm4.tif 4 0 0.7618280037823436 
ch00_p3-pl1-sample11-sperm1.tif 4 4 0.9999999997382136 
ch00_p3-pl1-sample11-sperm5.tif 4 2 0.9165299372715896 
ch00_p3-pl1-sample11-sperm6.tif 4 4 0.5357468495925322 
ch00_p3-pl1-sample12-sperm6.tif 4 1 0.97477213674668 
ch00_p3-pl1-sample13-sperm6.tif 4 4 0.6205356666894682 
ch00_p3-pl1-sample16-sperm3.tif 4 4 0.998764404188182 
ch00_p3-pl1-sample16-sperm5.tif 4 4 0.9860315668314008 
ch00_p3-pl1-sample18-sperm2.tif 4 0 0.9643131548891034 
ch00_p3-pl1-sample19-sperm4.tif 4 4 0.9999999995486366 
ch00_p3-pl1-sample19-sperm8.tif 4 4 0.9965510247440338 
ch00_p3-pl1-sample20-sperm1.tif 4 1 0.9990741896777751 
ch00_p3-pl1-sample22-sperm8.tif 4 0 0.9427168456113058 
ch00_p3-pl1-sample25-sperm2.tif 4 1 0.9846269983644014 
ch00_p3-pl1-sample25-sperm5.tif 4 1 0.9003858355105456 
ch00_p3-pl1-sample26-sperm1.tif 4 4 0.9800527970100102 
ch00_p3-pl1-sample29-sperm8.tif 4 3 0.7054893632639568 
ch00_p3-pl1-sample29-sperm9.tif 4 4 0.9916375395709119 
ch00_p3-pl1-sample3-sperm6.tif 4 4 0.9999999997645542 
ch00_p3-pl1-sample31-sperm2.tif 4 1 0.9978935425570356 
ch00_p3-pl1-sample31-sperm7.tif 4 4 0.6198611105152092 
ch00_p3-pl1-sample32-sperm6.tif 4 1 0.9999860541038312 
ch00_p3-pl1-sample4-sperm1.tif 4 4 0.6669132413521868 
ch00_p3-pl1-sample4-sperm5.tif 4 4 0.9999999999998603 
ch00_p3-pl1-sample7-sperm1.tif 4 4 0.9999999999997592 
ch00_p3-pl1-sample7-sperm11.tif 4 4 0.9999999999998912 
ch00_p3-pl1-sample7-sperm6.tif 4 1 0.983816410997287 
ch00_p3-pl1-sample9-sperm9.tif 4 1 0.9690195051230854 
ch00_p4-pl1-sample1-sperm9.tif 4 4 0.9852601239201175 
ch00_p4-pl1-sample10-sperm11.tif 4 4 0.6539772545874595 
ch00_p4-pl1-sample10-sperm15.tif 4 4 0.7947751603489236 
ch00_p4-pl1-sample10-sperm20.tif 4 4 0.9490312396275343 
ch00_p4-pl1-sample10-sperm22.tif 4 4 0.9999999999997832 
ch00_p4-pl1-sample10-sperm6.tif 4 4 0.7884019473568539 
ch00_p4-pl1-sample11-sperm12.tif 4 4 0.9979435471934053 
ch00_p4-pl1-sample11-sperm8.tif 4 0 0.9934123069715939 
ch00_p4-pl1-sample12-sperm11.tif 4 4 0.9999998954155837 
ch00_p4-pl1-sample12-sperm3.tif 4 1 0.7715218793169485 
ch00_p4-pl1-sample12-sperm6.tif 4 4 0.9846147312219334 
ch00_p4-pl1-sample12-sperm8.tif 4 1 0.9970251532263946 
ch00_p4-pl1-sample12-sperm9.tif 4 4 0.9999999999998609 
ch00_p4-pl1-sample13-sperm2.tif 4 1 0.6146438025246864 
ch00_p4-pl1-sample13-sperm7.tif 4 4 0.626255847823967 
ch00_p4-pl1-sample16-sperm13.tif 4 1 0.5382533719511242 
ch00_p4-pl1-sample17-sperm10.tif 4 4 0.999999999697095 
ch00_p4-pl1-sample2-sperm1.tif 4 1 0.9987472346075458 
ch00_p4-pl1-sample2-sperm12.tif 4 4 0.9999991032111066 
ch00_p4-pl1-sample2-sperm5.tif 4 2 0.8944742208146559 
ch00_p4-pl1-sample20-sperm6.tif 4 1 0.9983173143396318 
ch00_p4-pl1-sample5-sperm9.tif 4 4 0.9999989398631476 
ch00_p4-pl1-sample6-sperm3.tif 4 3 0.9975444133274095 
ch00_p4-pl1-sample6-sperm4.tif 4 4 0.9999999687672481 
ch00_p4-pl1-sample7-sperm12.tif 4 3 0.997009051957543 
ch00_p4-pl1-sample7-sperm2.tif 4 4 0.9999997176543995 
ch00_p4-pl1-sample7-sperm3.tif 4 2 0.9999797657566463 
ch00_p4-pl1-sample7-sperm4.tif 4 0 0.9392655206806324 
ch00_p4-pl1-sample7-sperm8.tif 4 0 0.970056281611759 
ch00_p4-pl1-sample8-sperm10.tif 4 2 0.4765831440028164 
ch00_p4-pl1-sample8-sperm6.tif 4 2 0.9969185417039724 
ch00_p4-pl1-sample9-sperm11.tif 4 4 0.9875055422216505 
ch00_p4-pl1-sample9-sperm15.tif 4 0 0.5649665844046285 
ch00_p4-pl1-sample9-sperm6.tif 4 4 0.2878462925753292 
ch00_p4-pl2-sample10-sperm1.tif 4 1 0.9085696708939215 
ch00_p4-pl2-sample10-sperm11.tif 4 4 0.9999999999998841 
ch00_p4-pl2-sample10-sperm12.tif 4 4 0.998833734796211 
ch00_p4-pl2-sample10-sperm8.tif 4 4 0.9897176484041731 
ch00_p4-pl2-sample12-sperm1.tif 4 4 0.5271371332099546 
ch00_p4-pl2-sample12-sperm10.tif 4 0 0.9542178707376776 
ch00_p4-pl2-sample12-sperm9.tif 4 4 0.9970660680385673 
ch00_p4-pl2-sample13-sperm9.tif 4 4 0.614384159163957 
ch00_p4-pl2-sample15-sperm4.tif 4 4 0.9999999991280422 
ch00_p4-pl2-sample15-sperm6.tif 4 4 0.9801116005530067 
ch00_p4-pl2-sample16-sperm4.tif 4 4 0.999999749812899 
ch00_p4-pl2-sample17-sperm4.tif 4 4 0.8886423390660172 
ch00_p4-pl2-sample18-sperm2.tif 4 4 0.9743189854688183 
ch00_p4-pl2-sample18-sperm3.tif 4 4 0.9999999949155414 
ch00_p4-pl2-sample18-sperm5.tif 4 4 0.9980653298294471 
ch00_p4-pl2-sample18-sperm6.tif 4 4 0.5908356602237447 
ch00_p4-pl2-sample18-sperm9.tif 4 4 0.999999722696482 
ch00_p4-pl2-sample19-sperm4.tif 4 4 0.7518009229045233 
ch00_p4-pl2-sample2-sperm3.tif 4 4 0.992529562369875 
ch00_p4-pl2-sample2-sperm6.tif 4 4 0.9999999999998854 
ch00_p4-pl2-sample2-sperm7.tif 4 4 0.9999999999741598 
ch00_p4-pl2-sample20-sperm5.tif 4 4 0.9999990998431822 
ch00_p4-pl2-sample3-sperm3.tif 4 4 0.9940192122679856 
ch00_p4-pl2-sample3-sperm5.tif 4 4 0.9999999999998761 
ch00_p4-pl2-sample4-sperm2.tif 4 4 0.9999998842818407 
ch00_p4-pl2-sample4-sperm4.tif 4 4 0.9999999999998803 
ch00_p4-pl2-sample4-sperm9.tif 4 2 0.5575132260077775 
ch00_p4-pl2-sample5-sperm3.tif 4 2 0.9911673585636803 
ch00_p4-pl2-sample5-sperm5.tif 4 3 0.8874002465925714 
ch00_p4-pl2-sample6-sperm2.tif 4 3 0.6500715281059447 
ch00_p4-pl2-sample6-sperm3.tif 4 1 0.8677511872372728 
ch00_p4-pl2-sample7-sperm4.tif 4 4 0.9999999988616501 
ch00_p4-pl2-sample7-sperm6.tif 4 4 0.5623478548334553 
ch00_p4-pl2-sample7-sperm8.tif 4 4 0.9814105071759796 
ch00_p4-pl2-sample7-sperm9.tif 4 4 0.9999998945387757 
ch00_p4-pl2-sample8-sperm1.tif 4 3 0.7847170347811003 
ch00_p4-pl2-sample8-sperm2.tif 4 2 0.8245695800951405 
ch00_p4-pl2-sample8-sperm9.tif 4 4 0.9999993324711911 
ch00_p4-pl2-sample9-sperm4.tif 4 2 0.6279797568468268 
ch00_p5-pl1-sample1-sperm6.tif 4 4 0.9944209119898703 
ch00_p5-pl1-sample14-sperm8.tif 4 4 0.9685767460985797 
ch00_p5-pl1-sample15-sperm4.tif 4 4 0.7485805466746465 
ch00_p5-pl1-sample15-sperm6.tif 4 4 0.999999999999886 
ch00_p5-pl1-sample17-sperm10.tif 4 0 0.6485443498544002 
ch00_p5-pl1-sample17-sperm5.tif 4 4 0.9999999999703182 
ch00_p5-pl1-sample19-sperm13.tif 4 4 0.9951801320963715 
ch00_p5-pl1-sample2-sperm6.tif 4 4 0.9999999999535811 
ch00_p5-pl1-sample20-sperm6.tif 4 4 0.9999999987286728 
ch00_p5-pl1-sample3-sperm13.tif 4 4 0.9999995460661744 
ch00_p5-pl1-sample3-sperm17.tif 4 1 0.6835637421158868 
ch00_p5-pl1-sample4-sperm7.tif 4 4 0.9999999997359349 
ch00_p5-pl1-sample5-sperm15.tif 4 3 0.9794380866930917 
ch00_p5-pl1-sample5-sperm18.tif 4 0 0.7630175805059939 
ch00_p5-pl1-sample5-sperm4.tif 4 1 0.9987872466229518 
ch00_p5-pl1-sample7-sperm5.tif 4 3 0.7562727448949698 
ch00_p5-pl1-sample9-sperm6.tif 4 0 0.983055662079093 
