ch00_p1-pl2-sample1-sperm10.tif 0 4 0.7260399595738236 
ch00_p1-pl2-sample1-sperm3.tif 0 4 0.9350804431480843 
ch00_p1-pl2-sample1-sperm5.tif 0 3 0.8657980203567225 
ch00_p1-pl2-sample10-sperm1.tif 0 1 0.630975290120382 
ch00_p1-pl2-sample10-sperm4.tif 0 0 0.9987946795827127 
ch00_p1-pl2-sample25-sperm4.tif 0 4 0.8351754452507124 
ch00_p1-pl2-sample35-sperm1.tif 0 1 0.5486449216851834 
ch00_p1-pl2-sample5-sperm3.tif 0 0 0.648389781853926 
ch00_p1-pl2-sample8-sperm6.tif 0 0 0.981300476499102 
ch00_p1-pl2-sample9-sperm7.tif 0 4 0.9970423095438239 
ch00_p1-pl2-sample9-sperm9.tif 0 4 0.6697419949839145 
ch00_p1-pl3-sample1-sperm17.tif 0 0 0.8890059919500083 
ch00_p1-pl3-sample16-sperm7.tif 0 4 0.9532574575653309 
ch00_p1-pl3-sample20-sperm6.tif 0 4 0.9988530037133796 
ch00_p3-pl1-sample1-sperm1.tif 0 4 0.9962153903451557 
ch00_p3-pl1-sample19-sperm2.tif 0 4 0.9991726313805668 
ch00_p3-pl1-sample2-sperm4.tif 0 4 0.9985493920721074 
ch00_p3-pl1-sample25-sperm13.tif 0 4 0.9985095636927807 
ch00_p3-pl1-sample3-sperm4.tif 0 4 0.997317595383845 
ch00_p3-pl1-sample4-sperm4.tif 0 4 0.9988504066100256 
ch00_p4-pl1-sample15-sperm6.tif 0 4 0.9809364327458342 
ch00_p4-pl1-sample18-sperm4.tif 0 4 0.9993388241518317 
ch00_p4-pl1-sample2-sperm4.tif 0 4 0.9246413048374894 
ch00_p4-pl1-sample6-sperm1.tif 0 4 0.847680200941909 
ch00_p4-pl1-sample9-sperm5.tif 0 4 0.9953140761266301 
ch00_p4-pl2-sample13-sperm1.tif 0 4 0.980192556441894 
ch00_p4-pl2-sample16-sperm9.tif 0 4 0.8955954490453772 
ch00_p5-pl1-sample15-sperm10.tif 0 4 0.9988085042828693 
ch00_p5-pl1-sample2-sperm9.tif 0 1 0.8529874863350387 
ch00_p5-pl1-sample5-sperm3.tif 0 4 0.9980448789994698 
ch00_p1-pl2-sample11-sperm12.tif 1 1 0.9619944005474261 
ch00_p1-pl2-sample13-sperm10.tif 1 1 0.9913084264509369 
ch00_p1-pl2-sample13-sperm18.tif 1 1 0.9945706895552037 
ch00_p1-pl2-sample18-sperm1.tif 1 2 0.9999743701419821 
ch00_p1-pl2-sample18-sperm5.tif 1 1 0.9999866565164173 
ch00_p1-pl2-sample19-sperm14.tif 1 1 0.9999897129646893 
ch00_p1-pl2-sample19-sperm8.tif 1 4 0.935019236424719 
ch00_p1-pl2-sample19-sperm9.tif 1 1 0.9969087145995471 
ch00_p1-pl2-sample2-sperm12.tif 1 1 0.9967915060725938 
ch00_p1-pl2-sample2-sperm3.tif 1 4 0.8899733819774943 
ch00_p1-pl2-sample2-sperm4.tif 1 1 0.9979829559220259 
ch00_p1-pl2-sample21-sperm3.tif 1 1 0.999988991651757 
ch00_p1-pl2-sample21-sperm6.tif 1 4 0.7176755039519833 
ch00_p1-pl2-sample22-sperm3.tif 1 2 0.8218253997224931 
ch00_p1-pl2-sample23-sperm10.tif 1 4 0.999302664657173 
ch00_p1-pl2-sample25-sperm8.tif 1 1 0.8606829594137019 
ch00_p1-pl2-sample29-sperm5.tif 1 4 0.9939957138582604 
ch00_p1-pl2-sample3-sperm17.tif 1 2 0.9583953183871515 
ch00_p1-pl2-sample32-sperm10.tif 1 1 0.999000293285011 
ch00_p1-pl2-sample4-sperm17.tif 1 1 0.9656020514341946 
ch00_p1-pl2-sample6-sperm4.tif 1 1 0.9999967844901492 
ch00_p1-pl2-sample7-sperm2.tif 1 4 0.9976130479032201 
ch00_p1-pl2-sample8-sperm3.tif 1 1 0.999072733783983 
ch00_p1-pl2-sample9-sperm11.tif 1 1 0.9997789760570177 
ch00_p1-pl2-sample9-sperm12.tif 1 1 0.9642814897436458 
ch00_p1-pl3-sample10-sperm4.tif 1 4 0.9819086361907738 
ch00_p1-pl3-sample10-sperm6.tif 1 1 0.9999146819764203 
ch00_p1-pl3-sample11-sperm10.tif 1 1 0.9941271327901601 
ch00_p1-pl3-sample14-sperm8.tif 1 4 0.860878008482042 
ch00_p1-pl3-sample16-sperm14.tif 1 2 0.9697535591234434 
ch00_p1-pl3-sample18-sperm3.tif 1 1 0.8375589610534615 
ch00_p1-pl3-sample19-sperm4.tif 1 4 0.9606318644850468 
ch00_p1-pl3-sample24-sperm2.tif 1 4 0.9980893465143055 
ch00_p1-pl3-sample6-sperm16.tif 1 4 0.8419281533890263 
ch00_p1-pl3-sample7-sperm10.tif 1 1 0.984372850086804 
ch00_p1-pl3-sample9-sperm13.tif 1 1 0.9627555858277791 
ch00_p3-pl1-sample14-sperm2.tif 1 4 0.9994692730134092 
ch00_p3-pl1-sample18-sperm3.tif 1 1 0.9591266592081836 
ch00_p3-pl1-sample19-sperm5.tif 1 4 0.6848041629353505 
ch00_p3-pl1-sample2-sperm7.tif 1 1 0.9951598975146081 
ch00_p3-pl1-sample22-sperm2.tif 1 4 0.9917214380508451 
ch00_p3-pl1-sample23-sperm11.tif 1 1 0.8989872761058437 
ch00_p3-pl1-sample26-sperm2.tif 1 4 0.7283005240393062 
ch00_p3-pl1-sample28-sperm7.tif 1 1 0.9538206982082436 
ch00_p3-pl1-sample3-sperm7.tif 1 1 0.9555179071722676 
ch00_p3-pl1-sample31-sperm6.tif 1 4 0.6362232110886599 
ch00_p3-pl1-sample32-sperm5.tif 1 1 0.9646362346961326 
ch00_p3-pl1-sample4-sperm2.tif 1 1 0.996273883520549 
ch00_p3-pl1-sample6-sperm5.tif 1 4 0.9751872714050309 
ch00_p4-pl1-sample1-sperm11.tif 1 4 0.7198032841059238 
ch00_p4-pl1-sample1-sperm4.tif 1 1 0.9992079405433316 
ch00_p4-pl1-sample10-sperm18.tif 1 1 0.8355265846668027 
ch00_p4-pl1-sample3-sperm8.tif 1 4 0.7149283627198574 
ch00_p4-pl1-sample6-sperm5.tif 1 2 0.9090564233785634 
ch00_p4-pl1-sample8-sperm14.tif 1 4 0.9994173832302649 
ch00_p4-pl1-sample9-sperm13.tif 1 4 0.9561830741396816 
ch00_p4-pl2-sample1-sperm6.tif 1 4 0.9028203543741502 
ch00_p4-pl2-sample5-sperm7.tif 1 1 0.9898816301692559 
ch00_p4-pl2-sample7-sperm11.tif 1 4 0.9959497605703505 
ch00_p5-pl1-sample11-sperm5.tif 1 1 0.6321667060519215 
ch00_p5-pl1-sample12-sperm17.tif 1 1 0.9182687169216054 
ch00_p5-pl1-sample14-sperm1.tif 1 1 0.8922962855279833 
ch00_p5-pl1-sample17-sperm15.tif 1 1 0.9998890893245839 
ch00_p5-pl1-sample2-sperm2.tif 1 1 0.8422439589917635 
ch00_p5-pl1-sample20-sperm11.tif 1 4 0.997080604896063 
ch00_p5-pl1-sample20-sperm3.tif 1 4 0.9885343768794089 
ch00_p5-pl1-sample20-sperm9.tif 1 1 0.9665053956145917 
ch00_p5-pl1-sample7-sperm6.tif 1 1 0.9748851271816452 
ch00_p1-pl2-sample17-sperm12.tif 2 4 0.9971636486634431 
ch00_p1-pl2-sample2-sperm15.tif 2 4 0.9645468063266884 
ch00_p1-pl2-sample34-sperm5.tif 2 4 0.4631472445325595 
ch00_p1-pl2-sample35-sperm6.tif 2 4 0.989491137430498 
ch00_p1-pl3-sample10-sperm5.tif 2 4 0.9220275115733599 
ch00_p1-pl3-sample12-sperm12.tif 2 1 0.8510088739952893 
ch00_p1-pl3-sample15-sperm14.tif 2 2 0.9768802367117627 
ch00_p1-pl3-sample17-sperm9.tif 2 2 0.9999998005401303 
ch00_p1-pl3-sample5-sperm12.tif 2 4 0.6697131041378032 
ch00_p1-pl3-sample7-sperm13.tif 2 4 0.6706341492825001 
ch00_p3-pl1-sample25-sperm7.tif 2 1 0.7913628169595512 
ch00_p3-pl1-sample29-sperm10.tif 2 4 0.9969888936352964 
ch00_p4-pl1-sample12-sperm15.tif 2 4 0.9986657457609601 
ch00_p4-pl1-sample16-sperm4.tif 2 4 0.9274886486352822 
ch00_p4-pl1-sample17-sperm4.tif 2 4 0.5224715169327668 
ch00_p4-pl1-sample19-sperm7.tif 2 4 0.9874052917387791 
ch00_p4-pl1-sample2-sperm8.tif 2 1 0.7016682561871475 
ch00_p4-pl1-sample4-sperm6.tif 2 1 0.8237760181130515 
ch00_p4-pl1-sample6-sperm2.tif 2 4 0.9386630062648437 
ch00_p4-pl1-sample7-sperm15.tif 2 4 0.8353105104535433 
ch00_p4-pl2-sample3-sperm10.tif 2 4 0.9995006992223135 
ch00_p4-pl2-sample4-sperm11.tif 2 4 0.9991292643211925 
ch00_p1-pl2-sample11-sperm3.tif 3 4 0.9993253825094477 
ch00_p1-pl2-sample17-sperm6.tif 3 4 0.9182634708295654 
ch00_p1-pl2-sample21-sperm5.tif 3 4 0.7673420554436041 
ch00_p1-pl2-sample22-sperm2.tif 3 3 0.9835935457625069 
ch00_p1-pl2-sample5-sperm4.tif 3 3 0.9724281388107263 
ch00_p1-pl2-sample7-sperm4.tif 3 4 0.9829026171934798 
ch00_p1-pl3-sample15-sperm11.tif 3 4 0.9989091725335807 
ch00_p1-pl3-sample16-sperm11.tif 3 4 0.9994213752064262 
ch00_p1-pl3-sample23-sperm15.tif 3 4 0.9992086571383105 
ch00_p1-pl3-sample25-sperm14.tif 3 3 0.9858627188619364 
ch00_p1-pl3-sample4-sperm4.tif 3 3 0.9273789053570529 
ch00_p1-pl3-sample9-sperm9.tif 3 4 0.7704318188793381 
ch00_p3-pl1-sample30-sperm1.tif 3 3 0.9843830649274885 
ch00_p3-pl1-sample31-sperm3.tif 3 4 0.99111368011274 
ch00_p4-pl1-sample10-sperm2.tif 3 4 0.9991969081516718 
ch00_p4-pl1-sample20-sperm4.tif 3 4 0.9992963648932751 
ch00_p4-pl1-sample20-sperm8.tif 3 3 0.9671813905430524 
ch00_p4-pl2-sample12-sperm8.tif 3 4 0.9988476842698412 
ch00_p4-pl2-sample8-sperm3.tif 3 4 0.979376988317293 
ch00_p5-pl1-sample10-sperm3.tif 3 4 0.9870212298205926 
ch00_p5-pl1-sample18-sperm1.tif 3 4 0.9985170028188355 
ch00_p1-pl2-sample1-sperm4.tif 4 1 0.9974475702353105 
ch00_p1-pl2-sample10-sperm12.tif 4 4 0.998687872128857 
ch00_p1-pl2-sample11-sperm9.tif 4 4 0.9993029919752677 
ch00_p1-pl2-sample12-sperm1.tif 4 2 0.9999980885753811 
ch00_p1-pl2-sample12-sperm8.tif 4 4 0.9624088105976654 
ch00_p1-pl2-sample13-sperm1.tif 4 4 0.8138783065552316 
ch00_p1-pl2-sample13-sperm14.tif 4 4 0.7380378974525785 
ch00_p1-pl2-sample13-sperm5.tif 4 4 0.6982013988221275 
ch00_p1-pl2-sample14-sperm11.tif 4 3 0.4719388982662153 
ch00_p1-pl2-sample14-sperm2.tif 4 4 0.9986737485784641 
ch00_p1-pl2-sample2-sperm11.tif 4 4 0.9964980486548861 
ch00_p1-pl2-sample2-sperm17.tif 4 1 0.44726562419407684 
ch00_p1-pl2-sample20-sperm2.tif 4 4 0.999293888052363 
ch00_p1-pl2-sample20-sperm5.tif 4 4 0.9869540098127839 
ch00_p1-pl2-sample22-sperm11.tif 4 4 0.9993105847740618 
ch00_p1-pl2-sample23-sperm16.tif 4 3 0.5349183678049829 
ch00_p1-pl2-sample23-sperm17.tif 4 4 0.9991704202407377 
ch00_p1-pl2-sample29-sperm4.tif 4 4 0.9612280152165759 
ch00_p1-pl2-sample3-sperm1.tif 4 4 0.9700344670486744 
ch00_p1-pl2-sample3-sperm13.tif 4 3 0.4449621054020596 
ch00_p1-pl2-sample3-sperm15.tif 4 4 0.6893901110281263 
ch00_p1-pl2-sample3-sperm8.tif 4 4 0.49354736625479223 
ch00_p1-pl2-sample30-sperm1.tif 4 4 0.9972071182027065 
ch00_p1-pl2-sample30-sperm10.tif 4 4 0.9345458016364372 
ch00_p1-pl2-sample30-sperm4.tif 4 4 0.9526358482818733 
ch00_p1-pl2-sample31-sperm12.tif 4 4 0.9971974815168166 
ch00_p1-pl2-sample31-sperm3.tif 4 1 0.6926763246541714 
ch00_p1-pl2-sample31-sperm9.tif 4 3 0.9486384213532632 
ch00_p1-pl2-sample32-sperm1.tif 4 2 0.9999995544467434 
ch00_p1-pl2-sample33-sperm3.tif 4 4 0.9992375079232363 
ch00_p1-pl2-sample34-sperm6.tif 4 4 0.9663054366479243 
ch00_p1-pl2-sample34-sperm7.tif 4 4 0.8624026702919234 
ch00_p1-pl2-sample34-sperm8.tif 4 4 0.9978847560781282 
ch00_p1-pl2-sample5-sperm12.tif 4 4 0.793297722551249 
ch00_p1-pl2-sample5-sperm13.tif 4 4 0.6476097854394149 
ch00_p1-pl2-sample7-sperm1.tif 4 4 0.8817523193070435 
ch00_p1-pl2-sample7-sperm5.tif 4 4 0.9994842863101874 
ch00_p1-pl2-sample9-sperm18.tif 4 4 0.9464453898805997 
ch00_p1-pl2-sample9-sperm4.tif 4 4 0.9994328582205344 
ch00_p1-pl3-sample1-sperm13.tif 4 3 0.9446122812345552 
ch00_p1-pl3-sample10-sperm7.tif 4 4 0.9125111484810431 
ch00_p1-pl3-sample12-sperm3.tif 4 4 0.9959852461148471 
ch00_p1-pl3-sample13-sperm7.tif 4 4 0.9994150537449453 
ch00_p1-pl3-sample14-sperm1.tif 4 4 0.9981363221062354 
ch00_p1-pl3-sample14-sperm11.tif 4 4 0.9995266605626159 
ch00_p1-pl3-sample15-sperm19.tif 4 4 0.9994762320102771 
ch00_p1-pl3-sample15-sperm9.tif 4 1 0.5090339159627326 
ch00_p1-pl3-sample16-sperm17.tif 4 4 0.9888277832550311 
ch00_p1-pl3-sample17-sperm7.tif 4 4 0.9993898952465542 
ch00_p1-pl3-sample18-sperm6.tif 4 4 0.5582419568863606 
ch00_p1-pl3-sample19-sperm1.tif 4 4 0.9993722090507359 
ch00_p1-pl3-sample19-sperm3.tif 4 1 0.97111442953866 
ch00_p1-pl3-sample19-sperm8.tif 4 4 0.9813804630147734 
ch00_p1-pl3-sample2-sperm12.tif 4 4 0.9358896134530644 
ch00_p1-pl3-sample2-sperm14.tif 4 4 0.9962472327327367 
ch00_p1-pl3-sample2-sperm4.tif 4 4 0.9956102444682855 
ch00_p1-pl3-sample2-sperm8.tif 4 4 0.9718063701126745 
ch00_p1-pl3-sample20-sperm12.tif 4 4 0.6461172189643101 
ch00_p1-pl3-sample20-sperm8.tif 4 4 0.644260967916504 
ch00_p1-pl3-sample21-sperm6.tif 4 4 0.8544837018740161 
ch00_p1-pl3-sample22-sperm1.tif 4 4 0.9999971816499257 
ch00_p1-pl3-sample22-sperm9.tif 4 4 0.9874781678501359 
ch00_p1-pl3-sample23-sperm17.tif 4 4 0.9993317218059187 
ch00_p1-pl3-sample24-sperm7.tif 4 3 0.9955920819377664 
ch00_p1-pl3-sample25-sperm4.tif 4 2 0.9495610577194193 
ch00_p1-pl3-sample3-sperm4.tif 4 4 0.9983379871092368 
ch00_p1-pl3-sample3-sperm7.tif 4 4 0.996038637522972 
ch00_p1-pl3-sample4-sperm3.tif 4 4 0.5984740866208914 
ch00_p1-pl3-sample4-sperm9.tif 4 4 0.7994228337839988 
ch00_p1-pl3-sample5-sperm6.tif 4 4 0.6013702712400433 
ch00_p1-pl3-sample5-sperm9.tif 4 4 0.6950387629876577 
ch00_p1-pl3-sample6-sperm14.tif 4 4 0.9801016053189007 
ch00_p1-pl3-sample6-sperm5.tif 4 4 0.98949312630127 
ch00_p1-pl3-sample6-sperm6.tif 4 4 0.7941815507235478 
ch00_p1-pl3-sample7-sperm2.tif 4 4 0.9994218483611433 
ch00_p1-pl3-sample7-sperm3.tif 4 4 0.8166849819725522 
ch00_p1-pl3-sample8-sperm8.tif 4 2 0.49093255512245887 
ch00_p3-pl1-sample12-sperm7.tif 4 4 0.6217000764602618 
ch00_p3-pl1-sample13-sperm1.tif 4 1 0.9295543221158906 
ch00_p3-pl1-sample13-sperm4.tif 4 4 0.9252122883060516 
ch00_p3-pl1-sample13-sperm6.tif 4 4 0.9970351174788404 
ch00_p3-pl1-sample16-sperm1.tif 4 4 0.9993225104251199 
ch00_p3-pl1-sample16-sperm3.tif 4 4 0.9987262077716669 
ch00_p3-pl1-sample16-sperm5.tif 4 4 0.9896469581219979 
ch00_p3-pl1-sample19-sperm3.tif 4 4 0.9993091318990127 
ch00_p3-pl1-sample2-sperm10.tif 4 4 0.9990390643729322 
ch00_p3-pl1-sample23-sperm2.tif 4 4 0.999214782424053 
ch00_p3-pl1-sample23-sperm7.tif 4 4 0.9992936603179845 
ch00_p3-pl1-sample23-sperm9.tif 4 4 0.6466274622650597 
ch00_p3-pl1-sample24-sperm2.tif 4 4 0.9960048517288301 
ch00_p3-pl1-sample24-sperm4.tif 4 4 0.999477180673083 
ch00_p3-pl1-sample25-sperm2.tif 4 4 0.9994805954386794 
ch00_p3-pl1-sample26-sperm1.tif 4 4 0.947618531642905 
ch00_p3-pl1-sample26-sperm5.tif 4 4 0.9790627108180215 
ch00_p3-pl1-sample27-sperm3.tif 4 3 0.9981374812808689 
ch00_p3-pl1-sample31-sperm1.tif 4 4 0.9996074187322351 
ch00_p3-pl1-sample31-sperm7.tif 4 4 0.9995413345311361 
ch00_p3-pl1-sample7-sperm1.tif 4 4 0.9994616248700705 
ch00_p3-pl1-sample7-sperm11.tif 4 4 0.9990505721987748 
ch00_p3-pl1-sample7-sperm7.tif 4 1 0.5087924892013937 
ch00_p3-pl1-sample9-sperm9.tif 4 4 0.9980652524521801 
ch00_p4-pl1-sample1-sperm8.tif 4 4 0.9993419925692567 
ch00_p4-pl1-sample10-sperm11.tif 4 4 0.9885867012493036 
ch00_p4-pl1-sample10-sperm21.tif 4 4 0.9457945666150035 
ch00_p4-pl1-sample11-sperm1.tif 4 4 0.8052312937164221 
ch00_p4-pl1-sample11-sperm8.tif 4 0 0.8872235669710772 
ch00_p4-pl1-sample12-sperm1.tif 4 4 0.9994604291295428 
ch00_p4-pl1-sample12-sperm2.tif 4 2 0.7519609751032699 
ch00_p4-pl1-sample12-sperm3.tif 4 4 0.8011986055531184 
ch00_p4-pl1-sample12-sperm6.tif 4 4 0.9931138003574922 
ch00_p4-pl1-sample12-sperm9.tif 4 4 0.9996081168087132 
ch00_p4-pl1-sample13-sperm5.tif 4 4 0.9988359317641514 
ch00_p4-pl1-sample13-sperm8.tif 4 2 0.49140237709250967 
ch00_p4-pl1-sample14-sperm13.tif 4 0 0.9998195158161047 
ch00_p4-pl1-sample14-sperm4.tif 4 4 0.9795800800869996 
ch00_p4-pl1-sample15-sperm10.tif 4 1 0.9337874843842312 
ch00_p4-pl1-sample16-sperm1.tif 4 1 0.9997926049601881 
ch00_p4-pl1-sample16-sperm16.tif 4 4 0.999478936862502 
ch00_p4-pl1-sample16-sperm3.tif 4 1 0.9673107644078972 
ch00_p4-pl1-sample16-sperm5.tif 4 4 0.9982813592550142 
ch00_p4-pl1-sample16-sperm8.tif 4 4 0.9993741475796415 
ch00_p4-pl1-sample17-sperm10.tif 4 4 0.9583714788082178 
ch00_p4-pl1-sample17-sperm5.tif 4 4 0.8921696868836668 
ch00_p4-pl1-sample19-sperm9.tif 4 4 0.9996726591230558 
ch00_p4-pl1-sample2-sperm10.tif 4 4 0.9993609698293977 
ch00_p4-pl1-sample2-sperm12.tif 4 0 0.6394133467877915 
ch00_p4-pl1-sample2-sperm3.tif 4 4 0.9994287825057525 
ch00_p4-pl1-sample20-sperm1.tif 4 2 0.8017504963902959 
ch00_p4-pl1-sample20-sperm3.tif 4 4 0.9850291154680092 
ch00_p4-pl1-sample20-sperm5.tif 4 4 0.9981322213821517 
ch00_p4-pl1-sample4-sperm10.tif 4 4 0.999547686230271 
ch00_p4-pl1-sample4-sperm14.tif 4 4 0.9953671402725226 
ch00_p4-pl1-sample4-sperm9.tif 4 4 0.8535537325542877 
ch00_p4-pl1-sample5-sperm7.tif 4 4 0.9963765510185787 
ch00_p4-pl1-sample6-sperm11.tif 4 4 0.9992040272401199 
ch00_p4-pl1-sample6-sperm8.tif 4 4 0.9815175426403697 
ch00_p4-pl1-sample6-sperm9.tif 4 4 0.9741096323270283 
ch00_p4-pl1-sample7-sperm17.tif 4 0 0.8482162453072772 
ch00_p4-pl1-sample8-sperm1.tif 4 4 0.9243167580764106 
ch00_p4-pl1-sample8-sperm6.tif 4 4 0.9232801821020933 
ch00_p4-pl1-sample9-sperm12.tif 4 4 0.9987682890256836 
ch00_p4-pl1-sample9-sperm4.tif 4 4 0.9989549582008068 
ch00_p4-pl2-sample10-sperm7.tif 4 4 0.9966789459651659 
ch00_p4-pl2-sample10-sperm8.tif 4 4 0.9991712320251054 
ch00_p4-pl2-sample11-sperm4.tif 4 4 0.9098214158759828 
ch00_p4-pl2-sample13-sperm7.tif 4 4 0.9651279775068687 
ch00_p4-pl2-sample13-sperm9.tif 4 4 0.9966211774968075 
ch00_p4-pl2-sample14-sperm10.tif 4 4 0.9994179853849473 
ch00_p4-pl2-sample15-sperm4.tif 4 4 0.9995563618531772 
ch00_p4-pl2-sample15-sperm5.tif 4 4 0.7770615922636565 
ch00_p4-pl2-sample16-sperm7.tif 4 4 0.9928326277805011 
ch00_p4-pl2-sample19-sperm2.tif 4 4 0.9045473610908948 
ch00_p4-pl2-sample2-sperm10.tif 4 0 0.550966546015235 
ch00_p4-pl2-sample2-sperm2.tif 4 4 0.9995730413450914 
ch00_p4-pl2-sample2-sperm3.tif 4 4 0.9995021288245686 
ch00_p4-pl2-sample2-sperm6.tif 4 4 0.999115150984511 
ch00_p4-pl2-sample20-sperm6.tif 4 4 0.9991653345067291 
ch00_p4-pl2-sample20-sperm8.tif 4 4 0.9987445828704289 
ch00_p4-pl2-sample3-sperm4.tif 4 4 0.8526278636776751 
ch00_p4-pl2-sample3-sperm9.tif 4 4 0.9994353331530222 
ch00_p4-pl2-sample4-sperm2.tif 4 4 0.9993610632650068 
ch00_p4-pl2-sample4-sperm4.tif 4 4 0.874819874429752 
ch00_p4-pl2-sample5-sperm4.tif 4 4 0.9884913723149361 
ch00_p4-pl2-sample5-sperm5.tif 4 4 0.6460680379362335 
ch00_p4-pl2-sample7-sperm6.tif 4 4 0.9992168424983966 
ch00_p4-pl2-sample7-sperm8.tif 4 4 0.9995407172158159 
ch00_p4-pl2-sample8-sperm1.tif 4 4 0.9993872616445455 
ch00_p4-pl2-sample9-sperm4.tif 4 4 0.9988144487847155 
ch00_p4-pl2-sample9-sperm7.tif 4 4 0.7754390427319879 
ch00_p5-pl1-sample1-sperm12.tif 4 1 0.8567158322176294 
ch00_p5-pl1-sample1-sperm5.tif 4 4 0.9993842315362238 
ch00_p5-pl1-sample1-sperm6.tif 4 1 0.9790241944727857 
ch00_p5-pl1-sample11-sperm4.tif 4 4 0.9955190801512042 
ch00_p5-pl1-sample12-sperm14.tif 4 4 0.9967033110158915 
ch00_p5-pl1-sample12-sperm16.tif 4 1 0.9552738961198974 
ch00_p5-pl1-sample12-sperm5.tif 4 4 0.9983867011503964 
ch00_p5-pl1-sample13-sperm5.tif 4 4 0.9994743794264245 
ch00_p5-pl1-sample15-sperm4.tif 4 4 0.9984998259264558 
ch00_p5-pl1-sample15-sperm6.tif 4 4 0.997407646015614 
ch00_p5-pl1-sample17-sperm10.tif 4 3 0.8473293698643287 
ch00_p5-pl1-sample17-sperm3.tif 4 4 0.9993534984151757 
ch00_p5-pl1-sample17-sperm9.tif 4 4 0.9637605950624776 
ch00_p5-pl1-sample19-sperm13.tif 4 4 0.6777359449238071 
ch00_p5-pl1-sample2-sperm6.tif 4 4 0.9992382011703463 
ch00_p5-pl1-sample20-sperm12.tif 4 4 0.9992775220448202 
ch00_p5-pl1-sample20-sperm5.tif 4 4 0.9248292459424043 
ch00_p5-pl1-sample3-sperm13.tif 4 4 0.9995389020370915 
ch00_p5-pl1-sample3-sperm17.tif 4 4 0.9978427409551673 
ch00_p5-pl1-sample3-sperm21.tif 4 4 0.999520630160358 
ch00_p5-pl1-sample3-sperm23.tif 4 4 0.9987283447145299 
ch00_p5-pl1-sample3-sperm5.tif 4 4 0.9884962674676234 
ch00_p5-pl1-sample5-sperm18.tif 4 4 0.8187489606565747 
ch00_p5-pl1-sample5-sperm9.tif 4 1 0.9815969685971215 
ch00_p5-pl1-sample6-sperm15.tif 4 4 0.9587584208903607 
ch00_p5-pl1-sample8-sperm4.tif 4 1 0.5969579107145533 
ch00_p5-pl1-sample9-sperm4.tif 4 4 0.9995100782976245 
