ch00_p1-pl2-sample1-sperm10.tif 0 0 0.9810336262628558 
ch00_p1-pl2-sample1-sperm3.tif 0 0 0.9736448922996888 
ch00_p1-pl2-sample1-sperm5.tif 0 3 0.5966942122675781 
ch00_p1-pl2-sample10-sperm1.tif 0 0 0.5790317456427944 
ch00_p1-pl2-sample10-sperm4.tif 0 0 0.9707144918337809 
ch00_p1-pl2-sample25-sperm4.tif 0 0 0.9480717887913559 
ch00_p1-pl2-sample35-sperm1.tif 0 0 0.7145956478278558 
ch00_p1-pl2-sample5-sperm3.tif 0 0 0.5882267603420471 
ch00_p1-pl2-sample8-sperm6.tif 0 0 0.9543190771537822 
ch00_p1-pl2-sample9-sperm7.tif 0 0 0.7943582997650839 
ch00_p1-pl2-sample9-sperm9.tif 0 3 0.8105293979579302 
ch00_p1-pl3-sample1-sperm17.tif 0 0 0.977469278154441 
ch00_p1-pl3-sample16-sperm7.tif 0 0 0.9550110328355776 
ch00_p1-pl3-sample20-sperm6.tif 0 4 0.9549058831111514 
ch00_p3-pl1-sample1-sperm1.tif 0 0 0.6179066322182076 
ch00_p3-pl1-sample19-sperm2.tif 0 0 0.9166335009779683 
ch00_p3-pl1-sample2-sperm4.tif 0 0 0.993200812136151 
ch00_p3-pl1-sample25-sperm13.tif 0 0 0.3357476178495325 
ch00_p3-pl1-sample3-sperm4.tif 0 0 0.9451295606928489 
ch00_p3-pl1-sample4-sperm4.tif 0 3 0.7820842510792789 
ch00_p4-pl1-sample15-sperm6.tif 0 0 0.9478698908785754 
ch00_p4-pl1-sample18-sperm4.tif 0 4 0.9322113870761568 
ch00_p4-pl1-sample2-sperm4.tif 0 4 0.832851284227644 
ch00_p4-pl1-sample6-sperm1.tif 0 3 0.6480473327273656 
ch00_p4-pl1-sample9-sperm5.tif 0 0 0.9325776491633301 
ch00_p4-pl2-sample13-sperm1.tif 0 0 0.31823106086783864 
ch00_p4-pl2-sample16-sperm9.tif 0 0 0.9039782073113348 
ch00_p5-pl1-sample15-sperm10.tif 0 4 0.9557733904089661 
ch00_p5-pl1-sample2-sperm9.tif 0 4 0.9700928013142345 
ch00_p5-pl1-sample5-sperm3.tif 0 4 0.6320925085415259 
ch00_p1-pl2-sample11-sperm12.tif 1 1 0.9860018465594633 
ch00_p1-pl2-sample13-sperm10.tif 1 1 0.9903552858065916 
ch00_p1-pl2-sample13-sperm18.tif 1 1 0.9933906149253686 
ch00_p1-pl2-sample18-sperm1.tif 1 2 0.9913855586959555 
ch00_p1-pl2-sample18-sperm5.tif 1 1 0.9899970678363005 
ch00_p1-pl2-sample19-sperm14.tif 1 2 0.9943173461760121 
ch00_p1-pl2-sample19-sperm8.tif 1 3 0.9016685557508554 
ch00_p1-pl2-sample19-sperm9.tif 1 1 0.9872871933554849 
ch00_p1-pl2-sample2-sperm12.tif 1 1 0.5271770081643378 
ch00_p1-pl2-sample2-sperm3.tif 1 4 0.9805837615469518 
ch00_p1-pl2-sample2-sperm4.tif 1 4 0.81494332310904 
ch00_p1-pl2-sample21-sperm3.tif 1 1 0.976242130678191 
ch00_p1-pl2-sample21-sperm6.tif 1 4 0.9291784642280219 
ch00_p1-pl2-sample22-sperm3.tif 1 1 0.4799486953652525 
ch00_p1-pl2-sample23-sperm10.tif 1 1 0.7811847708683588 
ch00_p1-pl2-sample25-sperm8.tif 1 1 0.7401089106437279 
ch00_p1-pl2-sample29-sperm5.tif 1 1 0.5979151317937264 
ch00_p1-pl2-sample3-sperm17.tif 1 1 0.7088134434963722 
ch00_p1-pl2-sample32-sperm10.tif 1 1 0.9701055353611377 
ch00_p1-pl2-sample4-sperm17.tif 1 2 0.9869090637363012 
ch00_p1-pl2-sample6-sperm4.tif 1 1 0.9985744617863841 
ch00_p1-pl2-sample7-sperm2.tif 1 2 0.9017469504066861 
ch00_p1-pl2-sample8-sperm3.tif 1 1 0.9835645009650797 
ch00_p1-pl2-sample9-sperm11.tif 1 1 0.999693167893965 
ch00_p1-pl2-sample9-sperm12.tif 1 2 0.9965055802582927 
ch00_p1-pl3-sample10-sperm4.tif 1 1 0.6811298271099117 
ch00_p1-pl3-sample10-sperm6.tif 1 1 0.9785226026671415 
ch00_p1-pl3-sample11-sperm10.tif 1 1 0.987473021896087 
ch00_p1-pl3-sample14-sperm8.tif 1 2 0.8905237197375417 
ch00_p1-pl3-sample16-sperm14.tif 1 2 0.6674591796236837 
ch00_p1-pl3-sample18-sperm3.tif 1 1 0.609152851139477 
ch00_p1-pl3-sample19-sperm4.tif 1 1 0.859299651113892 
ch00_p1-pl3-sample24-sperm2.tif 1 4 0.6776544034333365 
ch00_p1-pl3-sample6-sperm16.tif 1 1 0.6565224131303053 
ch00_p1-pl3-sample7-sperm10.tif 1 1 0.9625022430670377 
ch00_p1-pl3-sample9-sperm13.tif 1 1 0.9635276174760923 
ch00_p3-pl1-sample14-sperm2.tif 1 4 0.979053856325715 
ch00_p3-pl1-sample18-sperm3.tif 1 1 0.9887066142701488 
ch00_p3-pl1-sample19-sperm5.tif 1 1 0.9961729186543071 
ch00_p3-pl1-sample2-sperm7.tif 1 1 0.9650343324684565 
ch00_p3-pl1-sample22-sperm2.tif 1 1 0.9377315563929406 
ch00_p3-pl1-sample23-sperm11.tif 1 2 0.548845660658682 
ch00_p3-pl1-sample26-sperm2.tif 1 4 0.9056442858825394 
ch00_p3-pl1-sample28-sperm7.tif 1 1 0.992481311461562 
ch00_p3-pl1-sample3-sperm7.tif 1 1 0.9328637848234179 
ch00_p3-pl1-sample31-sperm6.tif 1 1 0.6784917785877156 
ch00_p3-pl1-sample32-sperm5.tif 1 1 0.9967610555584515 
ch00_p3-pl1-sample4-sperm2.tif 1 1 0.9880718998381771 
ch00_p3-pl1-sample6-sperm5.tif 1 1 0.8683907645713502 
ch00_p4-pl1-sample1-sperm11.tif 1 1 0.9161829382364017 
ch00_p4-pl1-sample1-sperm4.tif 1 1 0.8627250759017676 
ch00_p4-pl1-sample10-sperm18.tif 1 1 0.9919127615227648 
ch00_p4-pl1-sample3-sperm8.tif 1 2 0.766856196763736 
ch00_p4-pl1-sample6-sperm5.tif 1 2 0.8276104444689062 
ch00_p4-pl1-sample8-sperm14.tif 1 1 0.4507120639393393 
ch00_p4-pl1-sample9-sperm13.tif 1 2 0.7869766527521916 
ch00_p4-pl2-sample1-sperm6.tif 1 2 0.6544596333814034 
ch00_p4-pl2-sample5-sperm7.tif 1 1 0.9687873251258711 
ch00_p4-pl2-sample7-sperm11.tif 1 4 0.872807744608473 
ch00_p5-pl1-sample11-sperm5.tif 1 1 0.8275670171094467 
ch00_p5-pl1-sample12-sperm17.tif 1 1 0.5085369068062255 
ch00_p5-pl1-sample14-sperm1.tif 1 1 0.8778904483373537 
ch00_p5-pl1-sample17-sperm15.tif 1 1 0.9816157320120251 
ch00_p5-pl1-sample2-sperm2.tif 1 1 0.5742378123177889 
ch00_p5-pl1-sample20-sperm11.tif 1 1 0.6021023036222446 
ch00_p5-pl1-sample20-sperm3.tif 1 1 0.901171427873325 
ch00_p5-pl1-sample20-sperm9.tif 1 1 0.7355973576032556 
ch00_p5-pl1-sample7-sperm6.tif 1 4 0.936663244297939 
ch00_p1-pl2-sample17-sperm12.tif 2 4 0.936259190915826 
ch00_p1-pl2-sample2-sperm15.tif 2 2 0.6518246892770201 
ch00_p1-pl2-sample34-sperm5.tif 2 2 0.982766889325138 
ch00_p1-pl2-sample35-sperm6.tif 2 2 0.7232278500614965 
ch00_p1-pl3-sample10-sperm5.tif 2 2 0.8883739952897184 
ch00_p1-pl3-sample12-sperm12.tif 2 2 0.9910834150690188 
ch00_p1-pl3-sample15-sperm14.tif 2 2 0.9163678283609117 
ch00_p1-pl3-sample17-sperm9.tif 2 2 0.9988575351506433 
ch00_p1-pl3-sample5-sperm12.tif 2 2 0.9663709550636206 
ch00_p1-pl3-sample7-sperm13.tif 2 2 0.7166235849451461 
ch00_p3-pl1-sample25-sperm7.tif 2 1 0.9025347400156217 
ch00_p3-pl1-sample29-sperm10.tif 2 4 0.9191403277235125 
ch00_p4-pl1-sample12-sperm15.tif 2 2 0.8596693164035227 
ch00_p4-pl1-sample16-sperm4.tif 2 4 0.8578678185180686 
ch00_p4-pl1-sample17-sperm4.tif 2 2 0.805148694913973 
ch00_p4-pl1-sample19-sperm7.tif 2 2 0.6319958823265637 
ch00_p4-pl1-sample2-sperm8.tif 2 4 0.6279610473751971 
ch00_p4-pl1-sample4-sperm6.tif 2 2 0.5454610501541127 
ch00_p4-pl1-sample6-sperm2.tif 2 4 0.6196337798631701 
ch00_p4-pl1-sample7-sperm15.tif 2 2 0.9237393949253481 
ch00_p4-pl2-sample3-sperm10.tif 2 4 0.8526714174093932 
ch00_p4-pl2-sample4-sperm11.tif 2 2 0.9692004330188906 
ch00_p1-pl2-sample11-sperm3.tif 3 3 0.9906989923205775 
ch00_p1-pl2-sample17-sperm6.tif 3 4 0.7379305303393454 
ch00_p1-pl2-sample21-sperm5.tif 3 0 0.9638655576009003 
ch00_p1-pl2-sample22-sperm2.tif 3 3 0.8970973311381829 
ch00_p1-pl2-sample5-sperm4.tif 3 4 0.957922309940149 
ch00_p1-pl2-sample7-sperm4.tif 3 0 0.4569619269077998 
ch00_p1-pl3-sample15-sperm11.tif 3 0 0.5240257358629707 
ch00_p1-pl3-sample16-sperm11.tif 3 3 0.9907287013637694 
ch00_p1-pl3-sample23-sperm15.tif 3 4 0.9972445006703375 
ch00_p1-pl3-sample25-sperm14.tif 3 3 0.9928563593580914 
ch00_p1-pl3-sample4-sperm4.tif 3 4 0.9506410921645578 
ch00_p1-pl3-sample9-sperm9.tif 3 3 0.5062499545431232 
ch00_p3-pl1-sample30-sperm1.tif 3 3 0.9719972970542406 
ch00_p3-pl1-sample31-sperm3.tif 3 4 0.8552405969197063 
ch00_p4-pl1-sample10-sperm2.tif 3 4 0.9999998976686522 
ch00_p4-pl1-sample20-sperm4.tif 3 4 0.9610672712865596 
ch00_p4-pl1-sample20-sperm8.tif 3 3 0.9272463652247523 
ch00_p4-pl2-sample12-sperm8.tif 3 3 0.9841231223374437 
ch00_p4-pl2-sample8-sperm3.tif 3 4 0.5390206510818075 
ch00_p5-pl1-sample10-sperm3.tif 3 3 0.9589886222573721 
ch00_p5-pl1-sample18-sperm1.tif 3 4 0.8707873086050878 
ch00_p1-pl2-sample1-sperm4.tif 4 1 0.6651482405530995 
ch00_p1-pl2-sample10-sperm12.tif 4 4 0.688031260830125 
ch00_p1-pl2-sample11-sperm9.tif 4 4 0.9692230701233344 
ch00_p1-pl2-sample12-sperm1.tif 4 2 0.9996151523422565 
ch00_p1-pl2-sample12-sperm8.tif 4 4 0.7482412364083436 
ch00_p1-pl2-sample13-sperm1.tif 4 4 0.8311169501542867 
ch00_p1-pl2-sample13-sperm14.tif 4 4 0.9675639053501278 
ch00_p1-pl2-sample13-sperm5.tif 4 4 0.943412269077615 
ch00_p1-pl2-sample14-sperm11.tif 4 4 0.9838797854781998 
ch00_p1-pl2-sample14-sperm2.tif 4 1 0.619354849488497 
ch00_p1-pl2-sample2-sperm11.tif 4 4 0.7332014704919151 
ch00_p1-pl2-sample2-sperm17.tif 4 0 0.9793418120732259 
ch00_p1-pl2-sample20-sperm2.tif 4 4 0.9842865981189186 
ch00_p1-pl2-sample20-sperm5.tif 4 4 0.9081686070889134 
ch00_p1-pl2-sample22-sperm11.tif 4 3 0.5772086112468363 
ch00_p1-pl2-sample23-sperm16.tif 4 4 0.9962130036321853 
ch00_p1-pl2-sample23-sperm17.tif 4 4 0.8882234689949304 
ch00_p1-pl2-sample29-sperm4.tif 4 3 0.9890787778241422 
ch00_p1-pl2-sample3-sperm1.tif 4 4 0.9557304134961275 
ch00_p1-pl2-sample3-sperm13.tif 4 1 0.6035209540105566 
ch00_p1-pl2-sample3-sperm15.tif 4 2 0.6958528482455916 
ch00_p1-pl2-sample3-sperm8.tif 4 1 0.47625027107152773 
ch00_p1-pl2-sample30-sperm1.tif 4 3 0.966967183752443 
ch00_p1-pl2-sample30-sperm10.tif 4 1 0.6568939037224499 
ch00_p1-pl2-sample30-sperm4.tif 4 4 0.9952383326331309 
ch00_p1-pl2-sample31-sperm12.tif 4 4 0.8312490933506682 
ch00_p1-pl2-sample31-sperm3.tif 4 1 0.9784458046235237 
ch00_p1-pl2-sample31-sperm9.tif 4 4 0.9741945669193602 
ch00_p1-pl2-sample32-sperm1.tif 4 2 0.930947195608693 
ch00_p1-pl2-sample33-sperm3.tif 4 4 0.8884250507839564 
ch00_p1-pl2-sample34-sperm6.tif 4 0 0.6540356436044328 
ch00_p1-pl2-sample34-sperm7.tif 4 4 0.8980321316847746 
ch00_p1-pl2-sample34-sperm8.tif 4 4 0.9747136249368561 
ch00_p1-pl2-sample5-sperm12.tif 4 4 0.790030527151309 
ch00_p1-pl2-sample5-sperm13.tif 4 1 0.9173781036189711 
ch00_p1-pl2-sample7-sperm1.tif 4 4 0.655218066303166 
ch00_p1-pl2-sample7-sperm5.tif 4 4 0.9985231059518773 
ch00_p1-pl2-sample9-sperm18.tif 4 4 0.9608877772913552 
ch00_p1-pl2-sample9-sperm4.tif 4 4 0.955437022540705 
ch00_p1-pl3-sample1-sperm13.tif 4 4 0.9293024105503244 
ch00_p1-pl3-sample10-sperm7.tif 4 4 0.8151882333461759 
ch00_p1-pl3-sample12-sperm3.tif 4 4 0.9428510892146834 
ch00_p1-pl3-sample13-sperm7.tif 4 4 0.9653049200630339 
ch00_p1-pl3-sample14-sperm1.tif 4 4 0.9313912958106445 
ch00_p1-pl3-sample14-sperm11.tif 4 3 0.8711009821852533 
ch00_p1-pl3-sample15-sperm19.tif 4 4 0.90326154207208 
ch00_p1-pl3-sample15-sperm9.tif 4 2 0.5874199714853251 
ch00_p1-pl3-sample16-sperm17.tif 4 4 0.9739505150233971 
ch00_p1-pl3-sample17-sperm7.tif 4 4 0.995145597498439 
ch00_p1-pl3-sample18-sperm6.tif 4 2 0.5719013430444433 
ch00_p1-pl3-sample19-sperm1.tif 4 3 0.7731867965908042 
ch00_p1-pl3-sample19-sperm3.tif 4 1 0.9574286382342932 
ch00_p1-pl3-sample19-sperm8.tif 4 0 0.9872307623534546 
ch00_p1-pl3-sample2-sperm12.tif 4 4 0.9682653006002081 
ch00_p1-pl3-sample2-sperm14.tif 4 1 0.7433019024446942 
ch00_p1-pl3-sample2-sperm4.tif 4 4 0.6799698117122667 
ch00_p1-pl3-sample2-sperm8.tif 4 4 0.97321530046517 
ch00_p1-pl3-sample20-sperm12.tif 4 4 0.9317987388286366 
ch00_p1-pl3-sample20-sperm8.tif 4 4 0.5879184388454101 
ch00_p1-pl3-sample21-sperm6.tif 4 0 0.9973044801383196 
ch00_p1-pl3-sample22-sperm1.tif 4 4 0.9336102894299709 
ch00_p1-pl3-sample22-sperm9.tif 4 4 0.9139748059277232 
ch00_p1-pl3-sample23-sperm17.tif 4 4 0.9388382403740115 
ch00_p1-pl3-sample24-sperm7.tif 4 3 0.9961718459500197 
ch00_p1-pl3-sample25-sperm4.tif 4 2 0.9969172659083659 
ch00_p1-pl3-sample3-sperm4.tif 4 4 0.9735979768813093 
ch00_p1-pl3-sample3-sperm7.tif 4 4 0.5516994706502288 
ch00_p1-pl3-sample4-sperm3.tif 4 3 0.9884351165639002 
ch00_p1-pl3-sample4-sperm9.tif 4 2 0.9585860033516644 
ch00_p1-pl3-sample5-sperm6.tif 4 2 0.9225423812673056 
ch00_p1-pl3-sample5-sperm9.tif 4 4 0.5565456028312399 
ch00_p1-pl3-sample6-sperm14.tif 4 4 0.9238238032575075 
ch00_p1-pl3-sample6-sperm5.tif 4 4 0.9297799492100308 
ch00_p1-pl3-sample6-sperm6.tif 4 0 0.6548019132130874 
ch00_p1-pl3-sample7-sperm2.tif 4 4 0.9975334561012937 
ch00_p1-pl3-sample7-sperm3.tif 4 4 0.9917713149276711 
ch00_p1-pl3-sample8-sperm8.tif 4 2 0.7596513922858962 
ch00_p3-pl1-sample12-sperm7.tif 4 4 0.9833826377872388 
ch00_p3-pl1-sample13-sperm1.tif 4 1 0.8383273048982122 
ch00_p3-pl1-sample13-sperm4.tif 4 4 0.99361244902479 
ch00_p3-pl1-sample13-sperm6.tif 4 2 0.8654783408016946 
ch00_p3-pl1-sample16-sperm1.tif 4 4 0.9539995519696922 
ch00_p3-pl1-sample16-sperm3.tif 4 4 0.9738803800376389 
ch00_p3-pl1-sample16-sperm5.tif 4 4 0.48866757816219325 
ch00_p3-pl1-sample19-sperm3.tif 4 4 0.5215295885252607 
ch00_p3-pl1-sample2-sperm10.tif 4 0 0.6788551919842534 
ch00_p3-pl1-sample23-sperm2.tif 4 4 0.9953289249919547 
ch00_p3-pl1-sample23-sperm7.tif 4 4 0.9900826993598878 
ch00_p3-pl1-sample23-sperm9.tif 4 0 0.9139105308230243 
ch00_p3-pl1-sample24-sperm2.tif 4 4 0.9457974984895116 
ch00_p3-pl1-sample24-sperm4.tif 4 4 0.9888193594544796 
ch00_p3-pl1-sample25-sperm2.tif 4 1 0.7473413926860561 
ch00_p3-pl1-sample26-sperm1.tif 4 4 0.9806367033505612 
ch00_p3-pl1-sample26-sperm5.tif 4 4 0.7828723068995328 
ch00_p3-pl1-sample27-sperm3.tif 4 3 0.976795457368198 
ch00_p3-pl1-sample31-sperm1.tif 4 1 0.6855152289335077 
ch00_p3-pl1-sample31-sperm7.tif 4 3 0.9598625972454786 
ch00_p3-pl1-sample7-sperm1.tif 4 4 0.9999990726629334 
ch00_p3-pl1-sample7-sperm11.tif 4 4 0.9972057148074012 
ch00_p3-pl1-sample7-sperm7.tif 4 2 0.8777541944373193 
ch00_p3-pl1-sample9-sperm9.tif 4 2 0.6560278919124658 
ch00_p4-pl1-sample1-sperm8.tif 4 4 0.9331964774685425 
ch00_p4-pl1-sample10-sperm11.tif 4 2 0.4340260045331707 
ch00_p4-pl1-sample10-sperm21.tif 4 4 0.5993995873927529 
ch00_p4-pl1-sample11-sperm1.tif 4 2 0.968090880982131 
ch00_p4-pl1-sample11-sperm8.tif 4 0 0.9970610782791061 
ch00_p4-pl1-sample12-sperm1.tif 4 1 0.7494372498526279 
ch00_p4-pl1-sample12-sperm2.tif 4 2 0.9550356785201274 
ch00_p4-pl1-sample12-sperm3.tif 4 4 0.6013066372723346 
ch00_p4-pl1-sample12-sperm6.tif 4 4 0.7580366325126141 
ch00_p4-pl1-sample12-sperm9.tif 4 4 0.9964909549211075 
ch00_p4-pl1-sample13-sperm5.tif 4 4 0.9905616515196437 
ch00_p4-pl1-sample13-sperm8.tif 4 2 0.8681172313851754 
ch00_p4-pl1-sample14-sperm13.tif 4 0 0.9941049433066147 
ch00_p4-pl1-sample14-sperm4.tif 4 0 0.9849731738139689 
ch00_p4-pl1-sample15-sperm10.tif 4 1 0.9927540647481747 
ch00_p4-pl1-sample16-sperm1.tif 4 1 0.992209775089422 
ch00_p4-pl1-sample16-sperm16.tif 4 4 0.9999984059623827 
ch00_p4-pl1-sample16-sperm3.tif 4 1 0.9659823878472488 
ch00_p4-pl1-sample16-sperm5.tif 4 4 0.7189428318627472 
ch00_p4-pl1-sample16-sperm8.tif 4 4 0.9939126865546862 
ch00_p4-pl1-sample17-sperm10.tif 4 4 0.9102203662502142 
ch00_p4-pl1-sample17-sperm5.tif 4 2 0.7819809838871081 
ch00_p4-pl1-sample19-sperm9.tif 4 4 0.5678958126976908 
ch00_p4-pl1-sample2-sperm10.tif 4 4 0.9292723027768264 
ch00_p4-pl1-sample2-sperm12.tif 4 4 0.9134515541029476 
ch00_p4-pl1-sample2-sperm3.tif 4 4 0.9839113269942689 
ch00_p4-pl1-sample20-sperm1.tif 4 2 0.9804361473859201 
ch00_p4-pl1-sample20-sperm3.tif 4 4 0.9653155223884365 
ch00_p4-pl1-sample20-sperm5.tif 4 4 0.9925321064345978 
ch00_p4-pl1-sample4-sperm10.tif 4 4 0.7974945782223911 
ch00_p4-pl1-sample4-sperm14.tif 4 4 0.8306813850519561 
ch00_p4-pl1-sample4-sperm9.tif 4 4 0.7237347004103474 
ch00_p4-pl1-sample5-sperm7.tif 4 4 0.917818743061794 
ch00_p4-pl1-sample6-sperm11.tif 4 4 0.984659961639491 
ch00_p4-pl1-sample6-sperm8.tif 4 2 0.8767461744231739 
ch00_p4-pl1-sample6-sperm9.tif 4 4 0.5936931616989305 
ch00_p4-pl1-sample7-sperm17.tif 4 0 0.9909540749315371 
ch00_p4-pl1-sample8-sperm1.tif 4 1 0.627474884449814 
ch00_p4-pl1-sample8-sperm6.tif 4 1 0.49941780407220515 
ch00_p4-pl1-sample9-sperm12.tif 4 2 0.6837682106952876 
ch00_p4-pl1-sample9-sperm4.tif 4 4 0.8123138543084435 
ch00_p4-pl2-sample10-sperm7.tif 4 4 0.6349599286324418 
ch00_p4-pl2-sample10-sperm8.tif 4 0 0.8329235657281194 
ch00_p4-pl2-sample11-sperm4.tif 4 4 0.9916866813321731 
ch00_p4-pl2-sample13-sperm7.tif 4 0 0.9659477036492513 
ch00_p4-pl2-sample13-sperm9.tif 4 4 0.5355982633558682 
ch00_p4-pl2-sample14-sperm10.tif 4 0 0.9245980602868528 
ch00_p4-pl2-sample15-sperm4.tif 4 4 0.9916069111882828 
ch00_p4-pl2-sample15-sperm5.tif 4 4 0.9678035648611705 
ch00_p4-pl2-sample16-sperm7.tif 4 4 0.8678486566783287 
ch00_p4-pl2-sample19-sperm2.tif 4 2 0.8758113023849137 
ch00_p4-pl2-sample2-sperm10.tif 4 4 0.6037439855606553 
ch00_p4-pl2-sample2-sperm2.tif 4 4 0.5073967044620724 
ch00_p4-pl2-sample2-sperm3.tif 4 4 0.9915784416634505 
ch00_p4-pl2-sample2-sperm6.tif 4 4 0.9915624887084984 
ch00_p4-pl2-sample20-sperm6.tif 4 4 0.6617011560077827 
ch00_p4-pl2-sample20-sperm8.tif 4 4 0.9963233521184586 
ch00_p4-pl2-sample3-sperm4.tif 4 1 0.9810374188505696 
ch00_p4-pl2-sample3-sperm9.tif 4 4 0.9934442943169982 
ch00_p4-pl2-sample4-sperm2.tif 4 4 0.9790853262010086 
ch00_p4-pl2-sample4-sperm4.tif 4 1 0.9891429563373599 
ch00_p4-pl2-sample5-sperm4.tif 4 4 0.7657805860173518 
ch00_p4-pl2-sample5-sperm5.tif 4 3 0.761657841741936 
ch00_p4-pl2-sample7-sperm6.tif 4 0 0.5380541805448625 
ch00_p4-pl2-sample7-sperm8.tif 4 0 0.5147669332552974 
ch00_p4-pl2-sample8-sperm1.tif 4 4 0.5225513758812149 
ch00_p4-pl2-sample9-sperm4.tif 4 4 0.9739312811806375 
ch00_p4-pl2-sample9-sperm7.tif 4 1 0.4012141453855118 
ch00_p5-pl1-sample1-sperm12.tif 4 1 0.5092919117115301 
ch00_p5-pl1-sample1-sperm5.tif 4 3 0.7409419771822504 
ch00_p5-pl1-sample1-sperm6.tif 4 3 0.3711631332188445 
ch00_p5-pl1-sample11-sperm4.tif 4 4 0.8279903230008737 
ch00_p5-pl1-sample12-sperm14.tif 4 4 0.9625832327911656 
ch00_p5-pl1-sample12-sperm16.tif 4 4 0.9193076568392975 
ch00_p5-pl1-sample12-sperm5.tif 4 4 0.9596344023712235 
ch00_p5-pl1-sample13-sperm5.tif 4 4 0.9903013175772326 
ch00_p5-pl1-sample15-sperm4.tif 4 4 0.9232436003747879 
ch00_p5-pl1-sample15-sperm6.tif 4 4 0.9091775573222316 
ch00_p5-pl1-sample17-sperm10.tif 4 3 0.9618825735918491 
ch00_p5-pl1-sample17-sperm3.tif 4 4 0.8463215267571138 
ch00_p5-pl1-sample17-sperm9.tif 4 1 0.729173285118336 
ch00_p5-pl1-sample19-sperm13.tif 4 0 0.8692490978236742 
ch00_p5-pl1-sample2-sperm6.tif 4 4 0.997819930070559 
ch00_p5-pl1-sample20-sperm12.tif 4 3 0.8602606476053457 
ch00_p5-pl1-sample20-sperm5.tif 4 4 0.7992217384824698 
ch00_p5-pl1-sample3-sperm13.tif 4 4 0.9952935622338368 
ch00_p5-pl1-sample3-sperm17.tif 4 4 0.7911350056883986 
ch00_p5-pl1-sample3-sperm21.tif 4 4 0.5234081560551724 
ch00_p5-pl1-sample3-sperm23.tif 4 4 0.6325061423833892 
ch00_p5-pl1-sample3-sperm5.tif 4 4 0.7021483037255188 
ch00_p5-pl1-sample5-sperm18.tif 4 3 0.9746430517732508 
ch00_p5-pl1-sample5-sperm9.tif 4 4 0.9935780811018081 
ch00_p5-pl1-sample6-sperm15.tif 4 1 0.5800406818832734 
ch00_p5-pl1-sample8-sperm4.tif 4 1 0.7184793471278191 
ch00_p5-pl1-sample9-sperm4.tif 4 4 0.9923083268642713 
