ch00_p1-pl2-sample1-sperm10.tif 0 4 0.6725986761930776 
ch00_p1-pl2-sample10-sperm10.tif 0 4 0.8087451028085418 
ch00_p1-pl2-sample13-sperm11.tif 0 0 0.6276920047681137 
ch00_p1-pl2-sample14-sperm10.tif 0 4 0.8186198620838323 
ch00_p1-pl2-sample3-sperm12.tif 0 4 0.5519635433852642 
ch00_p1-pl2-sample3-sperm7.tif 0 4 0.9478309449462925 
ch00_p1-pl3-sample1-sperm17.tif 0 0 0.6771254075698139 
ch00_p1-pl3-sample1-sperm3.tif 0 4 0.8633114183971359 
ch00_p1-pl3-sample10-sperm2.tif 0 4 0.7617386228097514 
ch00_p1-pl3-sample12-sperm1.tif 0 4 0.8890900620805091 
ch00_p1-pl3-sample16-sperm10.tif 0 0 0.4440014251076717 
ch00_p1-pl3-sample17-sperm3.tif 0 4 0.6197444518841173 
ch00_p1-pl3-sample2-sperm7.tif 0 0 0.8826331430394194 
ch00_p1-pl3-sample24-sperm4.tif 0 4 0.8158368380438594 
ch00_p1-pl3-sample6-sperm11.tif 0 4 0.8581314319288813 
ch00_p3-pl1-sample1-sperm1.tif 0 2 0.5819221247286566 
ch00_p3-pl1-sample14-sperm5.tif 0 4 0.9999996242287683 
ch00_p3-pl1-sample17-sperm7.tif 0 4 0.971130804694474 
ch00_p3-pl1-sample25-sperm3.tif 0 4 0.9655593126979769 
ch00_p4-pl1-sample1-sperm13.tif 0 4 0.847155900564325 
ch00_p4-pl1-sample1-sperm3.tif 0 4 0.8735572352266224 
ch00_p4-pl1-sample10-sperm9.tif 0 4 0.5968272812527924 
ch00_p4-pl1-sample14-sperm1.tif 0 4 0.9291701407310526 
ch00_p4-pl1-sample14-sperm2.tif 0 4 0.7379436199324259 
ch00_p4-pl1-sample15-sperm6.tif 0 3 0.5458481820302324 
ch00_p4-pl1-sample19-sperm12.tif 0 0 0.587038258817734 
ch00_p4-pl1-sample20-sperm7.tif 0 4 0.9980674864459821 
ch00_p4-pl1-sample9-sperm3.tif 0 4 0.9485269135801334 
ch00_p4-pl2-sample8-sperm5.tif 0 4 0.9813637154342193 
ch00_p5-pl1-sample8-sperm7.tif 0 4 0.9863282547792432 
ch00_p1-pl2-sample1-sperm6.tif 1 4 0.622447333842754 
ch00_p1-pl2-sample10-sperm5.tif 1 4 0.9739801110295204 
ch00_p1-pl2-sample11-sperm12.tif 1 1 0.9966663836403592 
ch00_p1-pl2-sample13-sperm7.tif 1 3 0.516476278080005 
ch00_p1-pl2-sample15-sperm3.tif 1 3 0.8784859834913071 
ch00_p1-pl2-sample17-sperm7.tif 1 1 0.9999945715683599 
ch00_p1-pl2-sample18-sperm1.tif 1 4 0.6644943181730951 
ch00_p1-pl2-sample19-sperm14.tif 1 1 0.9980462803086774 
ch00_p1-pl2-sample20-sperm7.tif 1 4 0.9999995841390348 
ch00_p1-pl2-sample21-sperm6.tif 1 1 0.6916161633167164 
ch00_p1-pl2-sample21-sperm8.tif 1 4 0.9760676922629703 
ch00_p1-pl2-sample22-sperm1.tif 1 1 0.9999969134530138 
ch00_p1-pl2-sample22-sperm3.tif 1 1 0.502484338769899 
ch00_p1-pl2-sample24-sperm6.tif 1 1 0.89790014379691 
ch00_p1-pl2-sample25-sperm2.tif 1 4 0.9903520536821382 
ch00_p1-pl2-sample25-sperm8.tif 1 4 0.8314027820303826 
ch00_p1-pl2-sample29-sperm6.tif 1 1 0.7756247858146038 
ch00_p1-pl2-sample30-sperm5.tif 1 1 0.999731112435037 
ch00_p1-pl2-sample30-sperm7.tif 1 1 0.46135032104154367 
ch00_p1-pl2-sample35-sperm2.tif 1 1 0.8786381968203391 
ch00_p1-pl2-sample35-sperm7.tif 1 4 0.6908697775053373 
ch00_p1-pl2-sample4-sperm11.tif 1 2 0.5930366019458436 
ch00_p1-pl2-sample4-sperm5.tif 1 1 0.997685049975437 
ch00_p1-pl2-sample7-sperm9.tif 1 4 0.7721692957324822 
ch00_p1-pl2-sample9-sperm13.tif 1 1 0.909839784798975 
ch00_p1-pl2-sample9-sperm2.tif 1 1 0.9978303702943797 
ch00_p1-pl3-sample1-sperm5.tif 1 1 0.9999143037105185 
ch00_p1-pl3-sample10-sperm6.tif 1 1 0.9989199724875756 
ch00_p1-pl3-sample11-sperm10.tif 1 1 0.9999298515373517 
ch00_p1-pl3-sample12-sperm5.tif 1 1 0.7675555015932665 
ch00_p1-pl3-sample12-sperm7.tif 1 4 0.6544482113895631 
ch00_p1-pl3-sample14-sperm8.tif 1 1 0.9922718490625135 
ch00_p1-pl3-sample16-sperm14.tif 1 1 0.9363874494558562 
ch00_p1-pl3-sample24-sperm17.tif 1 2 0.5774568343522349 
ch00_p1-pl3-sample5-sperm2.tif 1 4 0.9794217610392695 
ch00_p1-pl3-sample7-sperm12.tif 1 1 0.9980270047860232 
ch00_p3-pl1-sample10-sperm6.tif 1 1 0.9999578428982606 
ch00_p3-pl1-sample11-sperm2.tif 1 4 0.9680723818224036 
ch00_p3-pl1-sample12-sperm5.tif 1 1 0.9961451033060571 
ch00_p3-pl1-sample17-sperm2.tif 1 4 0.4803695794709395 
ch00_p3-pl1-sample17-sperm3.tif 1 4 0.6840148654032527 
ch00_p3-pl1-sample17-sperm4.tif 1 1 0.5002989847499776 
ch00_p3-pl1-sample18-sperm1.tif 1 1 0.99997125058301 
ch00_p3-pl1-sample18-sperm3.tif 1 1 0.999950236930548 
ch00_p3-pl1-sample19-sperm6.tif 1 1 0.9920336501552917 
ch00_p3-pl1-sample23-sperm4.tif 1 1 0.9998921841028511 
ch00_p3-pl1-sample26-sperm2.tif 1 4 0.9553159953125047 
ch00_p3-pl1-sample5-sperm1.tif 1 1 0.9963111000766955 
ch00_p3-pl1-sample5-sperm6.tif 1 1 0.9999942650361706 
ch00_p3-pl1-sample6-sperm5.tif 1 1 0.9182845169547288 
ch00_p3-pl1-sample7-sperm14.tif 1 1 0.9932969321630373 
ch00_p4-pl1-sample1-sperm2.tif 1 4 0.814588918817339 
ch00_p4-pl1-sample11-sperm10.tif 1 1 0.9629626753958149 
ch00_p4-pl1-sample12-sperm5.tif 1 4 0.5605652487209373 
ch00_p4-pl1-sample19-sperm3.tif 1 4 0.6552821552613525 
ch00_p4-pl1-sample3-sperm4.tif 1 4 0.89428515821435 
ch00_p4-pl1-sample3-sperm8.tif 1 1 0.5239918289757345 
ch00_p4-pl1-sample7-sperm16.tif 1 1 0.5208745483316394 
ch00_p4-pl1-sample9-sperm16.tif 1 1 0.5028265564006551 
ch00_p4-pl2-sample11-sperm1.tif 1 4 0.8796237194268467 
ch00_p4-pl2-sample5-sperm7.tif 1 1 0.9001368813733674 
ch00_p4-pl2-sample8-sperm6.tif 1 4 0.7383149316227199 
ch00_p5-pl1-sample20-sperm3.tif 1 1 0.8542980905555769 
ch00_p5-pl1-sample5-sperm20.tif 1 1 0.982529400166768 
ch00_p5-pl1-sample6-sperm13.tif 1 1 0.9663352535707085 
ch00_p5-pl1-sample6-sperm16.tif 1 1 0.799666120047567 
ch00_p5-pl1-sample7-sperm10.tif 1 4 0.954717908593138 
ch00_p5-pl1-sample8-sperm5.tif 1 1 0.9937174200385555 
ch00_p1-pl2-sample14-sperm5.tif 2 2 0.3829497350084964 
ch00_p1-pl2-sample17-sperm10.tif 2 4 0.5309595833811125 
ch00_p1-pl2-sample2-sperm6.tif 2 4 0.8341195520980674 
ch00_p1-pl2-sample2-sperm9.tif 2 2 0.9924616448480316 
ch00_p1-pl2-sample34-sperm5.tif 2 4 0.37195152253305513 
ch00_p1-pl2-sample6-sperm2.tif 2 2 0.9604229158567003 
ch00_p1-pl3-sample15-sperm14.tif 2 4 0.8406698673347471 
ch00_p1-pl3-sample17-sperm9.tif 2 2 0.9986881620211937 
ch00_p1-pl3-sample6-sperm9.tif 2 4 0.7147941388407079 
ch00_p1-pl3-sample7-sperm5.tif 2 1 0.6842600223056666 
ch00_p1-pl3-sample9-sperm4.tif 2 2 0.91031456440612 
ch00_p3-pl1-sample14-sperm8.tif 2 1 0.9857934915420171 
ch00_p3-pl1-sample28-sperm5.tif 2 4 0.8152625788675535 
ch00_p4-pl1-sample12-sperm4.tif 2 4 0.9119465752985427 
ch00_p4-pl1-sample13-sperm4.tif 2 4 0.9779386804191587 
ch00_p4-pl1-sample14-sperm14.tif 2 4 0.7502507026431268 
ch00_p4-pl1-sample19-sperm7.tif 2 4 0.7914456397500549 
ch00_p4-pl1-sample3-sperm10.tif 2 4 0.5849660588734448 
ch00_p4-pl1-sample3-sperm7.tif 2 4 0.7841566847573007 
ch00_p4-pl1-sample4-sperm6.tif 2 2 0.6740966437501136 
ch00_p4-pl1-sample5-sperm5.tif 2 4 0.8986297552588854 
ch00_p4-pl2-sample11-sperm5.tif 2 4 0.9795941344234846 
ch00_p1-pl2-sample11-sperm3.tif 3 3 0.5507669481907141 
ch00_p1-pl2-sample15-sperm6.tif 3 3 0.964537293146625 
ch00_p1-pl2-sample17-sperm8.tif 3 3 0.9981721522285492 
ch00_p1-pl2-sample5-sperm11.tif 3 3 0.8986615207333823 
ch00_p1-pl2-sample7-sperm4.tif 3 3 0.5519191661869567 
ch00_p1-pl3-sample13-sperm12.tif 3 4 0.8910896714707771 
ch00_p1-pl3-sample16-sperm16.tif 3 4 0.8944690454819606 
ch00_p1-pl3-sample23-sperm7.tif 3 4 0.5343024965954444 
ch00_p1-pl3-sample24-sperm1.tif 3 3 0.5987877915071891 
ch00_p1-pl3-sample4-sperm4.tif 3 4 0.9030425720438039 
ch00_p1-pl3-sample5-sperm10.tif 3 4 0.9688822685895313 
ch00_p1-pl3-sample9-sperm6.tif 3 4 0.9244857294032722 
ch00_p3-pl1-sample12-sperm3.tif 3 3 0.9092934017613059 
ch00_p3-pl1-sample14-sperm6.tif 3 4 0.8757521713853397 
ch00_p3-pl1-sample28-sperm2.tif 3 4 0.4113842802946628 
ch00_p4-pl1-sample11-sperm3.tif 3 3 0.9994197205796033 
ch00_p4-pl1-sample20-sperm4.tif 3 4 0.9829912040487162 
ch00_p4-pl1-sample9-sperm14.tif 3 4 0.5983509865160697 
ch00_p4-pl2-sample8-sperm3.tif 3 4 0.9301379057214494 
ch00_p5-pl1-sample1-sperm4.tif 3 4 0.999996176881175 
ch00_p5-pl1-sample10-sperm3.tif 3 4 0.9951249280767357 
ch00_p1-pl2-sample1-sperm1.tif 4 4 0.6278960745520895 
ch00_p1-pl2-sample1-sperm12.tif 4 4 0.8655917697961784 
ch00_p1-pl2-sample1-sperm2.tif 4 4 0.998533972316697 
ch00_p1-pl2-sample10-sperm15.tif 4 2 0.9176698990049061 
ch00_p1-pl2-sample11-sperm11.tif 4 4 0.873662442937054 
ch00_p1-pl2-sample12-sperm10.tif 4 4 0.9317125573055804 
ch00_p1-pl2-sample12-sperm2.tif 4 4 0.7235403004033979 
ch00_p1-pl2-sample13-sperm1.tif 4 4 0.9392365706647313 
ch00_p1-pl2-sample13-sperm5.tif 4 4 0.7168649738127417 
ch00_p1-pl2-sample14-sperm3.tif 4 4 0.9307696322530091 
ch00_p1-pl2-sample16-sperm7.tif 4 4 0.9085572623103765 
ch00_p1-pl2-sample2-sperm11.tif 4 4 0.9980085485641692 
ch00_p1-pl2-sample23-sperm13.tif 4 4 0.8685667441993672 
ch00_p1-pl2-sample23-sperm17.tif 4 4 0.9642488817537064 
ch00_p1-pl2-sample24-sperm10.tif 4 4 0.6424480738777968 
ch00_p1-pl2-sample24-sperm13.tif 4 1 0.9983069310127968 
ch00_p1-pl2-sample26-sperm4.tif 4 1 0.8072171193189659 
ch00_p1-pl2-sample28-sperm8.tif 4 4 0.7484684615593762 
ch00_p1-pl2-sample3-sperm6.tif 4 2 0.7217601738469213 
ch00_p1-pl2-sample30-sperm6.tif 4 1 0.9576116918049087 
ch00_p1-pl2-sample31-sperm3.tif 4 4 0.8070748063821115 
ch00_p1-pl2-sample32-sperm1.tif 4 1 0.8186284920363234 
ch00_p1-pl2-sample32-sperm5.tif 4 4 0.7983362067383348 
ch00_p1-pl2-sample32-sperm8.tif 4 4 0.6419463602972899 
ch00_p1-pl2-sample33-sperm3.tif 4 3 0.47586367384973327 
ch00_p1-pl2-sample33-sperm4.tif 4 2 0.5046566606750365 
ch00_p1-pl2-sample33-sperm7.tif 4 4 0.5361778243063003 
ch00_p1-pl2-sample35-sperm10.tif 4 1 0.9841139309647883 
ch00_p1-pl2-sample35-sperm12.tif 4 4 0.6487232846927325 
ch00_p1-pl2-sample4-sperm16.tif 4 4 0.6898285849804864 
ch00_p1-pl2-sample5-sperm12.tif 4 1 0.6244931107635138 
ch00_p1-pl2-sample5-sperm13.tif 4 1 0.8438924888698373 
ch00_p1-pl2-sample5-sperm7.tif 4 4 0.9999999997416948 
ch00_p1-pl2-sample7-sperm1.tif 4 4 0.971630249705459 
ch00_p1-pl2-sample7-sperm5.tif 4 4 0.8873953781229366 
ch00_p1-pl2-sample8-sperm5.tif 4 4 0.9702514818638233 
ch00_p1-pl3-sample12-sperm10.tif 4 1 0.7467436481579467 
ch00_p1-pl3-sample12-sperm14.tif 4 1 0.9474856200564792 
ch00_p1-pl3-sample12-sperm17.tif 4 4 0.9972451213187833 
ch00_p1-pl3-sample12-sperm20.tif 4 4 0.6870443158419959 
ch00_p1-pl3-sample12-sperm3.tif 4 1 0.9129806363668181 
ch00_p1-pl3-sample13-sperm5.tif 4 4 0.8500830723140298 
ch00_p1-pl3-sample14-sperm11.tif 4 3 0.8693368084635646 
ch00_p1-pl3-sample14-sperm13.tif 4 4 0.5772440804887817 
ch00_p1-pl3-sample14-sperm7.tif 4 4 0.940514645112184 
ch00_p1-pl3-sample15-sperm12.tif 4 4 0.580493635938493 
ch00_p1-pl3-sample15-sperm20.tif 4 4 0.45944676763184233 
ch00_p1-pl3-sample15-sperm3.tif 4 3 0.992028149012789 
ch00_p1-pl3-sample15-sperm5.tif 4 1 0.8100307619370609 
ch00_p1-pl3-sample15-sperm7.tif 4 4 0.9614398753297277 
ch00_p1-pl3-sample15-sperm9.tif 4 1 0.9189990024207265 
ch00_p1-pl3-sample18-sperm6.tif 4 4 0.6723316141878333 
ch00_p1-pl3-sample19-sperm2.tif 4 2 0.7456169776479016 
ch00_p1-pl3-sample2-sperm12.tif 4 0 0.6880856775712026 
ch00_p1-pl3-sample2-sperm14.tif 4 4 0.9060371690298913 
ch00_p1-pl3-sample20-sperm12.tif 4 4 0.8730694515467063 
ch00_p1-pl3-sample20-sperm8.tif 4 4 0.890910807299223 
ch00_p1-pl3-sample21-sperm4.tif 4 4 0.9752151292204176 
ch00_p1-pl3-sample21-sperm5.tif 4 4 0.9421380260100731 
ch00_p1-pl3-sample21-sperm6.tif 4 0 0.5859518324259847 
ch00_p1-pl3-sample22-sperm3.tif 4 4 0.920273764555501 
ch00_p1-pl3-sample22-sperm6.tif 4 3 0.9921156560679609 
ch00_p1-pl3-sample22-sperm9.tif 4 4 0.9681226743112086 
ch00_p1-pl3-sample23-sperm11.tif 4 1 0.5534183928698586 
ch00_p1-pl3-sample23-sperm2.tif 4 4 0.9962123597267232 
ch00_p1-pl3-sample23-sperm3.tif 4 4 0.9795893448282743 
ch00_p1-pl3-sample24-sperm22.tif 4 1 0.9875212444433762 
ch00_p1-pl3-sample24-sperm8.tif 4 4 0.6084411094732242 
ch00_p1-pl3-sample24-sperm9.tif 4 2 0.4809457913267929 
ch00_p1-pl3-sample25-sperm1.tif 4 4 0.8272544574982341 
ch00_p1-pl3-sample25-sperm11.tif 4 1 0.9078628876966638 
ch00_p1-pl3-sample3-sperm4.tif 4 1 0.8236035353061032 
ch00_p1-pl3-sample3-sperm5.tif 4 4 0.8891161131358034 
ch00_p1-pl3-sample4-sperm8.tif 4 1 0.9992465597025199 
ch00_p1-pl3-sample5-sperm14.tif 4 4 0.9948001309016452 
ch00_p1-pl3-sample7-sperm3.tif 4 4 0.9911455427616794 
ch00_p1-pl3-sample8-sperm17.tif 4 4 0.8971597689732017 
ch00_p1-pl3-sample8-sperm6.tif 4 4 0.7832372862559503 
ch00_p1-pl3-sample9-sperm5.tif 4 4 0.8799281752148277 
ch00_p3-pl1-sample11-sperm5.tif 4 4 0.9485021528914026 
ch00_p3-pl1-sample15-sperm4.tif 4 4 0.9795815938658431 
ch00_p3-pl1-sample19-sperm3.tif 4 4 0.9956904914149364 
ch00_p3-pl1-sample19-sperm8.tif 4 1 0.6479196011204996 
ch00_p3-pl1-sample2-sperm6.tif 4 4 0.8795227267433102 
ch00_p3-pl1-sample23-sperm2.tif 4 4 0.9999965299745063 
ch00_p3-pl1-sample25-sperm2.tif 4 4 0.9858233772450454 
ch00_p3-pl1-sample26-sperm7.tif 4 4 0.9649221302972756 
ch00_p3-pl1-sample29-sperm4.tif 4 4 0.9671955117957113 
ch00_p3-pl1-sample3-sperm9.tif 4 1 0.9917621422652315 
ch00_p3-pl1-sample30-sperm4.tif 4 4 0.999999999990051 
ch00_p3-pl1-sample30-sperm5.tif 4 1 0.8353470479950738 
ch00_p3-pl1-sample31-sperm7.tif 4 4 0.9257550526042445 
ch00_p3-pl1-sample32-sperm2.tif 4 4 0.9999999974965065 
ch00_p3-pl1-sample32-sperm6.tif 4 4 0.5635497832872417 
ch00_p3-pl1-sample7-sperm1.tif 4 4 0.8684556112020302 
ch00_p3-pl1-sample7-sperm11.tif 4 4 0.9593302393142589 
ch00_p3-pl1-sample7-sperm13.tif 4 4 0.9439003747591614 
ch00_p4-pl1-sample1-sperm1.tif 4 0 0.440419093842278 
ch00_p4-pl1-sample1-sperm12.tif 4 4 0.8900791568150145 
ch00_p4-pl1-sample10-sperm22.tif 4 1 0.7402358476409178 
ch00_p4-pl1-sample11-sperm2.tif 4 4 0.9999986438485567 
ch00_p4-pl1-sample12-sperm11.tif 4 4 0.9314706485052254 
ch00_p4-pl1-sample12-sperm3.tif 4 4 0.8018664681181125 
ch00_p4-pl1-sample12-sperm8.tif 4 4 0.9900871138204891 
ch00_p4-pl1-sample13-sperm5.tif 4 4 0.937426863372828 
ch00_p4-pl1-sample14-sperm4.tif 4 4 0.5147296138369032 
ch00_p4-pl1-sample14-sperm7.tif 4 4 0.7799506909879635 
ch00_p4-pl1-sample16-sperm1.tif 4 1 0.6736773433684352 
ch00_p4-pl1-sample16-sperm16.tif 4 4 0.7136723461114367 
ch00_p4-pl1-sample16-sperm17.tif 4 4 0.9920079543238484 
ch00_p4-pl1-sample17-sperm5.tif 4 4 0.7932145401612043 
ch00_p4-pl1-sample18-sperm5.tif 4 4 0.6397124047884333 
ch00_p4-pl1-sample19-sperm6.tif 4 4 0.9784447452141921 
ch00_p4-pl1-sample2-sperm12.tif 4 4 0.6593316543262199 
ch00_p4-pl1-sample2-sperm3.tif 4 4 0.9478868867332981 
ch00_p4-pl1-sample2-sperm9.tif 4 1 0.5100594161462861 
ch00_p4-pl1-sample20-sperm11.tif 4 4 0.9973608711069518 
ch00_p4-pl1-sample20-sperm5.tif 4 4 0.7891490508857743 
ch00_p4-pl1-sample20-sperm9.tif 4 4 0.7608324355003679 
ch00_p4-pl1-sample4-sperm10.tif 4 4 0.7963534938562784 
ch00_p4-pl1-sample4-sperm11.tif 4 4 0.910945700482296 
ch00_p4-pl1-sample4-sperm16.tif 4 4 0.9810503741167188 
ch00_p4-pl1-sample4-sperm9.tif 4 4 0.9167041898943804 
ch00_p4-pl1-sample5-sperm1.tif 4 0 0.47499916662690356 
ch00_p4-pl1-sample5-sperm7.tif 4 4 0.9792142077844807 
ch00_p4-pl1-sample5-sperm9.tif 4 4 0.9753857891713211 
ch00_p4-pl1-sample7-sperm13.tif 4 4 0.9281213457132615 
ch00_p4-pl1-sample7-sperm3.tif 4 4 0.9137113527890989 
ch00_p4-pl1-sample8-sperm12.tif 4 4 0.8676395595462556 
ch00_p4-pl1-sample8-sperm2.tif 4 4 0.6859919754153391 
ch00_p4-pl1-sample8-sperm3.tif 4 4 0.7573535983239799 
ch00_p4-pl1-sample9-sperm11.tif 4 4 0.8535877475602669 
ch00_p4-pl1-sample9-sperm17.tif 4 4 0.6822234562111458 
ch00_p4-pl2-sample1-sperm1.tif 4 4 0.9370255609473364 
ch00_p4-pl2-sample10-sperm11.tif 4 4 0.9946357065779455 
ch00_p4-pl2-sample10-sperm5.tif 4 4 0.9870869414417544 
ch00_p4-pl2-sample10-sperm7.tif 4 4 0.9901453849059054 
ch00_p4-pl2-sample11-sperm2.tif 4 4 0.9744241649808582 
ch00_p4-pl2-sample11-sperm4.tif 4 4 0.9504323139888656 
ch00_p4-pl2-sample12-sperm10.tif 4 4 0.899248502444864 
ch00_p4-pl2-sample12-sperm11.tif 4 4 0.3939870522515491 
ch00_p4-pl2-sample12-sperm4.tif 4 4 0.9202219233269511 
ch00_p4-pl2-sample12-sperm9.tif 4 4 0.7117051789402145 
ch00_p4-pl2-sample13-sperm5.tif 4 4 0.9852879848936311 
ch00_p4-pl2-sample14-sperm10.tif 4 0 0.7701390551364453 
ch00_p4-pl2-sample14-sperm6.tif 4 4 0.9559571801637027 
ch00_p4-pl2-sample14-sperm8.tif 4 4 0.9164637054563339 
ch00_p4-pl2-sample14-sperm9.tif 4 4 0.9974821694735734 
ch00_p4-pl2-sample15-sperm7.tif 4 4 0.8626970794441082 
ch00_p4-pl2-sample16-sperm7.tif 4 4 0.9666305305251686 
ch00_p4-pl2-sample16-sperm8.tif 4 4 0.5948622426100763 
ch00_p4-pl2-sample18-sperm3.tif 4 4 0.9902799644819311 
ch00_p4-pl2-sample18-sperm8.tif 4 4 0.9369110663578871 
ch00_p4-pl2-sample18-sperm9.tif 4 4 0.9786240394493503 
ch00_p4-pl2-sample19-sperm4.tif 4 4 0.7604775459125829 
ch00_p4-pl2-sample19-sperm8.tif 4 4 0.9684172812484937 
ch00_p4-pl2-sample2-sperm1.tif 4 4 0.9895525040547455 
ch00_p4-pl2-sample2-sperm10.tif 4 4 0.963958958348555 
ch00_p4-pl2-sample2-sperm2.tif 4 0 0.75019984022391 
ch00_p4-pl2-sample2-sperm3.tif 4 4 0.8091042259210297 
ch00_p4-pl2-sample20-sperm2.tif 4 4 0.9914374479412108 
ch00_p4-pl2-sample20-sperm3.tif 4 4 0.9623480773987444 
ch00_p4-pl2-sample3-sperm2.tif 4 4 0.9615188603881933 
ch00_p4-pl2-sample3-sperm3.tif 4 4 0.9999973189866047 
ch00_p4-pl2-sample3-sperm6.tif 4 1 0.9541013703436965 
ch00_p4-pl2-sample5-sperm5.tif 4 3 0.5522406683265679 
ch00_p4-pl2-sample6-sperm2.tif 4 4 0.8670600703672684 
ch00_p4-pl2-sample6-sperm5.tif 4 4 0.9506889346115772 
ch00_p4-pl2-sample6-sperm6.tif 4 4 0.9515305841425094 
ch00_p4-pl2-sample7-sperm3.tif 4 4 0.6867040803710593 
ch00_p4-pl2-sample7-sperm5.tif 4 4 0.9604997707421472 
ch00_p4-pl2-sample7-sperm7.tif 4 4 0.8648913536516178 
ch00_p5-pl1-sample1-sperm12.tif 4 1 0.8270431667660537 
ch00_p5-pl1-sample1-sperm13.tif 4 4 0.9865311609130897 
ch00_p5-pl1-sample1-sperm15.tif 4 4 0.9982015872766214 
ch00_p5-pl1-sample1-sperm7.tif 4 4 0.9363309554115861 
ch00_p5-pl1-sample10-sperm7.tif 4 4 0.9060042403743488 
ch00_p5-pl1-sample12-sperm13.tif 4 4 0.9952024963802151 
ch00_p5-pl1-sample15-sperm2.tif 4 4 0.552920377162191 
ch00_p5-pl1-sample15-sperm3.tif 4 4 0.999998536158124 
ch00_p5-pl1-sample17-sperm13.tif 4 4 0.9540796231763868 
ch00_p5-pl1-sample17-sperm17.tif 4 4 0.9960437712069239 
ch00_p5-pl1-sample17-sperm2.tif 4 4 0.975520653947965 
ch00_p5-pl1-sample17-sperm5.tif 4 4 0.9749733148766015 
ch00_p5-pl1-sample17-sperm9.tif 4 1 0.9999966061563724 
ch00_p5-pl1-sample18-sperm3.tif 4 4 0.9999999993773274 
ch00_p5-pl1-sample19-sperm2.tif 4 4 0.9488921772345558 
ch00_p5-pl1-sample2-sperm13.tif 4 4 0.9999999961857239 
ch00_p5-pl1-sample20-sperm2.tif 4 4 0.9757419990910212 
ch00_p5-pl1-sample20-sperm6.tif 4 4 0.8937888330059034 
ch00_p5-pl1-sample3-sperm13.tif 4 4 0.8829672976853299 
ch00_p5-pl1-sample3-sperm21.tif 4 4 0.9612463273824047 
ch00_p5-pl1-sample5-sperm18.tif 4 0 0.9007428387931793 
ch00_p5-pl1-sample5-sperm9.tif 4 4 0.9968292141920342 
ch00_p5-pl1-sample6-sperm9.tif 4 4 0.6740054484386423 
ch00_p5-pl1-sample9-sperm4.tif 4 4 0.993153635286421 
