ch00_p1-pl2-sample1-sperm10.tif 0 0 0.3335010229695876 
ch00_p1-pl2-sample10-sperm10.tif 0 4 0.5731713568982333 
ch00_p1-pl2-sample13-sperm11.tif 0 4 0.5113138707793823 
ch00_p1-pl2-sample14-sperm10.tif 0 0 0.3163268325034888 
ch00_p1-pl2-sample3-sperm12.tif 0 4 0.4504980012778751 
ch00_p1-pl2-sample3-sperm7.tif 0 4 0.5117973022005987 
ch00_p1-pl3-sample1-sperm17.tif 0 0 0.2823913164000729 
ch00_p1-pl3-sample1-sperm3.tif 0 4 0.34869489010427496 
ch00_p1-pl3-sample10-sperm2.tif 0 4 0.45891426283038683 
ch00_p1-pl3-sample12-sperm1.tif 0 0 0.32811494589668777 
ch00_p1-pl3-sample16-sperm10.tif 0 4 0.3377216833010831 
ch00_p1-pl3-sample17-sperm3.tif 0 0 0.3594519058021037 
ch00_p1-pl3-sample2-sperm7.tif 0 0 0.41289152066786095 
ch00_p1-pl3-sample24-sperm4.tif 0 2 0.2552817122188821 
ch00_p1-pl3-sample6-sperm11.tif 0 4 0.43897893154946516 
ch00_p3-pl1-sample1-sperm1.tif 0 4 0.5438244430275938 
ch00_p3-pl1-sample14-sperm5.tif 0 0 0.27749720399161026 
ch00_p3-pl1-sample17-sperm7.tif 0 4 0.42339906610437555 
ch00_p3-pl1-sample25-sperm3.tif 0 4 0.5109981289166806 
ch00_p4-pl1-sample1-sperm13.tif 0 0 0.3396102693157505 
ch00_p4-pl1-sample1-sperm3.tif 0 4 0.535656864429391 
ch00_p4-pl1-sample10-sperm9.tif 0 4 0.3910737913818468 
ch00_p4-pl1-sample14-sperm1.tif 0 4 0.5810527407952449 
ch00_p4-pl1-sample14-sperm2.tif 0 4 0.3860809423164916 
ch00_p4-pl1-sample15-sperm6.tif 0 0 0.3137505050451566 
ch00_p4-pl1-sample19-sperm12.tif 0 4 0.49026682762780743 
ch00_p4-pl1-sample20-sperm7.tif 0 4 0.4931180144989744 
ch00_p4-pl1-sample9-sperm3.tif 0 4 0.3385975935292798 
ch00_p4-pl2-sample8-sperm5.tif 0 4 0.37842882119396154 
ch00_p5-pl1-sample8-sperm7.tif 0 3 0.29622712565791454 
ch00_p1-pl2-sample1-sperm6.tif 1 4 0.3965722615168287 
ch00_p1-pl2-sample10-sperm5.tif 1 4 0.5774260582453922 
ch00_p1-pl2-sample11-sperm12.tif 1 1 0.47223913816559865 
ch00_p1-pl2-sample13-sperm7.tif 1 4 0.5268766191438073 
ch00_p1-pl2-sample15-sperm3.tif 1 1 0.3005221022112258 
ch00_p1-pl2-sample17-sperm7.tif 1 1 0.3922777587109244 
ch00_p1-pl2-sample18-sperm1.tif 1 2 0.27528975728805505 
ch00_p1-pl2-sample19-sperm14.tif 1 1 0.24638099809004893 
ch00_p1-pl2-sample20-sperm7.tif 1 1 0.31275757462420506 
ch00_p1-pl2-sample21-sperm6.tif 1 4 0.519015465757264 
ch00_p1-pl2-sample21-sperm8.tif 1 4 0.47748205040836855 
ch00_p1-pl2-sample22-sperm1.tif 1 1 0.3954354935061924 
ch00_p1-pl2-sample22-sperm3.tif 1 2 0.29191679424220096 
ch00_p1-pl2-sample24-sperm6.tif 1 1 0.3035387171911769 
ch00_p1-pl2-sample25-sperm2.tif 1 1 0.40357800049946413 
ch00_p1-pl2-sample25-sperm8.tif 1 4 0.4277369458193122 
ch00_p1-pl2-sample29-sperm6.tif 1 4 0.4960883433813177 
ch00_p1-pl2-sample30-sperm5.tif 1 1 0.3305685617342438 
ch00_p1-pl2-sample30-sperm7.tif 1 4 0.6071834829427721 
ch00_p1-pl2-sample35-sperm2.tif 1 4 0.4513283170067634 
ch00_p1-pl2-sample35-sperm7.tif 1 1 0.42327619423381885 
ch00_p1-pl2-sample4-sperm11.tif 1 2 0.32360961223706036 
ch00_p1-pl2-sample4-sperm5.tif 1 1 0.4187085998942997 
ch00_p1-pl2-sample7-sperm9.tif 1 2 0.3073157820934678 
ch00_p1-pl2-sample9-sperm13.tif 1 4 0.38514028621859114 
ch00_p1-pl2-sample9-sperm2.tif 1 1 0.35408416828256334 
ch00_p1-pl3-sample1-sperm5.tif 1 1 0.28307551778551865 
ch00_p1-pl3-sample10-sperm6.tif 1 1 0.4120688026070621 
ch00_p1-pl3-sample11-sperm10.tif 1 1 0.3657789019960944 
ch00_p1-pl3-sample12-sperm5.tif 1 1 0.4487746179044187 
ch00_p1-pl3-sample12-sperm7.tif 1 4 0.2680688879334618 
ch00_p1-pl3-sample14-sperm8.tif 1 1 0.3539106197768929 
ch00_p1-pl3-sample16-sperm14.tif 1 1 0.2543845616587067 
ch00_p1-pl3-sample24-sperm17.tif 1 2 0.26671839750696114 
ch00_p1-pl3-sample5-sperm2.tif 1 4 0.6066281313667641 
ch00_p1-pl3-sample7-sperm12.tif 1 4 0.43946659829191487 
ch00_p3-pl1-sample10-sperm6.tif 1 1 0.4687578586259246 
ch00_p3-pl1-sample11-sperm2.tif 1 4 0.48708793634247016 
ch00_p3-pl1-sample12-sperm5.tif 1 1 0.40735777977792137 
ch00_p3-pl1-sample17-sperm2.tif 1 4 0.4278676134778079 
ch00_p3-pl1-sample17-sperm3.tif 1 1 0.3034539498709188 
ch00_p3-pl1-sample17-sperm4.tif 1 4 0.5129932026429167 
ch00_p3-pl1-sample18-sperm1.tif 1 0 0.27071617774229756 
ch00_p3-pl1-sample18-sperm3.tif 1 1 0.45480154649443677 
ch00_p3-pl1-sample19-sperm6.tif 1 4 0.5194775393361919 
ch00_p3-pl1-sample23-sperm4.tif 1 1 0.4341124666908717 
ch00_p3-pl1-sample26-sperm2.tif 1 4 0.5447523709757294 
ch00_p3-pl1-sample5-sperm1.tif 1 1 0.2567508569219175 
ch00_p3-pl1-sample5-sperm6.tif 1 1 0.3808696449035596 
ch00_p3-pl1-sample6-sperm5.tif 1 4 0.4510712998606167 
ch00_p3-pl1-sample7-sperm14.tif 1 1 0.31318783073168377 
ch00_p4-pl1-sample1-sperm2.tif 1 1 0.4537174974517938 
ch00_p4-pl1-sample11-sperm10.tif 1 1 0.3828860171905508 
ch00_p4-pl1-sample12-sperm5.tif 1 4 0.5146837534487431 
ch00_p4-pl1-sample19-sperm3.tif 1 1 0.287071326089723 
ch00_p4-pl1-sample3-sperm4.tif 1 1 0.27984979200223714 
ch00_p4-pl1-sample3-sperm8.tif 1 1 0.3558444953143537 
ch00_p4-pl1-sample7-sperm16.tif 1 1 0.3634735409658471 
ch00_p4-pl1-sample9-sperm16.tif 1 1 0.37915131503696137 
ch00_p4-pl2-sample11-sperm1.tif 1 4 0.49620205770835685 
ch00_p4-pl2-sample5-sperm7.tif 1 4 0.35961713566657505 
ch00_p4-pl2-sample8-sperm6.tif 1 4 0.29055286203718567 
ch00_p5-pl1-sample20-sperm3.tif 1 1 0.3600021266166576 
ch00_p5-pl1-sample5-sperm20.tif 1 4 0.3212271249642608 
ch00_p5-pl1-sample6-sperm13.tif 1 1 0.4535492612157559 
ch00_p5-pl1-sample6-sperm16.tif 1 1 0.4561717637853825 
ch00_p5-pl1-sample7-sperm10.tif 1 1 0.3978503140982662 
ch00_p5-pl1-sample8-sperm5.tif 1 1 0.5288951156381109 
ch00_p1-pl2-sample14-sperm5.tif 2 2 0.2546876520132937 
ch00_p1-pl2-sample17-sperm10.tif 2 4 0.35922607592862815 
ch00_p1-pl2-sample2-sperm6.tif 2 4 0.35118445816922345 
ch00_p1-pl2-sample2-sperm9.tif 2 4 0.3461645140383434 
ch00_p1-pl2-sample34-sperm5.tif 2 2 0.36436785556219775 
ch00_p1-pl2-sample6-sperm2.tif 2 2 0.35381563828812623 
ch00_p1-pl3-sample15-sperm14.tif 2 4 0.3176220297830799 
ch00_p1-pl3-sample17-sperm9.tif 2 2 0.4341554738670826 
ch00_p1-pl3-sample6-sperm9.tif 2 4 0.5831402129969336 
ch00_p1-pl3-sample7-sperm5.tif 2 0 0.2446672612879284 
ch00_p1-pl3-sample9-sperm4.tif 2 2 0.34205448862371807 
ch00_p3-pl1-sample14-sperm8.tif 2 4 0.47105252875475306 
ch00_p3-pl1-sample28-sperm5.tif 2 2 0.35308480582966484 
ch00_p4-pl1-sample12-sperm4.tif 2 2 0.2527847244048415 
ch00_p4-pl1-sample13-sperm4.tif 2 4 0.49725626255562005 
ch00_p4-pl1-sample14-sperm14.tif 2 4 0.43175030111592405 
ch00_p4-pl1-sample19-sperm7.tif 2 2 0.28506906549237676 
ch00_p4-pl1-sample3-sperm10.tif 2 2 0.3173302401438237 
ch00_p4-pl1-sample3-sperm7.tif 2 4 0.29095701951196895 
ch00_p4-pl1-sample4-sperm6.tif 2 0 0.28831786197766307 
ch00_p4-pl1-sample5-sperm5.tif 2 4 0.4824457424434221 
ch00_p4-pl2-sample11-sperm5.tif 2 2 0.2378821290559527 
ch00_p1-pl2-sample11-sperm3.tif 3 3 0.3780869916163847 
ch00_p1-pl2-sample15-sperm6.tif 3 3 0.4206229532986888 
ch00_p1-pl2-sample17-sperm8.tif 3 3 0.41780079745021914 
ch00_p1-pl2-sample5-sperm11.tif 3 4 0.44162559835208137 
ch00_p1-pl2-sample7-sperm4.tif 3 4 0.4936814318093808 
ch00_p1-pl3-sample13-sperm12.tif 3 4 0.4447508718421069 
ch00_p1-pl3-sample16-sperm16.tif 3 4 0.39089920221058494 
ch00_p1-pl3-sample23-sperm7.tif 3 4 0.47565184930799304 
ch00_p1-pl3-sample24-sperm1.tif 3 3 0.39490138580417655 
ch00_p1-pl3-sample4-sperm4.tif 3 4 0.5612069698181684 
ch00_p1-pl3-sample5-sperm10.tif 3 4 0.547121821574547 
ch00_p1-pl3-sample9-sperm6.tif 3 4 0.379959385845905 
ch00_p3-pl1-sample12-sperm3.tif 3 3 0.4484162892941108 
ch00_p3-pl1-sample14-sperm6.tif 3 4 0.5770724908792398 
ch00_p3-pl1-sample28-sperm2.tif 3 0 0.28300034009037045 
ch00_p4-pl1-sample11-sperm3.tif 3 3 0.3735807081579038 
ch00_p4-pl1-sample20-sperm4.tif 3 4 0.48349211928642144 
ch00_p4-pl1-sample9-sperm14.tif 3 3 0.3113587878873627 
ch00_p4-pl2-sample8-sperm3.tif 3 0 0.2998713757119057 
ch00_p5-pl1-sample1-sperm4.tif 3 4 0.3974794234627994 
ch00_p5-pl1-sample10-sperm3.tif 3 4 0.35440229041982974 
ch00_p1-pl2-sample1-sperm1.tif 4 2 0.30041451056275714 
ch00_p1-pl2-sample1-sperm12.tif 4 4 0.46074832952242833 
ch00_p1-pl2-sample1-sperm2.tif 4 4 0.5527013282036888 
ch00_p1-pl2-sample10-sperm15.tif 4 4 0.3760496436570298 
ch00_p1-pl2-sample11-sperm11.tif 4 4 0.4789654069613102 
ch00_p1-pl2-sample12-sperm10.tif 4 4 0.5301867502537074 
ch00_p1-pl2-sample12-sperm2.tif 4 1 0.3411695612203149 
ch00_p1-pl2-sample13-sperm1.tif 4 4 0.6310199943264666 
ch00_p1-pl2-sample13-sperm5.tif 4 2 0.2927135672929682 
ch00_p1-pl2-sample14-sperm3.tif 4 4 0.305995758153841 
ch00_p1-pl2-sample16-sperm7.tif 4 4 0.38509393499217753 
ch00_p1-pl2-sample2-sperm11.tif 4 4 0.4151892269519478 
ch00_p1-pl2-sample23-sperm13.tif 4 4 0.45239363357360973 
ch00_p1-pl2-sample23-sperm17.tif 4 4 0.36521877115549506 
ch00_p1-pl2-sample24-sperm10.tif 4 4 0.3459165003758573 
ch00_p1-pl2-sample24-sperm13.tif 4 4 0.4697138370725305 
ch00_p1-pl2-sample26-sperm4.tif 4 4 0.41240151059115226 
ch00_p1-pl2-sample28-sperm8.tif 4 4 0.39937025265032544 
ch00_p1-pl2-sample3-sperm6.tif 4 2 0.32391943091707914 
ch00_p1-pl2-sample30-sperm6.tif 4 4 0.515901879487722 
ch00_p1-pl2-sample31-sperm3.tif 4 4 0.47597754893987193 
ch00_p1-pl2-sample32-sperm1.tif 4 2 0.2777953655118069 
ch00_p1-pl2-sample32-sperm5.tif 4 4 0.49904579571311214 
ch00_p1-pl2-sample32-sperm8.tif 4 4 0.40208792084073397 
ch00_p1-pl2-sample33-sperm3.tif 4 4 0.37296165509065193 
ch00_p1-pl2-sample33-sperm4.tif 4 4 0.6053496895558735 
ch00_p1-pl2-sample33-sperm7.tif 4 4 0.3803451423648753 
ch00_p1-pl2-sample35-sperm10.tif 4 1 0.35621881812587536 
ch00_p1-pl2-sample35-sperm12.tif 4 3 0.21963087721599694 
ch00_p1-pl2-sample4-sperm16.tif 4 4 0.40698744543917226 
ch00_p1-pl2-sample5-sperm12.tif 4 0 0.26872224022531666 
ch00_p1-pl2-sample5-sperm13.tif 4 1 0.2895197581281665 
ch00_p1-pl2-sample5-sperm7.tif 4 4 0.5253901884500748 
ch00_p1-pl2-sample7-sperm1.tif 4 4 0.5330820529001945 
ch00_p1-pl2-sample7-sperm5.tif 4 4 0.3286242834472495 
ch00_p1-pl2-sample8-sperm5.tif 4 3 0.2606042449380037 
ch00_p1-pl3-sample12-sperm10.tif 4 1 0.27818586604111595 
ch00_p1-pl3-sample12-sperm14.tif 4 1 0.36965827200931994 
ch00_p1-pl3-sample12-sperm17.tif 4 4 0.35365578086841193 
ch00_p1-pl3-sample12-sperm20.tif 4 4 0.401624948348962 
ch00_p1-pl3-sample12-sperm3.tif 4 4 0.5133097727445134 
ch00_p1-pl3-sample13-sperm5.tif 4 1 0.3368061998027179 
ch00_p1-pl3-sample14-sperm11.tif 4 1 0.24510119344330455 
ch00_p1-pl3-sample14-sperm13.tif 4 0 0.3279421834307303 
ch00_p1-pl3-sample14-sperm7.tif 4 4 0.3239008180173083 
ch00_p1-pl3-sample15-sperm12.tif 4 4 0.3441824354585777 
ch00_p1-pl3-sample15-sperm20.tif 4 4 0.3753573417817032 
ch00_p1-pl3-sample15-sperm3.tif 4 3 0.34789444229785715 
ch00_p1-pl3-sample15-sperm5.tif 4 2 0.24633698200264317 
ch00_p1-pl3-sample15-sperm7.tif 4 4 0.3805404902549207 
ch00_p1-pl3-sample15-sperm9.tif 4 4 0.4196687991465848 
ch00_p1-pl3-sample18-sperm6.tif 4 4 0.4251921658188152 
ch00_p1-pl3-sample19-sperm2.tif 4 4 0.31885186849657915 
ch00_p1-pl3-sample2-sperm12.tif 4 0 0.2781649543872604 
ch00_p1-pl3-sample2-sperm14.tif 4 2 0.2715599620164719 
ch00_p1-pl3-sample20-sperm12.tif 4 4 0.5921089406657848 
ch00_p1-pl3-sample20-sperm8.tif 4 4 0.39606713096033463 
ch00_p1-pl3-sample21-sperm4.tif 4 4 0.46463342860049045 
ch00_p1-pl3-sample21-sperm5.tif 4 4 0.3649011454532825 
ch00_p1-pl3-sample21-sperm6.tif 4 0 0.29452001464157745 
ch00_p1-pl3-sample22-sperm3.tif 4 4 0.4536945439023268 
ch00_p1-pl3-sample22-sperm6.tif 4 3 0.3910118754571012 
ch00_p1-pl3-sample22-sperm9.tif 4 4 0.5772177496095854 
ch00_p1-pl3-sample23-sperm11.tif 4 2 0.3078720854783093 
ch00_p1-pl3-sample23-sperm2.tif 4 4 0.40777711341802714 
ch00_p1-pl3-sample23-sperm3.tif 4 4 0.27440090270526174 
ch00_p1-pl3-sample24-sperm22.tif 4 4 0.4121469966168522 
ch00_p1-pl3-sample24-sperm8.tif 4 4 0.408851165168764 
ch00_p1-pl3-sample24-sperm9.tif 4 2 0.35749577750658734 
ch00_p1-pl3-sample25-sperm1.tif 4 4 0.4342792031305127 
ch00_p1-pl3-sample25-sperm11.tif 4 0 0.3048501193277184 
ch00_p1-pl3-sample3-sperm4.tif 4 4 0.40924610776908704 
ch00_p1-pl3-sample3-sperm5.tif 4 4 0.35938581152665117 
ch00_p1-pl3-sample4-sperm8.tif 4 1 0.3791185589243103 
ch00_p1-pl3-sample5-sperm14.tif 4 4 0.4678456056673795 
ch00_p1-pl3-sample7-sperm3.tif 4 4 0.5946979999513614 
ch00_p1-pl3-sample8-sperm17.tif 4 0 0.2690152951996095 
ch00_p1-pl3-sample8-sperm6.tif 4 4 0.33088864623871167 
ch00_p1-pl3-sample9-sperm5.tif 4 4 0.4533989294122809 
ch00_p3-pl1-sample11-sperm5.tif 4 4 0.27085528633544353 
ch00_p3-pl1-sample15-sperm4.tif 4 4 0.4032302608702766 
ch00_p3-pl1-sample19-sperm3.tif 4 4 0.33677934647784913 
ch00_p3-pl1-sample19-sperm8.tif 4 4 0.3653664274987663 
ch00_p3-pl1-sample2-sperm6.tif 4 4 0.4859170813311922 
ch00_p3-pl1-sample23-sperm2.tif 4 4 0.47638462235779144 
ch00_p3-pl1-sample25-sperm2.tif 4 4 0.526302206383002 
ch00_p3-pl1-sample26-sperm7.tif 4 4 0.525613711144577 
ch00_p3-pl1-sample29-sperm4.tif 4 4 0.49869131732673083 
ch00_p3-pl1-sample3-sperm9.tif 4 1 0.371458403065608 
ch00_p3-pl1-sample30-sperm4.tif 4 4 0.429523189959495 
ch00_p3-pl1-sample30-sperm5.tif 4 1 0.2285749430173547 
ch00_p3-pl1-sample31-sperm7.tif 4 4 0.29059394482302187 
ch00_p3-pl1-sample32-sperm2.tif 4 4 0.36300477685820703 
ch00_p3-pl1-sample32-sperm6.tif 4 1 0.3046593164100505 
ch00_p3-pl1-sample7-sperm1.tif 4 3 0.2718084330754655 
ch00_p3-pl1-sample7-sperm11.tif 4 4 0.4504131712653429 
ch00_p3-pl1-sample7-sperm13.tif 4 0 0.2604692423772877 
ch00_p4-pl1-sample1-sperm1.tif 4 0 0.3177621596662462 
ch00_p4-pl1-sample1-sperm12.tif 4 4 0.3544010705756708 
ch00_p4-pl1-sample10-sperm22.tif 4 1 0.27536292250543504 
ch00_p4-pl1-sample11-sperm2.tif 4 4 0.4558713650573982 
ch00_p4-pl1-sample12-sperm11.tif 4 4 0.45032386792703694 
ch00_p4-pl1-sample12-sperm3.tif 4 4 0.5595797800637797 
ch00_p4-pl1-sample12-sperm8.tif 4 4 0.31944146486916175 
ch00_p4-pl1-sample13-sperm5.tif 4 4 0.37594647382800245 
ch00_p4-pl1-sample14-sperm4.tif 4 0 0.3170520931859638 
ch00_p4-pl1-sample14-sperm7.tif 4 4 0.4819968548228961 
ch00_p4-pl1-sample16-sperm1.tif 4 1 0.38301681788974795 
ch00_p4-pl1-sample16-sperm16.tif 4 4 0.5311596503158807 
ch00_p4-pl1-sample16-sperm17.tif 4 4 0.4944716773389946 
ch00_p4-pl1-sample17-sperm5.tif 4 4 0.3104613076831664 
ch00_p4-pl1-sample18-sperm5.tif 4 4 0.3505362352351788 
ch00_p4-pl1-sample19-sperm6.tif 4 4 0.4440715165252809 
ch00_p4-pl1-sample2-sperm12.tif 4 4 0.5711140795098225 
ch00_p4-pl1-sample2-sperm3.tif 4 4 0.4896209164322266 
ch00_p4-pl1-sample2-sperm9.tif 4 1 0.45989913826262285 
ch00_p4-pl1-sample20-sperm11.tif 4 4 0.4460677125829388 
ch00_p4-pl1-sample20-sperm5.tif 4 2 0.3088311969534967 
ch00_p4-pl1-sample20-sperm9.tif 4 4 0.3510524418762854 
ch00_p4-pl1-sample4-sperm10.tif 4 4 0.4401011010317053 
ch00_p4-pl1-sample4-sperm11.tif 4 4 0.4996251253385375 
ch00_p4-pl1-sample4-sperm16.tif 4 4 0.49044940841888907 
ch00_p4-pl1-sample4-sperm9.tif 4 4 0.4215459704102538 
ch00_p4-pl1-sample5-sperm1.tif 4 2 0.254654545774689 
ch00_p4-pl1-sample5-sperm7.tif 4 0 0.3390576748579354 
ch00_p4-pl1-sample5-sperm9.tif 4 4 0.4417584347993139 
ch00_p4-pl1-sample7-sperm13.tif 4 4 0.5887956447641866 
ch00_p4-pl1-sample7-sperm3.tif 4 4 0.34408880849891804 
ch00_p4-pl1-sample8-sperm12.tif 4 4 0.43702109085603214 
ch00_p4-pl1-sample8-sperm2.tif 4 0 0.30204163772632725 
ch00_p4-pl1-sample8-sperm3.tif 4 4 0.3753958179844092 
ch00_p4-pl1-sample9-sperm11.tif 4 1 0.3576645388957568 
ch00_p4-pl1-sample9-sperm17.tif 4 4 0.38394885549640106 
ch00_p4-pl2-sample1-sperm1.tif 4 4 0.5863932025656056 
ch00_p4-pl2-sample10-sperm11.tif 4 4 0.5498753263030915 
ch00_p4-pl2-sample10-sperm5.tif 4 0 0.26853567560617925 
ch00_p4-pl2-sample10-sperm7.tif 4 4 0.45366503004564657 
ch00_p4-pl2-sample11-sperm2.tif 4 4 0.32994414070929656 
ch00_p4-pl2-sample11-sperm4.tif 4 4 0.38504029330378214 
ch00_p4-pl2-sample12-sperm10.tif 4 0 0.3937028840584792 
ch00_p4-pl2-sample12-sperm11.tif 4 2 0.2844812284369503 
ch00_p4-pl2-sample12-sperm4.tif 4 4 0.5655949792424019 
ch00_p4-pl2-sample12-sperm9.tif 4 4 0.39933428070932114 
ch00_p4-pl2-sample13-sperm5.tif 4 2 0.26025206568432735 
ch00_p4-pl2-sample14-sperm10.tif 4 0 0.3959116333538148 
ch00_p4-pl2-sample14-sperm6.tif 4 4 0.36651866908645087 
ch00_p4-pl2-sample14-sperm8.tif 4 2 0.2920827729249992 
ch00_p4-pl2-sample14-sperm9.tif 4 1 0.4236760928678356 
ch00_p4-pl2-sample15-sperm7.tif 4 4 0.46486107264504395 
ch00_p4-pl2-sample16-sperm7.tif 4 4 0.4637305223278151 
ch00_p4-pl2-sample16-sperm8.tif 4 4 0.3803077115249127 
ch00_p4-pl2-sample18-sperm3.tif 4 3 0.3237599788865444 
ch00_p4-pl2-sample18-sperm8.tif 4 1 0.40767718002216824 
ch00_p4-pl2-sample18-sperm9.tif 4 4 0.5242120973388125 
ch00_p4-pl2-sample19-sperm4.tif 4 4 0.49488066709016076 
ch00_p4-pl2-sample19-sperm8.tif 4 4 0.5822913234205467 
ch00_p4-pl2-sample2-sperm1.tif 4 4 0.4599526345940204 
ch00_p4-pl2-sample2-sperm10.tif 4 4 0.44333687953485734 
ch00_p4-pl2-sample2-sperm2.tif 4 4 0.4796403069055985 
ch00_p4-pl2-sample2-sperm3.tif 4 1 0.43987244587396374 
ch00_p4-pl2-sample20-sperm2.tif 4 4 0.525167609134648 
ch00_p4-pl2-sample20-sperm3.tif 4 4 0.42005279404014306 
ch00_p4-pl2-sample3-sperm2.tif 4 1 0.2386134716096562 
ch00_p4-pl2-sample3-sperm3.tif 4 4 0.36122726445481423 
ch00_p4-pl2-sample3-sperm6.tif 4 1 0.38394985984124347 
ch00_p4-pl2-sample5-sperm5.tif 4 4 0.47333623137828906 
ch00_p4-pl2-sample6-sperm2.tif 4 4 0.5203469640530981 
ch00_p4-pl2-sample6-sperm5.tif 4 4 0.39223008630039274 
ch00_p4-pl2-sample6-sperm6.tif 4 2 0.31429385475595245 
ch00_p4-pl2-sample7-sperm3.tif 4 0 0.36844953275892134 
ch00_p4-pl2-sample7-sperm5.tif 4 4 0.46282081276840387 
ch00_p4-pl2-sample7-sperm7.tif 4 4 0.3824927070628352 
ch00_p5-pl1-sample1-sperm12.tif 4 1 0.41913549850252696 
ch00_p5-pl1-sample1-sperm13.tif 4 4 0.4277662220161244 
ch00_p5-pl1-sample1-sperm15.tif 4 4 0.49369560600181506 
ch00_p5-pl1-sample1-sperm7.tif 4 3 0.2515226695679825 
ch00_p5-pl1-sample10-sperm7.tif 4 4 0.5108938703829723 
ch00_p5-pl1-sample12-sperm13.tif 4 4 0.4839595153752915 
ch00_p5-pl1-sample15-sperm2.tif 4 4 0.35587317329920015 
ch00_p5-pl1-sample15-sperm3.tif 4 4 0.47975140085499746 
ch00_p5-pl1-sample17-sperm13.tif 4 4 0.474949023771768 
ch00_p5-pl1-sample17-sperm17.tif 4 4 0.49758850703011775 
ch00_p5-pl1-sample17-sperm2.tif 4 4 0.36212157475748724 
ch00_p5-pl1-sample17-sperm5.tif 4 4 0.3900869407641879 
ch00_p5-pl1-sample17-sperm9.tif 4 1 0.3858321004089856 
ch00_p5-pl1-sample18-sperm3.tif 4 4 0.4229375494198124 
ch00_p5-pl1-sample19-sperm2.tif 4 4 0.35608074533346706 
ch00_p5-pl1-sample2-sperm13.tif 4 4 0.40891366785759337 
ch00_p5-pl1-sample20-sperm2.tif 4 4 0.4953537664597102 
ch00_p5-pl1-sample20-sperm6.tif 4 1 0.3109171583775748 
ch00_p5-pl1-sample3-sperm13.tif 4 4 0.502583686167141 
ch00_p5-pl1-sample3-sperm21.tif 4 4 0.42757658862715536 
ch00_p5-pl1-sample5-sperm18.tif 4 4 0.4010433035266805 
ch00_p5-pl1-sample5-sperm9.tif 4 1 0.3592873073429284 
ch00_p5-pl1-sample6-sperm9.tif 4 3 0.2985486978856697 
ch00_p5-pl1-sample9-sperm4.tif 4 4 0.4661360431231959 
