ch00_p1-pl2-sample1-sperm10.tif 0 0 0.9958275325492533 
ch00_p1-pl2-sample1-sperm3.tif 0 0 0.9831805846970089 
ch00_p1-pl2-sample10-sperm4.tif 0 0 0.698069395155903 
ch00_p1-pl2-sample13-sperm11.tif 0 0 0.8664794053298593 
ch00_p1-pl2-sample3-sperm12.tif 0 0 0.5530429038151452 
ch00_p1-pl2-sample3-sperm4.tif 0 3 0.9911689743724998 
ch00_p1-pl2-sample30-sperm2.tif 0 0 0.8880734037913844 
ch00_p1-pl2-sample32-sperm3.tif 0 0 0.9583560083247864 
ch00_p1-pl2-sample4-sperm7.tif 0 3 0.48420857741883644 
ch00_p1-pl2-sample5-sperm3.tif 0 4 0.6051920698899225 
ch00_p1-pl3-sample1-sperm2.tif 0 0 0.5900420414451998 
ch00_p1-pl3-sample13-sperm14.tif 0 4 0.7058678226912382 
ch00_p1-pl3-sample2-sperm7.tif 0 0 0.9815861556404516 
ch00_p1-pl3-sample22-sperm5.tif 0 4 0.6626845841186159 
ch00_p3-pl1-sample21-sperm2.tif 0 3 0.84230136319727 
ch00_p3-pl1-sample25-sperm13.tif 0 0 0.9803456510779012 
ch00_p4-pl1-sample10-sperm7.tif 0 0 0.5179712653605991 
ch00_p4-pl1-sample13-sperm6.tif 0 3 0.9321442978016693 
ch00_p4-pl1-sample14-sperm1.tif 0 4 0.7623614301207545 
ch00_p4-pl1-sample14-sperm2.tif 0 4 0.7007964551380004 
ch00_p4-pl1-sample15-sperm6.tif 0 3 0.5347413896120017 
ch00_p4-pl1-sample17-sperm9.tif 0 0 0.7753917544981238 
ch00_p4-pl1-sample2-sperm11.tif 0 0 0.9083071484919764 
ch00_p4-pl1-sample20-sperm7.tif 0 0 0.4567784576454914 
ch00_p4-pl1-sample9-sperm5.tif 0 4 0.9823699551774685 
ch00_p4-pl2-sample14-sperm7.tif 0 4 0.7327695990081704 
ch00_p4-pl2-sample17-sperm5.tif 0 0 0.8725718795676579 
ch00_p5-pl1-sample5-sperm12.tif 0 0 0.6133772533411357 
ch00_p5-pl1-sample5-sperm3.tif 0 0 0.7018302775447602 
ch00_p5-pl1-sample7-sperm9.tif 0 4 0.7086057132792951 
ch00_p1-pl2-sample1-sperm6.tif 1 0 0.8037206900904733 
ch00_p1-pl2-sample10-sperm5.tif 1 4 0.9932408477314646 
ch00_p1-pl2-sample11-sperm12.tif 1 1 0.9094034224535549 
ch00_p1-pl2-sample11-sperm2.tif 1 1 0.9915929786017658 
ch00_p1-pl2-sample11-sperm4.tif 1 4 0.996270389460786 
ch00_p1-pl2-sample12-sperm3.tif 1 1 0.9895426507715886 
ch00_p1-pl2-sample13-sperm18.tif 1 1 0.9762061145954127 
ch00_p1-pl2-sample15-sperm3.tif 1 4 0.5578634759462638 
ch00_p1-pl2-sample18-sperm1.tif 1 1 0.9771187709463097 
ch00_p1-pl2-sample18-sperm10.tif 1 4 0.669698258430609 
ch00_p1-pl2-sample18-sperm3.tif 1 1 0.8815228220083143 
ch00_p1-pl2-sample19-sperm10.tif 1 1 0.8638985492302921 
ch00_p1-pl2-sample19-sperm14.tif 1 1 0.6524715749458412 
ch00_p1-pl2-sample2-sperm3.tif 1 4 0.9999995050335977 
ch00_p1-pl2-sample2-sperm4.tif 1 4 0.9861186522679404 
ch00_p1-pl2-sample20-sperm13.tif 1 1 0.9620127076209001 
ch00_p1-pl2-sample21-sperm3.tif 1 1 0.9322888775309953 
ch00_p1-pl2-sample21-sperm9.tif 1 1 0.6140235007798739 
ch00_p1-pl2-sample22-sperm3.tif 1 1 0.6891995815594258 
ch00_p1-pl2-sample22-sperm6.tif 1 1 0.9261141683007015 
ch00_p1-pl2-sample25-sperm8.tif 1 4 0.5349450780595465 
ch00_p1-pl2-sample29-sperm6.tif 1 1 0.8769294110457895 
ch00_p1-pl2-sample29-sperm8.tif 1 1 0.998251366293173 
ch00_p1-pl2-sample30-sperm7.tif 1 4 0.9947384366858666 
ch00_p1-pl2-sample32-sperm2.tif 1 0 0.6455084477261338 
ch00_p1-pl2-sample32-sperm6.tif 1 4 0.9816646027050179 
ch00_p1-pl2-sample4-sperm5.tif 1 1 0.9945047558777442 
ch00_p1-pl2-sample4-sperm8.tif 1 4 0.9627564202720957 
ch00_p1-pl2-sample6-sperm10.tif 1 1 0.9986421103671563 
ch00_p1-pl2-sample6-sperm3.tif 1 1 0.9846857866676823 
ch00_p1-pl2-sample6-sperm4.tif 1 1 0.9966607348347052 
ch00_p1-pl2-sample7-sperm11.tif 1 1 0.9553419019687989 
ch00_p1-pl2-sample8-sperm1.tif 1 4 0.9603242130328209 
ch00_p1-pl2-sample8-sperm3.tif 1 1 0.8928148515793876 
ch00_p1-pl2-sample9-sperm12.tif 1 4 0.8440689771369028 
ch00_p1-pl2-sample9-sperm2.tif 1 1 0.9917338694718308 
ch00_p1-pl3-sample10-sperm6.tif 1 1 0.9945243844491185 
ch00_p1-pl3-sample12-sperm2.tif 1 4 0.9681157768140366 
ch00_p1-pl3-sample12-sperm5.tif 1 1 0.9583563472155732 
ch00_p1-pl3-sample12-sperm7.tif 1 1 0.5652005760969702 
ch00_p1-pl3-sample15-sperm21.tif 1 1 0.8914563792672403 
ch00_p1-pl3-sample16-sperm13.tif 1 4 0.6500647498307393 
ch00_p1-pl3-sample18-sperm3.tif 1 1 0.7871966825008252 
ch00_p1-pl3-sample6-sperm16.tif 1 4 0.6619108665275228 
ch00_p3-pl1-sample10-sperm2.tif 1 1 0.9978006817627684 
ch00_p3-pl1-sample27-sperm2.tif 1 1 0.9996853275587918 
ch00_p3-pl1-sample27-sperm5.tif 1 1 0.9981923084406124 
ch00_p3-pl1-sample31-sperm6.tif 1 1 0.941122395687464 
ch00_p3-pl1-sample4-sperm2.tif 1 1 0.9984972143757295 
ch00_p3-pl1-sample5-sperm1.tif 1 1 0.6956439835341192 
ch00_p3-pl1-sample7-sperm14.tif 1 4 0.6594475876868112 
ch00_p4-pl1-sample1-sperm11.tif 1 1 0.803569255233248 
ch00_p4-pl1-sample10-sperm18.tif 1 1 0.9978954998406304 
ch00_p4-pl1-sample17-sperm3.tif 1 4 0.9720443284696322 
ch00_p4-pl1-sample19-sperm3.tif 1 1 0.9878746143346302 
ch00_p4-pl1-sample6-sperm5.tif 1 1 0.420431133022917 
ch00_p4-pl1-sample7-sperm18.tif 1 4 0.5775673601180492 
ch00_p4-pl2-sample8-sperm6.tif 1 1 0.4689352315137093 
ch00_p5-pl1-sample11-sperm5.tif 1 1 0.9320328079243392 
ch00_p5-pl1-sample12-sperm17.tif 1 1 0.6530176484775643 
ch00_p5-pl1-sample14-sperm5.tif 1 4 0.9898084054864591 
ch00_p5-pl1-sample4-sperm1.tif 1 1 0.7397210575104751 
ch00_p5-pl1-sample4-sperm9.tif 1 0 0.976213193628788 
ch00_p5-pl1-sample5-sperm16.tif 1 1 0.6641603253455377 
ch00_p5-pl1-sample6-sperm13.tif 1 1 0.9877530589775437 
ch00_p5-pl1-sample7-sperm6.tif 1 4 0.7489507156440224 
ch00_p5-pl1-sample7-sperm7.tif 1 1 0.9243955591330631 
ch00_p5-pl1-sample8-sperm5.tif 1 1 0.9933278503310425 
ch00_p1-pl2-sample13-sperm4.tif 2 4 0.9867983411052019 
ch00_p1-pl2-sample2-sperm6.tif 2 1 0.7358844165063894 
ch00_p1-pl2-sample23-sperm9.tif 2 4 0.9976967563864605 
ch00_p1-pl2-sample35-sperm6.tif 2 4 0.9999975515511658 
ch00_p1-pl2-sample8-sperm4.tif 2 1 0.9618320130299134 
ch00_p1-pl3-sample1-sperm9.tif 2 4 0.5772616627418679 
ch00_p1-pl3-sample11-sperm7.tif 2 4 0.818395943472172 
ch00_p1-pl3-sample15-sperm14.tif 2 2 0.9753285913694568 
ch00_p1-pl3-sample17-sperm9.tif 2 2 0.8488679712561995 
ch00_p1-pl3-sample20-sperm4.tif 2 2 0.7284284041851755 
ch00_p1-pl3-sample6-sperm17.tif 2 4 0.5885175794255567 
ch00_p1-pl3-sample6-sperm2.tif 2 4 0.8292275147829562 
ch00_p1-pl3-sample7-sperm13.tif 2 0 0.9599119261201667 
ch00_p1-pl3-sample7-sperm5.tif 2 2 0.7296206657986788 
ch00_p3-pl1-sample25-sperm7.tif 2 1 0.9861022470713737 
ch00_p3-pl1-sample29-sperm10.tif 2 2 0.3954670078604207 
ch00_p4-pl1-sample12-sperm4.tif 2 4 0.939113686570988 
ch00_p4-pl1-sample19-sperm4.tif 2 2 0.6327726075639947 
ch00_p4-pl1-sample3-sperm10.tif 2 2 0.9212621649729472 
ch00_p4-pl1-sample4-sperm6.tif 2 2 0.8674202305932903 
ch00_p4-pl1-sample5-sperm10.tif 2 2 0.9775707201405798 
ch00_p4-pl2-sample11-sperm5.tif 2 4 0.8708776085215453 
ch00_p1-pl2-sample13-sperm13.tif 3 3 0.4116390335065606 
ch00_p1-pl2-sample15-sperm6.tif 3 3 0.9914231418850309 
ch00_p1-pl2-sample18-sperm4.tif 3 3 0.9675523585392335 
ch00_p1-pl2-sample21-sperm7.tif 3 3 0.6575496893586117 
ch00_p1-pl2-sample22-sperm10.tif 3 4 0.9999977670902523 
ch00_p1-pl2-sample22-sperm2.tif 3 3 0.8127270266332781 
ch00_p1-pl2-sample23-sperm8.tif 3 3 0.9287825086599977 
ch00_p1-pl2-sample31-sperm1.tif 3 3 0.6660054788949308 
ch00_p1-pl2-sample4-sperm12.tif 3 4 0.9999969460787483 
ch00_p1-pl3-sample10-sperm9.tif 3 3 0.935275494844834 
ch00_p1-pl3-sample21-sperm7.tif 3 3 0.9944636161102938 
ch00_p1-pl3-sample23-sperm16.tif 3 4 0.9981564598616713 
ch00_p1-pl3-sample23-sperm7.tif 3 3 0.8233464532399639 
ch00_p1-pl3-sample25-sperm14.tif 3 3 0.9955168060009014 
ch00_p1-pl3-sample9-sperm9.tif 3 3 0.9862104680380348 
ch00_p3-pl1-sample1-sperm3.tif 3 0 0.9583459919491278 
ch00_p3-pl1-sample12-sperm3.tif 3 3 0.9975604617953843 
ch00_p3-pl1-sample28-sperm2.tif 3 1 0.5315121152239386 
ch00_p3-pl1-sample32-sperm1.tif 3 3 0.8132607782029965 
ch00_p4-pl1-sample20-sperm4.tif 3 4 0.7110377352067044 
ch00_p4-pl2-sample12-sperm8.tif 3 3 0.9536044232925971 
ch00_p1-pl2-sample1-sperm4.tif 4 1 0.7021810091754022 
ch00_p1-pl2-sample10-sperm16.tif 4 0 0.9923019740230618 
ch00_p1-pl2-sample12-sperm1.tif 4 4 0.9955970663165704 
ch00_p1-pl2-sample12-sperm10.tif 4 4 0.9925071208067777 
ch00_p1-pl2-sample12-sperm11.tif 4 4 0.7797701800038832 
ch00_p1-pl2-sample12-sperm8.tif 4 4 0.8436754034299992 
ch00_p1-pl2-sample13-sperm1.tif 4 1 0.7468834629508859 
ch00_p1-pl2-sample13-sperm2.tif 4 0 0.7560935887492565 
ch00_p1-pl2-sample13-sperm5.tif 4 3 0.741603224757085 
ch00_p1-pl2-sample14-sperm4.tif 4 1 0.5803365762268261 
ch00_p1-pl2-sample16-sperm5.tif 4 4 0.5761463458714403 
ch00_p1-pl2-sample16-sperm7.tif 4 4 0.9036406722438217 
ch00_p1-pl2-sample20-sperm10.tif 4 2 0.8894083852969958 
ch00_p1-pl2-sample22-sperm11.tif 4 4 0.9984620888527693 
ch00_p1-pl2-sample23-sperm16.tif 4 4 0.9005416161305593 
ch00_p1-pl2-sample23-sperm17.tif 4 0 0.5227856021410631 
ch00_p1-pl2-sample24-sperm10.tif 4 0 0.6627445001082993 
ch00_p1-pl2-sample24-sperm13.tif 4 4 0.5783716748195051 
ch00_p1-pl2-sample28-sperm1.tif 4 3 0.7480744727157195 
ch00_p1-pl2-sample28-sperm3.tif 4 2 0.7298164443838447 
ch00_p1-pl2-sample3-sperm8.tif 4 4 0.642767940977242 
ch00_p1-pl2-sample30-sperm4.tif 4 4 0.9999999139089473 
ch00_p1-pl2-sample30-sperm6.tif 4 4 0.992538981601559 
ch00_p1-pl2-sample31-sperm3.tif 4 1 0.7561505540276975 
ch00_p1-pl2-sample32-sperm1.tif 4 2 0.9654575829147419 
ch00_p1-pl2-sample32-sperm11.tif 4 4 0.9999998877125954 
ch00_p1-pl2-sample32-sperm5.tif 4 3 0.827668373445411 
ch00_p1-pl2-sample33-sperm2.tif 4 4 0.6525122596328569 
ch00_p1-pl2-sample33-sperm3.tif 4 2 0.881318259950792 
ch00_p1-pl2-sample34-sperm7.tif 4 1 0.6719279264731163 
ch00_p1-pl2-sample35-sperm12.tif 4 4 0.9626086260773561 
ch00_p1-pl2-sample35-sperm8.tif 4 4 0.9806695091626899 
ch00_p1-pl2-sample4-sperm4.tif 4 4 0.9999993073968131 
ch00_p1-pl2-sample9-sperm18.tif 4 0 0.6249534862029117 
ch00_p1-pl2-sample9-sperm4.tif 4 4 0.7508581732844727 
ch00_p1-pl3-sample1-sperm13.tif 4 4 0.999997715151939 
ch00_p1-pl3-sample1-sperm14.tif 4 0 0.9948569002790563 
ch00_p1-pl3-sample12-sperm16.tif 4 3 0.7760363106276541 
ch00_p1-pl3-sample12-sperm3.tif 4 4 0.5325900383843901 
ch00_p1-pl3-sample12-sperm6.tif 4 0 0.9435955604592409 
ch00_p1-pl3-sample12-sperm8.tif 4 4 0.993690345139295 
ch00_p1-pl3-sample13-sperm5.tif 4 1 0.9859686355546298 
ch00_p1-pl3-sample13-sperm8.tif 4 4 0.9399736776775487 
ch00_p1-pl3-sample14-sperm16.tif 4 4 0.7215069753728267 
ch00_p1-pl3-sample15-sperm20.tif 4 0 0.9423948235471193 
ch00_p1-pl3-sample15-sperm3.tif 4 3 0.8225943724992958 
ch00_p1-pl3-sample15-sperm7.tif 4 0 0.8399874665691192 
ch00_p1-pl3-sample16-sperm17.tif 4 4 0.9927716949551244 
ch00_p1-pl3-sample16-sperm8.tif 4 4 0.8012626396529275 
ch00_p1-pl3-sample17-sperm11.tif 4 4 0.9999999989124625 
ch00_p1-pl3-sample19-sperm8.tif 4 0 0.9808048413977242 
ch00_p1-pl3-sample2-sperm10.tif 4 0 0.5191199578558408 
ch00_p1-pl3-sample2-sperm12.tif 4 0 0.7911404039262554 
ch00_p1-pl3-sample20-sperm12.tif 4 4 0.9688952304101022 
ch00_p1-pl3-sample21-sperm1.tif 4 4 0.9893668390086527 
ch00_p1-pl3-sample21-sperm11.tif 4 1 0.6475424231057935 
ch00_p1-pl3-sample21-sperm12.tif 4 4 0.9961736485724183 
ch00_p1-pl3-sample23-sperm19.tif 4 4 0.9341598715633143 
ch00_p1-pl3-sample23-sperm3.tif 4 4 0.6801757102581204 
ch00_p1-pl3-sample24-sperm22.tif 4 4 0.50370365696387 
ch00_p1-pl3-sample24-sperm23.tif 4 4 0.9926862343527127 
ch00_p1-pl3-sample24-sperm24.tif 4 4 0.9975799879831414 
ch00_p1-pl3-sample24-sperm5.tif 4 1 0.8978025539715357 
ch00_p1-pl3-sample24-sperm9.tif 4 2 0.9889120395877516 
ch00_p1-pl3-sample25-sperm1.tif 4 4 0.6316313242013892 
ch00_p1-pl3-sample25-sperm13.tif 4 4 0.9965271268638876 
ch00_p1-pl3-sample25-sperm9.tif 4 0 0.487109117374712 
ch00_p1-pl3-sample3-sperm2.tif 4 3 0.7747499078367018 
ch00_p1-pl3-sample3-sperm5.tif 4 4 0.6342819028386705 
ch00_p1-pl3-sample3-sperm8.tif 4 0 0.5443545338209579 
ch00_p1-pl3-sample4-sperm3.tif 4 3 0.9998896897965034 
ch00_p1-pl3-sample5-sperm6.tif 4 4 0.5009509214193908 
ch00_p1-pl3-sample5-sperm7.tif 4 2 0.5156857154677933 
ch00_p1-pl3-sample6-sperm6.tif 4 0 0.590952402895993 
ch00_p1-pl3-sample7-sperm11.tif 4 4 0.8182396473771424 
ch00_p1-pl3-sample7-sperm9.tif 4 4 0.7580705260557944 
ch00_p1-pl3-sample8-sperm11.tif 4 1 0.988529236646556 
ch00_p1-pl3-sample8-sperm8.tif 4 1 0.578682920029172 
ch00_p1-pl3-sample9-sperm5.tif 4 4 0.5142883926340404 
ch00_p3-pl1-sample11-sperm1.tif 4 4 0.7707849204804547 
ch00_p3-pl1-sample11-sperm6.tif 4 4 0.9569436189337467 
ch00_p3-pl1-sample12-sperm6.tif 4 4 0.9453600055875497 
ch00_p3-pl1-sample15-sperm4.tif 4 4 0.9999999096363539 
ch00_p3-pl1-sample18-sperm2.tif 4 4 0.7249965956553324 
ch00_p3-pl1-sample19-sperm4.tif 4 4 0.8903704333877461 
ch00_p3-pl1-sample19-sperm9.tif 4 3 0.9202114231651083 
ch00_p3-pl1-sample20-sperm2.tif 4 0 0.5099848891080954 
ch00_p3-pl1-sample21-sperm4.tif 4 4 0.9447142753603907 
ch00_p3-pl1-sample22-sperm8.tif 4 4 0.9717675930445956 
ch00_p3-pl1-sample25-sperm10.tif 4 1 0.9994656712326765 
ch00_p3-pl1-sample25-sperm2.tif 4 0 0.9245443663058331 
ch00_p3-pl1-sample27-sperm3.tif 4 3 0.9999827445141624 
ch00_p3-pl1-sample29-sperm4.tif 4 4 0.9969590227367948 
ch00_p3-pl1-sample29-sperm9.tif 4 4 0.6914354109778911 
ch00_p3-pl1-sample30-sperm4.tif 4 4 0.9999999661386714 
ch00_p3-pl1-sample30-sperm5.tif 4 1 0.8220613042222752 
ch00_p3-pl1-sample31-sperm1.tif 4 4 0.8003798422561578 
ch00_p3-pl1-sample31-sperm2.tif 4 1 0.9993117262720186 
ch00_p3-pl1-sample31-sperm7.tif 4 1 0.46343056599169674 
ch00_p3-pl1-sample4-sperm5.tif 4 4 0.9971438146354427 
ch00_p3-pl1-sample5-sperm3.tif 4 4 0.930984000666153 
ch00_p3-pl1-sample7-sperm7.tif 4 1 0.8319568608365617 
ch00_p3-pl1-sample8-sperm5.tif 4 4 0.9999999973853443 
ch00_p3-pl1-sample9-sperm9.tif 4 1 0.8686924926008942 
ch00_p4-pl1-sample1-sperm7.tif 4 4 0.8419239012917888 
ch00_p4-pl1-sample11-sperm13.tif 4 4 0.9619816585929348 
ch00_p4-pl1-sample12-sperm2.tif 4 4 0.8281625185722633 
ch00_p4-pl1-sample12-sperm3.tif 4 4 0.9999969516811353 
ch00_p4-pl1-sample12-sperm8.tif 4 4 0.5164426089914935 
ch00_p4-pl1-sample12-sperm9.tif 4 4 0.9466585289583622 
ch00_p4-pl1-sample13-sperm2.tif 4 1 0.5291479910719806 
ch00_p4-pl1-sample13-sperm3.tif 4 4 0.9140397505194506 
ch00_p4-pl1-sample13-sperm7.tif 4 2 0.3539992153058848 
ch00_p4-pl1-sample14-sperm12.tif 4 3 0.5459554303870293 
ch00_p4-pl1-sample14-sperm5.tif 4 4 0.9651166658264526 
ch00_p4-pl1-sample16-sperm15.tif 4 2 0.9769997612439237 
ch00_p4-pl1-sample16-sperm8.tif 4 4 0.5672963689272024 
ch00_p4-pl1-sample17-sperm5.tif 4 4 0.8391441583784442 
ch00_p4-pl1-sample18-sperm5.tif 4 4 0.9967915025165868 
ch00_p4-pl1-sample2-sperm13.tif 4 1 0.6393835989032755 
ch00_p4-pl1-sample20-sperm1.tif 4 2 0.9950593568160992 
ch00_p4-pl1-sample20-sperm11.tif 4 0 0.6396436828364398 
ch00_p4-pl1-sample20-sperm6.tif 4 4 0.989105529537187 
ch00_p4-pl1-sample3-sperm3.tif 4 4 0.9999962771083657 
ch00_p4-pl1-sample3-sperm9.tif 4 4 0.6004986616997928 
ch00_p4-pl1-sample4-sperm11.tif 4 4 0.8270170332726063 
ch00_p4-pl1-sample4-sperm12.tif 4 4 0.9952096796707464 
ch00_p4-pl1-sample4-sperm3.tif 4 4 0.9939619744146222 
ch00_p4-pl1-sample5-sperm4.tif 4 0 0.637696734637013 
ch00_p4-pl1-sample5-sperm7.tif 4 4 0.6197153804718653 
ch00_p4-pl1-sample6-sperm11.tif 4 4 0.985496161583296 
ch00_p4-pl1-sample6-sperm7.tif 4 2 0.9960096820252828 
ch00_p4-pl1-sample6-sperm9.tif 4 4 0.997868999212707 
ch00_p4-pl1-sample7-sperm2.tif 4 4 0.9984505328304231 
ch00_p4-pl1-sample7-sperm8.tif 4 0 0.8821119478802983 
ch00_p4-pl1-sample8-sperm1.tif 4 1 0.6827518602720343 
ch00_p4-pl1-sample8-sperm8.tif 4 4 0.9533494744755516 
ch00_p4-pl1-sample9-sperm15.tif 4 4 0.9613477138701629 
ch00_p4-pl1-sample9-sperm17.tif 4 4 0.967455223193008 
ch00_p4-pl1-sample9-sperm4.tif 4 4 0.8721771459206343 
ch00_p4-pl1-sample9-sperm8.tif 4 4 0.5829301234749434 
ch00_p4-pl2-sample1-sperm7.tif 4 1 0.728947933225822 
ch00_p4-pl2-sample10-sperm1.tif 4 0 0.764595137643936 
ch00_p4-pl2-sample10-sperm11.tif 4 4 0.9999999991033849 
ch00_p4-pl2-sample10-sperm12.tif 4 4 0.9964144878473609 
ch00_p4-pl2-sample10-sperm5.tif 4 4 0.9876311941080785 
ch00_p4-pl2-sample10-sperm9.tif 4 4 0.9787282044510714 
ch00_p4-pl2-sample13-sperm7.tif 4 2 0.9401487642084315 
ch00_p4-pl2-sample14-sperm6.tif 4 4 0.557099347141429 
ch00_p4-pl2-sample14-sperm8.tif 4 1 0.536703570105125 
ch00_p4-pl2-sample15-sperm6.tif 4 4 0.9182246367242403 
ch00_p4-pl2-sample16-sperm7.tif 4 4 0.9999999995204467 
ch00_p4-pl2-sample17-sperm1.tif 4 4 0.9999999992463662 
ch00_p4-pl2-sample17-sperm4.tif 4 1 0.9409290589039462 
ch00_p4-pl2-sample18-sperm1.tif 4 4 0.9999999763060244 
ch00_p4-pl2-sample18-sperm6.tif 4 1 0.8240053507376769 
ch00_p4-pl2-sample18-sperm7.tif 4 4 0.7739949034741619 
ch00_p4-pl2-sample18-sperm8.tif 4 1 0.9888043132791796 
ch00_p4-pl2-sample19-sperm2.tif 4 2 0.5535380669042375 
ch00_p4-pl2-sample19-sperm8.tif 4 4 0.9961840680673256 
ch00_p4-pl2-sample2-sperm2.tif 4 4 0.5887523209373401 
ch00_p4-pl2-sample2-sperm5.tif 4 4 0.9999999959032807 
ch00_p4-pl2-sample20-sperm6.tif 4 3 0.5526124662055271 
ch00_p4-pl2-sample20-sperm8.tif 4 4 0.9974299705131479 
ch00_p4-pl2-sample3-sperm3.tif 4 4 0.5419401153956288 
ch00_p4-pl2-sample3-sperm6.tif 4 4 0.9717193430578034 
ch00_p4-pl2-sample5-sperm1.tif 4 4 0.8115328895922485 
ch00_p4-pl2-sample6-sperm2.tif 4 3 0.9658982818275398 
ch00_p4-pl2-sample7-sperm2.tif 4 4 0.9094613421184297 
ch00_p4-pl2-sample8-sperm2.tif 4 4 0.9961349439433681 
ch00_p5-pl1-sample1-sperm13.tif 4 4 0.9563438403325826 
ch00_p5-pl1-sample1-sperm15.tif 4 4 0.9999994853405666 
ch00_p5-pl1-sample10-sperm18.tif 4 3 0.9906149802206824 
ch00_p5-pl1-sample11-sperm10.tif 4 4 0.9999999677738008 
ch00_p5-pl1-sample11-sperm4.tif 4 4 0.99999997611472 
ch00_p5-pl1-sample12-sperm14.tif 4 4 0.9999996981361405 
ch00_p5-pl1-sample12-sperm5.tif 4 4 0.9999999905532562 
ch00_p5-pl1-sample15-sperm2.tif 4 4 0.6816985053270871 
ch00_p5-pl1-sample15-sperm3.tif 4 3 0.7598400065459595 
ch00_p5-pl1-sample17-sperm5.tif 4 4 0.7932287400107148 
ch00_p5-pl1-sample19-sperm13.tif 4 4 0.7628722485271143 
ch00_p5-pl1-sample2-sperm10.tif 4 4 0.9999998763782298 
ch00_p5-pl1-sample2-sperm13.tif 4 3 0.5028342530607334 
ch00_p5-pl1-sample2-sperm3.tif 4 3 0.9875349806918295 
ch00_p5-pl1-sample20-sperm13.tif 4 4 0.9999992588115535 
ch00_p5-pl1-sample3-sperm13.tif 4 4 0.999999672933513 
ch00_p5-pl1-sample3-sperm15.tif 4 4 0.9952973970577234 
ch00_p5-pl1-sample3-sperm23.tif 4 4 0.9999993710611854 
ch00_p5-pl1-sample3-sperm7.tif 4 1 0.9850506023411219 
ch00_p5-pl1-sample4-sperm10.tif 4 4 0.8122609344115749 
ch00_p5-pl1-sample5-sperm15.tif 4 4 0.9999999994376023 
ch00_p5-pl1-sample5-sperm18.tif 4 4 0.6266399724609628 
ch00_p5-pl1-sample5-sperm4.tif 4 1 0.9545548734711933 
ch00_p5-pl1-sample5-sperm9.tif 4 4 0.9505120322074512 
ch00_p5-pl1-sample6-sperm15.tif 4 4 0.9999999774567665 
ch00_p5-pl1-sample6-sperm4.tif 4 4 0.6299096003448464 
