ch00_p1-pl2-sample1-sperm10.tif 0 0 0.9475673457092015 
ch00_p1-pl2-sample1-sperm3.tif 0 0 0.9961085044861547 
ch00_p1-pl2-sample10-sperm4.tif 0 0 0.9806407821316103 
ch00_p1-pl2-sample13-sperm11.tif 0 0 0.9685416811590599 
ch00_p1-pl2-sample3-sperm12.tif 0 0 0.991655941636892 
ch00_p1-pl2-sample3-sperm4.tif 0 0 0.34783032915184003 
ch00_p1-pl2-sample30-sperm2.tif 0 0 0.9882243476436234 
ch00_p1-pl2-sample32-sperm3.tif 0 0 0.9937975242148221 
ch00_p1-pl2-sample4-sperm7.tif 0 0 0.9331692025135111 
ch00_p1-pl2-sample5-sperm3.tif 0 4 0.7956197072179353 
ch00_p1-pl3-sample1-sperm2.tif 0 0 0.9912764765660141 
ch00_p1-pl3-sample13-sperm14.tif 0 0 0.8451210375744037 
ch00_p1-pl3-sample2-sperm7.tif 0 0 0.9182136989752384 
ch00_p1-pl3-sample22-sperm5.tif 0 1 0.5753177432258064 
ch00_p3-pl1-sample21-sperm2.tif 0 4 0.9999986596142076 
ch00_p3-pl1-sample25-sperm13.tif 0 0 0.6313729721450831 
ch00_p4-pl1-sample10-sperm7.tif 0 0 0.7628517731966573 
ch00_p4-pl1-sample13-sperm6.tif 0 0 0.9291281503779457 
ch00_p4-pl1-sample14-sperm1.tif 0 4 0.9985568909200728 
ch00_p4-pl1-sample14-sperm2.tif 0 4 0.7791477939617174 
ch00_p4-pl1-sample15-sperm6.tif 0 0 0.9158986429193725 
ch00_p4-pl1-sample17-sperm9.tif 0 0 0.9758924362980544 
ch00_p4-pl1-sample2-sperm11.tif 0 0 0.7233739367367782 
ch00_p4-pl1-sample20-sperm7.tif 0 0 0.9612178422433697 
ch00_p4-pl1-sample9-sperm5.tif 0 4 0.6525645023297619 
ch00_p4-pl2-sample14-sperm7.tif 0 4 0.9868804454665753 
ch00_p4-pl2-sample17-sperm5.tif 0 0 0.9835193028025975 
ch00_p5-pl1-sample5-sperm12.tif 0 4 0.9520915723228882 
ch00_p5-pl1-sample5-sperm3.tif 0 4 0.909875907699987 
ch00_p5-pl1-sample7-sperm9.tif 0 4 0.9857057508297323 
ch00_p1-pl2-sample1-sperm6.tif 1 0 0.8003324157923796 
ch00_p1-pl2-sample10-sperm5.tif 1 4 0.9964557137398804 
ch00_p1-pl2-sample11-sperm12.tif 1 1 0.9916138208961672 
ch00_p1-pl2-sample11-sperm2.tif 1 1 0.9984930884272673 
ch00_p1-pl2-sample11-sperm4.tif 1 4 0.9999986344282925 
ch00_p1-pl2-sample12-sperm3.tif 1 1 0.9968437198757072 
ch00_p1-pl2-sample13-sperm18.tif 1 1 0.9942559899529989 
ch00_p1-pl2-sample15-sperm3.tif 1 1 0.9877293584312457 
ch00_p1-pl2-sample18-sperm1.tif 1 1 0.9987314979282191 
ch00_p1-pl2-sample18-sperm10.tif 1 4 0.6910229953088515 
ch00_p1-pl2-sample18-sperm3.tif 1 1 0.9910428188909202 
ch00_p1-pl2-sample19-sperm10.tif 1 1 0.6358277619997572 
ch00_p1-pl2-sample19-sperm14.tif 1 2 0.9394337858064582 
ch00_p1-pl2-sample2-sperm3.tif 1 4 0.9999999346218523 
ch00_p1-pl2-sample2-sperm4.tif 1 4 0.9946077460128905 
ch00_p1-pl2-sample20-sperm13.tif 1 1 0.6138726480293247 
ch00_p1-pl2-sample21-sperm3.tif 1 1 0.9987129710796467 
ch00_p1-pl2-sample21-sperm9.tif 1 1 0.9985754446902513 
ch00_p1-pl2-sample22-sperm3.tif 1 2 0.5659197339779367 
ch00_p1-pl2-sample22-sperm6.tif 1 1 0.8762785895299484 
ch00_p1-pl2-sample25-sperm8.tif 1 4 0.8798459509027816 
ch00_p1-pl2-sample29-sperm6.tif 1 1 0.9469118582105147 
ch00_p1-pl2-sample29-sperm8.tif 1 1 0.8636018774324831 
ch00_p1-pl2-sample30-sperm7.tif 1 4 0.989981104462306 
ch00_p1-pl2-sample32-sperm2.tif 1 4 0.9886398443596465 
ch00_p1-pl2-sample32-sperm6.tif 1 4 0.9876622317567496 
ch00_p1-pl2-sample4-sperm5.tif 1 1 0.7288025287116884 
ch00_p1-pl2-sample4-sperm8.tif 1 4 0.9499953998941898 
ch00_p1-pl2-sample6-sperm10.tif 1 1 0.9986587434532569 
ch00_p1-pl2-sample6-sperm3.tif 1 4 0.9157801542410614 
ch00_p1-pl2-sample6-sperm4.tif 1 1 0.9983460346974647 
ch00_p1-pl2-sample7-sperm11.tif 1 1 0.9972379374251541 
ch00_p1-pl2-sample8-sperm1.tif 1 1 0.7425930600418568 
ch00_p1-pl2-sample8-sperm3.tif 1 1 0.9806037260734007 
ch00_p1-pl2-sample9-sperm12.tif 1 4 0.536984253082304 
ch00_p1-pl2-sample9-sperm2.tif 1 1 0.9989856118103356 
ch00_p1-pl3-sample10-sperm6.tif 1 1 0.9959408361233268 
ch00_p1-pl3-sample12-sperm2.tif 1 1 0.9942608694503504 
ch00_p1-pl3-sample12-sperm5.tif 1 1 0.9900744563103424 
ch00_p1-pl3-sample12-sperm7.tif 1 2 0.7254255614640254 
ch00_p1-pl3-sample15-sperm21.tif 1 2 0.8386235325892828 
ch00_p1-pl3-sample16-sperm13.tif 1 1 0.9764173463582532 
ch00_p1-pl3-sample18-sperm3.tif 1 1 0.9820795549311764 
ch00_p1-pl3-sample6-sperm16.tif 1 1 0.5837533093306442 
ch00_p3-pl1-sample10-sperm2.tif 1 1 0.9980550039022642 
ch00_p3-pl1-sample27-sperm2.tif 1 1 0.9969166090726832 
ch00_p3-pl1-sample27-sperm5.tif 1 1 0.9916441340528573 
ch00_p3-pl1-sample31-sperm6.tif 1 1 0.9979161669212694 
ch00_p3-pl1-sample4-sperm2.tif 1 1 0.9899749118794877 
ch00_p3-pl1-sample5-sperm1.tif 1 1 0.9222423783316662 
ch00_p3-pl1-sample7-sperm14.tif 1 1 0.9355302377718091 
ch00_p4-pl1-sample1-sperm11.tif 1 1 0.9639868612655261 
ch00_p4-pl1-sample10-sperm18.tif 1 1 0.9962603107796513 
ch00_p4-pl1-sample17-sperm3.tif 1 1 0.9797011396825874 
ch00_p4-pl1-sample19-sperm3.tif 1 1 0.990399897790052 
ch00_p4-pl1-sample6-sperm5.tif 1 1 0.998423807307091 
ch00_p4-pl1-sample7-sperm18.tif 1 1 0.9652504943994406 
ch00_p4-pl2-sample8-sperm6.tif 1 1 0.8759656783161174 
ch00_p5-pl1-sample11-sperm5.tif 1 1 0.9651179224192612 
ch00_p5-pl1-sample12-sperm17.tif 1 4 0.9990469376924219 
ch00_p5-pl1-sample14-sperm5.tif 1 4 0.9999996716992311 
ch00_p5-pl1-sample4-sperm1.tif 1 4 0.6008913091328729 
ch00_p5-pl1-sample4-sperm9.tif 1 4 0.9989387077408235 
ch00_p5-pl1-sample5-sperm16.tif 1 4 0.9757451516431354 
ch00_p5-pl1-sample6-sperm13.tif 1 1 0.805783697273072 
ch00_p5-pl1-sample7-sperm6.tif 1 4 0.7524987743117526 
ch00_p5-pl1-sample7-sperm7.tif 1 4 0.8463799722795141 
ch00_p5-pl1-sample8-sperm5.tif 1 1 0.995851446168173 
ch00_p1-pl2-sample13-sperm4.tif 2 4 0.9999994478422186 
ch00_p1-pl2-sample2-sperm6.tif 2 1 0.7931340296124394 
ch00_p1-pl2-sample23-sperm9.tif 2 2 0.5987651770019078 
ch00_p1-pl2-sample35-sperm6.tif 2 2 0.9968200314159859 
ch00_p1-pl2-sample8-sperm4.tif 2 2 0.42711305971255636 
ch00_p1-pl3-sample1-sperm9.tif 2 4 0.9957033051664975 
ch00_p1-pl3-sample11-sperm7.tif 2 4 0.9971018321097018 
ch00_p1-pl3-sample15-sperm14.tif 2 2 0.8402393171362065 
ch00_p1-pl3-sample17-sperm9.tif 2 2 0.9659835271585495 
ch00_p1-pl3-sample20-sperm4.tif 2 2 0.7731092396790091 
ch00_p1-pl3-sample6-sperm17.tif 2 0 0.8850416692229359 
ch00_p1-pl3-sample6-sperm2.tif 2 4 0.938832930335732 
ch00_p1-pl3-sample7-sperm13.tif 2 0 0.8644027054095619 
ch00_p1-pl3-sample7-sperm5.tif 2 2 0.47946867600016224 
ch00_p3-pl1-sample25-sperm7.tif 2 1 0.7951528057030233 
ch00_p3-pl1-sample29-sperm10.tif 2 1 0.5065445394391754 
ch00_p4-pl1-sample12-sperm4.tif 2 4 0.9999995048266321 
ch00_p4-pl1-sample19-sperm4.tif 2 4 0.9884674217947291 
ch00_p4-pl1-sample3-sperm10.tif 2 1 0.7782947886437939 
ch00_p4-pl1-sample4-sperm6.tif 2 4 0.8606868329564705 
ch00_p4-pl1-sample5-sperm10.tif 2 2 0.8530586144982537 
ch00_p4-pl2-sample11-sperm5.tif 2 4 0.5716281232375097 
ch00_p1-pl2-sample13-sperm13.tif 3 3 0.8080860605550183 
ch00_p1-pl2-sample15-sperm6.tif 3 4 0.9499895629745277 
ch00_p1-pl2-sample18-sperm4.tif 3 0 0.9242451424303307 
ch00_p1-pl2-sample21-sperm7.tif 3 4 0.9925192633731104 
ch00_p1-pl2-sample22-sperm10.tif 3 4 0.9828065193015003 
ch00_p1-pl2-sample22-sperm2.tif 3 0 0.7863234262015146 
ch00_p1-pl2-sample23-sperm8.tif 3 3 0.9692485117344454 
ch00_p1-pl2-sample31-sperm1.tif 3 3 0.6126024942046602 
ch00_p1-pl2-sample4-sperm12.tif 3 4 0.612435889227258 
ch00_p1-pl3-sample10-sperm9.tif 3 3 0.7032194120861771 
ch00_p1-pl3-sample21-sperm7.tif 3 3 0.9996207950269848 
ch00_p1-pl3-sample23-sperm16.tif 3 4 0.999999953638728 
ch00_p1-pl3-sample23-sperm7.tif 3 3 0.9703968667313535 
ch00_p1-pl3-sample25-sperm14.tif 3 3 0.9996632082940133 
ch00_p1-pl3-sample9-sperm9.tif 3 4 0.9787895711124394 
ch00_p3-pl1-sample1-sperm3.tif 3 4 0.5552333130229936 
ch00_p3-pl1-sample12-sperm3.tif 3 3 0.9909787428098975 
ch00_p3-pl1-sample28-sperm2.tif 3 3 0.9837875646091724 
ch00_p3-pl1-sample32-sperm1.tif 3 3 0.430033269177128 
ch00_p4-pl1-sample20-sperm4.tif 3 2 0.6627014708130596 
ch00_p4-pl2-sample12-sperm8.tif 3 4 0.9198336403253474 
ch00_p1-pl2-sample1-sperm4.tif 4 1 0.9959806351487578 
ch00_p1-pl2-sample10-sperm16.tif 4 0 0.8443828687809417 
ch00_p1-pl2-sample12-sperm1.tif 4 4 0.9999986362593228 
ch00_p1-pl2-sample12-sperm10.tif 4 4 0.9844564878887935 
ch00_p1-pl2-sample12-sperm11.tif 4 4 0.9903163694308682 
ch00_p1-pl2-sample12-sperm8.tif 4 0 0.9832958611798915 
ch00_p1-pl2-sample13-sperm1.tif 4 4 0.9125793666792784 
ch00_p1-pl2-sample13-sperm2.tif 4 0 0.9591310129265318 
ch00_p1-pl2-sample13-sperm5.tif 4 3 0.7765029444159699 
ch00_p1-pl2-sample14-sperm4.tif 4 1 0.9394846557178181 
ch00_p1-pl2-sample16-sperm5.tif 4 1 0.9012759229579435 
ch00_p1-pl2-sample16-sperm7.tif 4 0 0.7628980899968423 
ch00_p1-pl2-sample20-sperm10.tif 4 4 0.7544832189127709 
ch00_p1-pl2-sample22-sperm11.tif 4 4 0.9903930868203241 
ch00_p1-pl2-sample23-sperm16.tif 4 4 0.9999992367264705 
ch00_p1-pl2-sample23-sperm17.tif 4 4 0.9285912514153475 
ch00_p1-pl2-sample24-sperm10.tif 4 0 0.9289090384554246 
ch00_p1-pl2-sample24-sperm13.tif 4 4 0.9999999454429518 
ch00_p1-pl2-sample28-sperm1.tif 4 0 0.5835574134417647 
ch00_p1-pl2-sample28-sperm3.tif 4 1 0.5119722599756904 
ch00_p1-pl2-sample3-sperm8.tif 4 4 0.9966364426889506 
ch00_p1-pl2-sample30-sperm4.tif 4 4 0.9982212118982651 
ch00_p1-pl2-sample30-sperm6.tif 4 4 0.9215187332078872 
ch00_p1-pl2-sample31-sperm3.tif 4 1 0.8627627308643693 
ch00_p1-pl2-sample32-sperm1.tif 4 2 0.7060671810190645 
ch00_p1-pl2-sample32-sperm11.tif 4 4 0.9999992308702277 
ch00_p1-pl2-sample32-sperm5.tif 4 0 0.9754454148264665 
ch00_p1-pl2-sample33-sperm2.tif 4 4 0.7255538866871603 
ch00_p1-pl2-sample33-sperm3.tif 4 2 0.8576404224541088 
ch00_p1-pl2-sample34-sperm7.tif 4 4 0.5315851781644347 
ch00_p1-pl2-sample35-sperm12.tif 4 4 0.9929038317934815 
ch00_p1-pl2-sample35-sperm8.tif 4 4 0.901685964586771 
ch00_p1-pl2-sample4-sperm4.tif 4 4 0.968733720873001 
ch00_p1-pl2-sample9-sperm18.tif 4 4 0.9723257635547377 
ch00_p1-pl2-sample9-sperm4.tif 4 3 0.5858899952636848 
ch00_p1-pl3-sample1-sperm13.tif 4 4 0.9988062127251561 
ch00_p1-pl3-sample1-sperm14.tif 4 0 0.8977473704833142 
ch00_p1-pl3-sample12-sperm16.tif 4 3 0.7156271747365869 
ch00_p1-pl3-sample12-sperm3.tif 4 4 0.9180017012712678 
ch00_p1-pl3-sample12-sperm6.tif 4 0 0.9512479048462963 
ch00_p1-pl3-sample12-sperm8.tif 4 4 0.9862255671686948 
ch00_p1-pl3-sample13-sperm5.tif 4 4 0.811497964375381 
ch00_p1-pl3-sample13-sperm8.tif 4 4 0.9494144818533204 
ch00_p1-pl3-sample14-sperm16.tif 4 0 0.9191795032610975 
ch00_p1-pl3-sample15-sperm20.tif 4 3 0.7196161625920529 
ch00_p1-pl3-sample15-sperm3.tif 4 3 0.7630625056460578 
ch00_p1-pl3-sample15-sperm7.tif 4 4 0.9830809165391792 
ch00_p1-pl3-sample16-sperm17.tif 4 0 0.8400578486680316 
ch00_p1-pl3-sample16-sperm8.tif 4 4 0.9989919188316593 
ch00_p1-pl3-sample17-sperm11.tif 4 4 0.9986420267234679 
ch00_p1-pl3-sample19-sperm8.tif 4 0 0.9869397799605473 
ch00_p1-pl3-sample2-sperm10.tif 4 0 0.9440171253545517 
ch00_p1-pl3-sample2-sperm12.tif 4 0 0.9485420733454764 
ch00_p1-pl3-sample20-sperm12.tif 4 4 0.9978507940984606 
ch00_p1-pl3-sample21-sperm1.tif 4 4 0.999999215086662 
ch00_p1-pl3-sample21-sperm11.tif 4 1 0.9873724733864871 
ch00_p1-pl3-sample21-sperm12.tif 4 4 0.9928589137816984 
ch00_p1-pl3-sample23-sperm19.tif 4 4 0.5928746877560174 
ch00_p1-pl3-sample23-sperm3.tif 4 4 0.9999998559387757 
ch00_p1-pl3-sample24-sperm22.tif 4 1 0.7026732181726816 
ch00_p1-pl3-sample24-sperm23.tif 4 4 0.9578335373411299 
ch00_p1-pl3-sample24-sperm24.tif 4 4 0.999999872761496 
ch00_p1-pl3-sample24-sperm5.tif 4 4 0.9901282190872286 
ch00_p1-pl3-sample24-sperm9.tif 4 2 0.994331933549068 
ch00_p1-pl3-sample25-sperm1.tif 4 0 0.8970156340048272 
ch00_p1-pl3-sample25-sperm13.tif 4 1 0.9594132156712395 
ch00_p1-pl3-sample25-sperm9.tif 4 0 0.9337022362926535 
ch00_p1-pl3-sample3-sperm2.tif 4 3 0.9972606084696525 
ch00_p1-pl3-sample3-sperm5.tif 4 0 0.885825681003221 
ch00_p1-pl3-sample3-sperm8.tif 4 4 0.7088306480389899 
ch00_p1-pl3-sample4-sperm3.tif 4 3 0.9800846724300633 
ch00_p1-pl3-sample5-sperm6.tif 4 1 0.8567658944647392 
ch00_p1-pl3-sample5-sperm7.tif 4 4 0.8557774468342234 
ch00_p1-pl3-sample6-sperm6.tif 4 4 0.5347164233337829 
ch00_p1-pl3-sample7-sperm11.tif 4 4 0.9799906138203736 
ch00_p1-pl3-sample7-sperm9.tif 4 4 0.9789335956147851 
ch00_p1-pl3-sample8-sperm11.tif 4 1 0.9962311978349075 
ch00_p1-pl3-sample8-sperm8.tif 4 2 0.4950114892791633 
ch00_p1-pl3-sample9-sperm5.tif 4 2 0.8038306028698243 
ch00_p3-pl1-sample11-sperm1.tif 4 4 0.9891463789616349 
ch00_p3-pl1-sample11-sperm6.tif 4 4 0.9361632053938422 
ch00_p3-pl1-sample12-sperm6.tif 4 4 0.9806204355945408 
ch00_p3-pl1-sample15-sperm4.tif 4 4 0.7401306201618992 
ch00_p3-pl1-sample18-sperm2.tif 4 4 0.49912815556498447 
ch00_p3-pl1-sample19-sperm4.tif 4 4 0.9972246945869209 
ch00_p3-pl1-sample19-sperm9.tif 4 4 0.9144853701881771 
ch00_p3-pl1-sample20-sperm2.tif 4 0 0.7941242480999808 
ch00_p3-pl1-sample21-sperm4.tif 4 4 0.996911254750241 
ch00_p3-pl1-sample22-sperm8.tif 4 4 0.9979265853785709 
ch00_p3-pl1-sample25-sperm10.tif 4 1 0.9941928377147057 
ch00_p3-pl1-sample25-sperm2.tif 4 1 0.8621820663123664 
ch00_p3-pl1-sample27-sperm3.tif 4 3 0.9913897491477662 
ch00_p3-pl1-sample29-sperm4.tif 4 4 0.9999997796236042 
ch00_p3-pl1-sample29-sperm9.tif 4 4 0.9349727409636203 
ch00_p3-pl1-sample30-sperm4.tif 4 4 0.9999999964361519 
ch00_p3-pl1-sample30-sperm5.tif 4 1 0.628269345524394 
ch00_p3-pl1-sample31-sperm1.tif 4 4 0.9973495792498109 
ch00_p3-pl1-sample31-sperm2.tif 4 1 0.9981202476950646 
ch00_p3-pl1-sample31-sperm7.tif 4 4 0.7697559356423952 
ch00_p3-pl1-sample4-sperm5.tif 4 4 0.8563152584449057 
ch00_p3-pl1-sample5-sperm3.tif 4 1 0.9976970768628557 
ch00_p3-pl1-sample7-sperm7.tif 4 1 0.9253876131758249 
ch00_p3-pl1-sample8-sperm5.tif 4 4 0.9744433039365964 
ch00_p3-pl1-sample9-sperm9.tif 4 1 0.8942310904411599 
ch00_p4-pl1-sample1-sperm7.tif 4 4 0.999998527884673 
ch00_p4-pl1-sample11-sperm13.tif 4 4 0.9978729103703733 
ch00_p4-pl1-sample12-sperm2.tif 4 4 0.4309642039934269 
ch00_p4-pl1-sample12-sperm3.tif 4 4 0.9999989136360513 
ch00_p4-pl1-sample12-sperm8.tif 4 4 0.5787854237282198 
ch00_p4-pl1-sample12-sperm9.tif 4 4 0.9051063319886627 
ch00_p4-pl1-sample13-sperm2.tif 4 4 0.7658663679866994 
ch00_p4-pl1-sample13-sperm3.tif 4 1 0.6755678184304099 
ch00_p4-pl1-sample13-sperm7.tif 4 4 0.9479967091926517 
ch00_p4-pl1-sample14-sperm12.tif 4 4 0.9912051483330722 
ch00_p4-pl1-sample14-sperm5.tif 4 4 0.9970277425872494 
ch00_p4-pl1-sample16-sperm15.tif 4 2 0.8484247059690309 
ch00_p4-pl1-sample16-sperm8.tif 4 4 0.9833674355504496 
ch00_p4-pl1-sample17-sperm5.tif 4 2 0.8588087513132491 
ch00_p4-pl1-sample18-sperm5.tif 4 4 0.837843497677691 
ch00_p4-pl1-sample2-sperm13.tif 4 4 0.8423632287447808 
ch00_p4-pl1-sample20-sperm1.tif 4 2 0.7573739771816299 
ch00_p4-pl1-sample20-sperm11.tif 4 4 0.9435085795142379 
ch00_p4-pl1-sample20-sperm6.tif 4 4 0.762915331374872 
ch00_p4-pl1-sample3-sperm3.tif 4 4 0.9797768981498893 
ch00_p4-pl1-sample3-sperm9.tif 4 3 0.5990949398750237 
ch00_p4-pl1-sample4-sperm11.tif 4 4 0.9999973742904997 
ch00_p4-pl1-sample4-sperm12.tif 4 4 0.9195983155703543 
ch00_p4-pl1-sample4-sperm3.tif 4 2 0.981374232530965 
ch00_p4-pl1-sample5-sperm4.tif 4 2 0.8317052212579149 
ch00_p4-pl1-sample5-sperm7.tif 4 2 0.6483599758645359 
ch00_p4-pl1-sample6-sperm11.tif 4 4 0.5926439198005556 
ch00_p4-pl1-sample6-sperm7.tif 4 4 0.5271675120134037 
ch00_p4-pl1-sample6-sperm9.tif 4 4 0.9247851582102176 
ch00_p4-pl1-sample7-sperm2.tif 4 4 0.9999999633604103 
ch00_p4-pl1-sample7-sperm8.tif 4 0 0.9708493973512423 
ch00_p4-pl1-sample8-sperm1.tif 4 1 0.945903548979839 
ch00_p4-pl1-sample8-sperm8.tif 4 4 0.5241126537550324 
ch00_p4-pl1-sample9-sperm15.tif 4 4 0.9554050603056883 
ch00_p4-pl1-sample9-sperm17.tif 4 4 0.94939964046794 
ch00_p4-pl1-sample9-sperm4.tif 4 4 0.5472409544256319 
ch00_p4-pl1-sample9-sperm8.tif 4 2 0.5598553917141645 
ch00_p4-pl2-sample1-sperm7.tif 4 4 0.8315447158282291 
ch00_p4-pl2-sample10-sperm1.tif 4 0 0.9458081089857223 
ch00_p4-pl2-sample10-sperm11.tif 4 4 0.9989607783258391 
ch00_p4-pl2-sample10-sperm12.tif 4 4 0.9999998574868947 
ch00_p4-pl2-sample10-sperm5.tif 4 4 0.8963698405268423 
ch00_p4-pl2-sample10-sperm9.tif 4 4 0.9999992671696161 
ch00_p4-pl2-sample13-sperm7.tif 4 2 0.9538360255982399 
ch00_p4-pl2-sample14-sperm6.tif 4 1 0.7885142223844712 
ch00_p4-pl2-sample14-sperm8.tif 4 1 0.9543408511586948 
ch00_p4-pl2-sample15-sperm6.tif 4 4 0.9964876440449956 
ch00_p4-pl2-sample16-sperm7.tif 4 4 0.8128031873109262 
ch00_p4-pl2-sample17-sperm1.tif 4 4 0.9963666068464724 
ch00_p4-pl2-sample17-sperm4.tif 4 1 0.966351522152919 
ch00_p4-pl2-sample18-sperm1.tif 4 4 0.9999994415490955 
ch00_p4-pl2-sample18-sperm6.tif 4 1 0.9765588828815739 
ch00_p4-pl2-sample18-sperm7.tif 4 4 0.9474560905325379 
ch00_p4-pl2-sample18-sperm8.tif 4 1 0.9754789732405802 
ch00_p4-pl2-sample19-sperm2.tif 4 2 0.9454043637797528 
ch00_p4-pl2-sample19-sperm8.tif 4 4 0.915981741510872 
ch00_p4-pl2-sample2-sperm2.tif 4 4 0.9143350346954935 
ch00_p4-pl2-sample2-sperm5.tif 4 4 0.9999999599739472 
ch00_p4-pl2-sample20-sperm6.tif 4 4 0.9752637586474613 
ch00_p4-pl2-sample20-sperm8.tif 4 4 0.9999999720556143 
ch00_p4-pl2-sample3-sperm3.tif 4 4 0.9936791527520096 
ch00_p4-pl2-sample3-sperm6.tif 4 1 0.9626526262933686 
ch00_p4-pl2-sample5-sperm1.tif 4 4 0.9966148532821196 
ch00_p4-pl2-sample6-sperm2.tif 4 4 0.8472879756766966 
ch00_p4-pl2-sample7-sperm2.tif 4 0 0.9709720520522463 
ch00_p4-pl2-sample8-sperm2.tif 4 4 0.9999988686449663 
ch00_p5-pl1-sample1-sperm13.tif 4 4 0.9419934751288422 
ch00_p5-pl1-sample1-sperm15.tif 4 4 0.9999996453395558 
ch00_p5-pl1-sample10-sperm18.tif 4 4 0.7821541417246173 
ch00_p5-pl1-sample11-sperm10.tif 4 4 0.997487503259546 
ch00_p5-pl1-sample11-sperm4.tif 4 1 0.8123083979092602 
ch00_p5-pl1-sample12-sperm14.tif 4 4 0.9108470287133669 
ch00_p5-pl1-sample12-sperm5.tif 4 4 0.986511196227499 
ch00_p5-pl1-sample15-sperm2.tif 4 4 0.9944495702491114 
ch00_p5-pl1-sample15-sperm3.tif 4 3 0.9919247762944433 
ch00_p5-pl1-sample17-sperm5.tif 4 4 0.9198489913064914 
ch00_p5-pl1-sample19-sperm13.tif 4 4 0.9687432275315097 
ch00_p5-pl1-sample2-sperm10.tif 4 4 0.9986410760607155 
ch00_p5-pl1-sample2-sperm13.tif 4 4 0.9917445631788374 
ch00_p5-pl1-sample2-sperm3.tif 4 3 0.9878818886659599 
ch00_p5-pl1-sample20-sperm13.tif 4 4 0.6747955307794551 
ch00_p5-pl1-sample3-sperm13.tif 4 4 0.9988730728801759 
ch00_p5-pl1-sample3-sperm15.tif 4 4 0.9721877559559916 
ch00_p5-pl1-sample3-sperm23.tif 4 4 0.976302184481414 
ch00_p5-pl1-sample3-sperm7.tif 4 1 0.9855295740193203 
ch00_p5-pl1-sample4-sperm10.tif 4 3 0.9312088326402452 
ch00_p5-pl1-sample5-sperm15.tif 4 4 0.916024800481802 
ch00_p5-pl1-sample5-sperm18.tif 4 3 0.8939329855804343 
ch00_p5-pl1-sample5-sperm4.tif 4 4 0.977923755013416 
ch00_p5-pl1-sample5-sperm9.tif 4 1 0.9983206580794292 
ch00_p5-pl1-sample6-sperm15.tif 4 4 0.9999989131085855 
ch00_p5-pl1-sample6-sperm4.tif 4 3 0.8577521513474751 
