ch00_p1-pl2-sample1-sperm10.tif 0 0 0.6736432729350937 
ch00_p1-pl2-sample1-sperm3.tif 0 0 0.9548917708224492 
ch00_p1-pl2-sample10-sperm4.tif 0 4 0.7146227040831864 
ch00_p1-pl2-sample13-sperm11.tif 0 0 0.859902320158747 
ch00_p1-pl2-sample3-sperm12.tif 0 0 0.8678793566958494 
ch00_p1-pl2-sample3-sperm4.tif 0 3 0.48192046314323617 
ch00_p1-pl2-sample30-sperm2.tif 0 0 0.9579495456421174 
ch00_p1-pl2-sample32-sperm3.tif 0 0 0.8509677663677473 
ch00_p1-pl2-sample4-sperm7.tif 0 1 0.4679237289288437 
ch00_p1-pl2-sample5-sperm3.tif 0 0 0.5297563844981839 
ch00_p1-pl3-sample1-sperm2.tif 0 0 0.9867696653465955 
ch00_p1-pl3-sample13-sperm14.tif 0 0 0.4714864707763095 
ch00_p1-pl3-sample2-sperm7.tif 0 0 0.733310270424393 
ch00_p1-pl3-sample22-sperm5.tif 0 1 0.7557512365138337 
ch00_p3-pl1-sample21-sperm2.tif 0 0 0.616111202895061 
ch00_p3-pl1-sample25-sperm13.tif 0 4 0.5750338676481236 
ch00_p4-pl1-sample10-sperm7.tif 0 4 0.960444814530655 
ch00_p4-pl1-sample13-sperm6.tif 0 0 0.9248327155434307 
ch00_p4-pl1-sample14-sperm1.tif 0 4 0.9668494506392393 
ch00_p4-pl1-sample14-sperm2.tif 0 4 0.6739840007248077 
ch00_p4-pl1-sample15-sperm6.tif 0 0 0.7134611916174398 
ch00_p4-pl1-sample17-sperm9.tif 0 0 0.8665476657098014 
ch00_p4-pl1-sample2-sperm11.tif 0 4 0.937154429858623 
ch00_p4-pl1-sample20-sperm7.tif 0 0 0.541380452910583 
ch00_p4-pl1-sample9-sperm5.tif 0 4 0.4502578571619007 
ch00_p4-pl2-sample14-sperm7.tif 0 4 0.8805605704426511 
ch00_p4-pl2-sample17-sperm5.tif 0 0 0.5459284241318625 
ch00_p5-pl1-sample5-sperm12.tif 0 4 0.9260223783799663 
ch00_p5-pl1-sample5-sperm3.tif 0 4 0.8372593947022743 
ch00_p5-pl1-sample7-sperm9.tif 0 4 0.9133237700582744 
ch00_p1-pl2-sample1-sperm6.tif 1 0 0.5814961443017818 
ch00_p1-pl2-sample10-sperm5.tif 1 4 0.9511008091294639 
ch00_p1-pl2-sample11-sperm12.tif 1 1 0.9436302350420196 
ch00_p1-pl2-sample11-sperm2.tif 1 1 0.8941793105329414 
ch00_p1-pl2-sample11-sperm4.tif 1 4 0.9558214144283093 
ch00_p1-pl2-sample12-sperm3.tif 1 1 0.9435110297303559 
ch00_p1-pl2-sample13-sperm18.tif 1 1 0.8236197095019425 
ch00_p1-pl2-sample15-sperm3.tif 1 1 0.745842358452784 
ch00_p1-pl2-sample18-sperm1.tif 1 1 0.9123496203920547 
ch00_p1-pl2-sample18-sperm10.tif 1 4 0.5555523529066699 
ch00_p1-pl2-sample18-sperm3.tif 1 1 0.7721165312715178 
ch00_p1-pl2-sample19-sperm10.tif 1 1 0.5397168455850008 
ch00_p1-pl2-sample19-sperm14.tif 1 2 0.6742552466438809 
ch00_p1-pl2-sample2-sperm3.tif 1 4 0.9916049552980012 
ch00_p1-pl2-sample2-sperm4.tif 1 4 0.9336202393757449 
ch00_p1-pl2-sample20-sperm13.tif 1 1 0.37322375856229933 
ch00_p1-pl2-sample21-sperm3.tif 1 1 0.9735403810108637 
ch00_p1-pl2-sample21-sperm9.tif 1 1 0.9601267123175871 
ch00_p1-pl2-sample22-sperm3.tif 1 1 0.6375998324894278 
ch00_p1-pl2-sample22-sperm6.tif 1 4 0.5281356639953131 
ch00_p1-pl2-sample25-sperm8.tif 1 4 0.830403150025929 
ch00_p1-pl2-sample29-sperm6.tif 1 1 0.8521951269922295 
ch00_p1-pl2-sample29-sperm8.tif 1 1 0.686494245623185 
ch00_p1-pl2-sample30-sperm7.tif 1 4 0.7547067134340504 
ch00_p1-pl2-sample32-sperm2.tif 1 4 0.9107562464306822 
ch00_p1-pl2-sample32-sperm6.tif 1 4 0.9257636058168853 
ch00_p1-pl2-sample4-sperm5.tif 1 4 0.6205543854051058 
ch00_p1-pl2-sample4-sperm8.tif 1 4 0.9605331224935849 
ch00_p1-pl2-sample6-sperm10.tif 1 1 0.9594384214346066 
ch00_p1-pl2-sample6-sperm3.tif 1 4 0.9017032673956139 
ch00_p1-pl2-sample6-sperm4.tif 1 1 0.9593984498016509 
ch00_p1-pl2-sample7-sperm11.tif 1 1 0.9361925458324489 
ch00_p1-pl2-sample8-sperm1.tif 1 4 0.8359498919359067 
ch00_p1-pl2-sample8-sperm3.tif 1 1 0.9420865633186011 
ch00_p1-pl2-sample9-sperm12.tif 1 4 0.9289297162716259 
ch00_p1-pl2-sample9-sperm2.tif 1 1 0.9188787464302082 
ch00_p1-pl3-sample10-sperm6.tif 1 1 0.9058184572327962 
ch00_p1-pl3-sample12-sperm2.tif 1 1 0.9416443551944718 
ch00_p1-pl3-sample12-sperm5.tif 1 1 0.9085226571604902 
ch00_p1-pl3-sample12-sperm7.tif 1 2 0.7751236559611704 
ch00_p1-pl3-sample15-sperm21.tif 1 1 0.835776829258825 
ch00_p1-pl3-sample16-sperm13.tif 1 1 0.8105264241073351 
ch00_p1-pl3-sample18-sperm3.tif 1 1 0.8782223434322288 
ch00_p1-pl3-sample6-sperm16.tif 1 1 0.6785696897766977 
ch00_p3-pl1-sample10-sperm2.tif 1 1 0.9602448880659853 
ch00_p3-pl1-sample27-sperm2.tif 1 1 0.8902341008561102 
ch00_p3-pl1-sample27-sperm5.tif 1 1 0.8422495978419793 
ch00_p3-pl1-sample31-sperm6.tif 1 1 0.9456936930448101 
ch00_p3-pl1-sample4-sperm2.tif 1 1 0.5376623255485569 
ch00_p3-pl1-sample5-sperm1.tif 1 1 0.9216198511694956 
ch00_p3-pl1-sample7-sperm14.tif 1 1 0.8296385016808375 
ch00_p4-pl1-sample1-sperm11.tif 1 1 0.9044003557875385 
ch00_p4-pl1-sample10-sperm18.tif 1 1 0.9429678016006227 
ch00_p4-pl1-sample17-sperm3.tif 1 1 0.9132693339970971 
ch00_p4-pl1-sample19-sperm3.tif 1 1 0.8834260724250933 
ch00_p4-pl1-sample6-sperm5.tif 1 1 0.955104338032625 
ch00_p4-pl1-sample7-sperm18.tif 1 1 0.9381272768183576 
ch00_p4-pl2-sample8-sperm6.tif 1 1 0.7566399029070843 
ch00_p5-pl1-sample11-sperm5.tif 1 1 0.8750679019525045 
ch00_p5-pl1-sample12-sperm17.tif 1 4 0.9398212476749008 
ch00_p5-pl1-sample14-sperm5.tif 1 4 0.6779323155055249 
ch00_p5-pl1-sample4-sperm1.tif 1 4 0.6946307120748639 
ch00_p5-pl1-sample4-sperm9.tif 1 4 0.9247432726049339 
ch00_p5-pl1-sample5-sperm16.tif 1 4 0.7421277035212454 
ch00_p5-pl1-sample6-sperm13.tif 1 1 0.8656701585128811 
ch00_p5-pl1-sample7-sperm6.tif 1 1 0.844581179582227 
ch00_p5-pl1-sample7-sperm7.tif 1 4 0.6105304986899827 
ch00_p5-pl1-sample8-sperm5.tif 1 1 0.9017097292080419 
ch00_p1-pl2-sample13-sperm4.tif 2 4 0.9452089732102698 
ch00_p1-pl2-sample2-sperm6.tif 2 1 0.6885907167255845 
ch00_p1-pl2-sample23-sperm9.tif 2 2 0.9080728866229896 
ch00_p1-pl2-sample35-sperm6.tif 2 2 0.944332911573591 
ch00_p1-pl2-sample8-sperm4.tif 2 1 0.8019431096004018 
ch00_p1-pl3-sample1-sperm9.tif 2 4 0.9383209611310956 
ch00_p1-pl3-sample11-sperm7.tif 2 4 0.9740733559282541 
ch00_p1-pl3-sample15-sperm14.tif 2 2 0.9723396273399202 
ch00_p1-pl3-sample17-sperm9.tif 2 2 0.9765675165772777 
ch00_p1-pl3-sample20-sperm4.tif 2 2 0.8039702151157464 
ch00_p1-pl3-sample6-sperm17.tif 2 0 0.5543778682489655 
ch00_p1-pl3-sample6-sperm2.tif 2 4 0.6968603051286006 
ch00_p1-pl3-sample7-sperm13.tif 2 4 0.5447589837062453 
ch00_p1-pl3-sample7-sperm5.tif 2 4 0.5361698693032576 
ch00_p3-pl1-sample25-sperm7.tif 2 4 0.8685567173013611 
ch00_p3-pl1-sample29-sperm10.tif 2 1 0.5717501599718078 
ch00_p4-pl1-sample12-sperm4.tif 2 4 0.9549771911364588 
ch00_p4-pl1-sample19-sperm4.tif 2 4 0.9522032783620906 
ch00_p4-pl1-sample3-sperm10.tif 2 1 0.8587940713403233 
ch00_p4-pl1-sample4-sperm6.tif 2 4 0.9534437093389039 
ch00_p4-pl1-sample5-sperm10.tif 2 2 0.9573334874879919 
ch00_p4-pl2-sample11-sperm5.tif 2 2 0.5414998090056905 
ch00_p1-pl2-sample13-sperm13.tif 3 3 0.4586073186385677 
ch00_p1-pl2-sample15-sperm6.tif 3 4 0.5581284822770926 
ch00_p1-pl2-sample18-sperm4.tif 3 0 0.8458736046019724 
ch00_p1-pl2-sample21-sperm7.tif 3 4 0.7383835654965539 
ch00_p1-pl2-sample22-sperm10.tif 3 4 0.9750136241529778 
ch00_p1-pl2-sample22-sperm2.tif 3 0 0.5989483348112841 
ch00_p1-pl2-sample23-sperm8.tif 3 3 0.7997476661570898 
ch00_p1-pl2-sample31-sperm1.tif 3 4 0.7613095242139203 
ch00_p1-pl2-sample4-sperm12.tif 3 4 0.8528308499978691 
ch00_p1-pl3-sample10-sperm9.tif 3 3 0.586027323107205 
ch00_p1-pl3-sample21-sperm7.tif 3 3 0.9800064554083008 
ch00_p1-pl3-sample23-sperm16.tif 3 4 0.9186005481141685 
ch00_p1-pl3-sample23-sperm7.tif 3 3 0.9321273989355257 
ch00_p1-pl3-sample25-sperm14.tif 3 3 0.9753505911022043 
ch00_p1-pl3-sample9-sperm9.tif 3 4 0.8929124900957879 
ch00_p3-pl1-sample1-sperm3.tif 3 4 0.6783646759344168 
ch00_p3-pl1-sample12-sperm3.tif 3 3 0.8927872381913966 
ch00_p3-pl1-sample28-sperm2.tif 3 3 0.8643236868375589 
ch00_p3-pl1-sample32-sperm1.tif 3 3 0.847421258142955 
ch00_p4-pl1-sample20-sperm4.tif 3 4 0.7738717975239326 
ch00_p4-pl2-sample12-sperm8.tif 3 3 0.820165047232451 
ch00_p1-pl2-sample1-sperm4.tif 4 1 0.9565326504049566 
ch00_p1-pl2-sample10-sperm16.tif 4 0 0.7393651934412203 
ch00_p1-pl2-sample12-sperm1.tif 4 4 0.9887886970252568 
ch00_p1-pl2-sample12-sperm10.tif 4 4 0.9482789794624952 
ch00_p1-pl2-sample12-sperm11.tif 4 4 0.8893670010599171 
ch00_p1-pl2-sample12-sperm8.tif 4 0 0.6772172104832312 
ch00_p1-pl2-sample13-sperm1.tif 4 4 0.9139223440188753 
ch00_p1-pl2-sample13-sperm2.tif 4 4 0.8239303868686506 
ch00_p1-pl2-sample13-sperm5.tif 4 0 0.38050558902612724 
ch00_p1-pl2-sample14-sperm4.tif 4 1 0.6813645228120799 
ch00_p1-pl2-sample16-sperm5.tif 4 1 0.9057148086991506 
ch00_p1-pl2-sample16-sperm7.tif 4 4 0.9242906513433998 
ch00_p1-pl2-sample20-sperm10.tif 4 4 0.772947030265351 
ch00_p1-pl2-sample22-sperm11.tif 4 4 0.9789562704268842 
ch00_p1-pl2-sample23-sperm16.tif 4 4 0.9804730731706306 
ch00_p1-pl2-sample23-sperm17.tif 4 4 0.8319237940723467 
ch00_p1-pl2-sample24-sperm10.tif 4 0 0.9231861594802515 
ch00_p1-pl2-sample24-sperm13.tif 4 4 0.9827614667372196 
ch00_p1-pl2-sample28-sperm1.tif 4 4 0.5596920818855755 
ch00_p1-pl2-sample28-sperm3.tif 4 1 0.7439283617916985 
ch00_p1-pl2-sample3-sperm8.tif 4 4 0.8580432551879632 
ch00_p1-pl2-sample30-sperm4.tif 4 4 0.968405850628665 
ch00_p1-pl2-sample30-sperm6.tif 4 4 0.6770203497114612 
ch00_p1-pl2-sample31-sperm3.tif 4 1 0.5281161151115302 
ch00_p1-pl2-sample32-sperm1.tif 4 2 0.7077800028112476 
ch00_p1-pl2-sample32-sperm11.tif 4 4 0.9436666945996144 
ch00_p1-pl2-sample32-sperm5.tif 4 0 0.6160796796252932 
ch00_p1-pl2-sample33-sperm2.tif 4 4 0.9445519161843463 
ch00_p1-pl2-sample33-sperm3.tif 4 2 0.7564357816525795 
ch00_p1-pl2-sample34-sperm7.tif 4 4 0.9242897171603237 
ch00_p1-pl2-sample35-sperm12.tif 4 4 0.9472596200961954 
ch00_p1-pl2-sample35-sperm8.tif 4 4 0.9501550693345464 
ch00_p1-pl2-sample4-sperm4.tif 4 4 0.8111020323417624 
ch00_p1-pl2-sample9-sperm18.tif 4 4 0.9030921166574545 
ch00_p1-pl2-sample9-sperm4.tif 4 3 0.34446613495786055 
ch00_p1-pl3-sample1-sperm13.tif 4 4 0.9640310860000847 
ch00_p1-pl3-sample1-sperm14.tif 4 4 0.4860663791266514 
ch00_p1-pl3-sample12-sperm16.tif 4 4 0.5529521371001039 
ch00_p1-pl3-sample12-sperm3.tif 4 4 0.576231291804822 
ch00_p1-pl3-sample12-sperm6.tif 4 0 0.7156173547992416 
ch00_p1-pl3-sample12-sperm8.tif 4 4 0.6197321881123118 
ch00_p1-pl3-sample13-sperm5.tif 4 4 0.8548091797190178 
ch00_p1-pl3-sample13-sperm8.tif 4 4 0.8111643446051123 
ch00_p1-pl3-sample14-sperm16.tif 4 0 0.4804909969882321 
ch00_p1-pl3-sample15-sperm20.tif 4 0 0.39337372741854637 
ch00_p1-pl3-sample15-sperm3.tif 4 3 0.8626194558823282 
ch00_p1-pl3-sample15-sperm7.tif 4 4 0.8919027844769999 
ch00_p1-pl3-sample16-sperm17.tif 4 4 0.8257932507203108 
ch00_p1-pl3-sample16-sperm8.tif 4 4 0.7967606965094745 
ch00_p1-pl3-sample17-sperm11.tif 4 4 0.9696319822643703 
ch00_p1-pl3-sample19-sperm8.tif 4 4 0.5568274762142148 
ch00_p1-pl3-sample2-sperm10.tif 4 4 0.9743640567791976 
ch00_p1-pl3-sample2-sperm12.tif 4 0 0.5883906608807056 
ch00_p1-pl3-sample20-sperm12.tif 4 4 0.8570969110539504 
ch00_p1-pl3-sample21-sperm1.tif 4 4 0.9822068416496758 
ch00_p1-pl3-sample21-sperm11.tif 4 1 0.9128589808143722 
ch00_p1-pl3-sample21-sperm12.tif 4 4 0.6591207912520006 
ch00_p1-pl3-sample23-sperm19.tif 4 4 0.7522156170293874 
ch00_p1-pl3-sample23-sperm3.tif 4 4 0.8905942767122114 
ch00_p1-pl3-sample24-sperm22.tif 4 1 0.7844487613445528 
ch00_p1-pl3-sample24-sperm23.tif 4 4 0.6753376821995568 
ch00_p1-pl3-sample24-sperm24.tif 4 4 0.9133619461619312 
ch00_p1-pl3-sample24-sperm5.tif 4 4 0.6673939465290254 
ch00_p1-pl3-sample24-sperm9.tif 4 2 0.9464676499846738 
ch00_p1-pl3-sample25-sperm1.tif 4 0 0.6502967129125197 
ch00_p1-pl3-sample25-sperm13.tif 4 1 0.9305014192330221 
ch00_p1-pl3-sample25-sperm9.tif 4 0 0.6874588771999813 
ch00_p1-pl3-sample3-sperm2.tif 4 3 0.969918572180226 
ch00_p1-pl3-sample3-sperm5.tif 4 4 0.5793864472334428 
ch00_p1-pl3-sample3-sperm8.tif 4 4 0.6995660557967481 
ch00_p1-pl3-sample4-sperm3.tif 4 3 0.9503071193281293 
ch00_p1-pl3-sample5-sperm6.tif 4 1 0.7202647613779176 
ch00_p1-pl3-sample5-sperm7.tif 4 4 0.6192111064010403 
ch00_p1-pl3-sample6-sperm6.tif 4 1 0.6603407912957008 
ch00_p1-pl3-sample7-sperm11.tif 4 4 0.8098247953674849 
ch00_p1-pl3-sample7-sperm9.tif 4 4 0.6622882797079935 
ch00_p1-pl3-sample8-sperm11.tif 4 1 0.879650448623395 
ch00_p1-pl3-sample8-sperm8.tif 4 1 0.7747635689497007 
ch00_p1-pl3-sample9-sperm5.tif 4 4 0.5175405941545643 
ch00_p3-pl1-sample11-sperm1.tif 4 4 0.9319671138029268 
ch00_p3-pl1-sample11-sperm6.tif 4 4 0.9416540913778615 
ch00_p3-pl1-sample12-sperm6.tif 4 4 0.9726759244876727 
ch00_p3-pl1-sample15-sperm4.tif 4 4 0.9905632264452506 
ch00_p3-pl1-sample18-sperm2.tif 4 0 0.8146886877204335 
ch00_p3-pl1-sample19-sperm4.tif 4 4 0.9934371607094743 
ch00_p3-pl1-sample19-sperm9.tif 4 4 0.5653352682827741 
ch00_p3-pl1-sample20-sperm2.tif 4 0 0.44883527852079713 
ch00_p3-pl1-sample21-sperm4.tif 4 4 0.8025249978569131 
ch00_p3-pl1-sample22-sperm8.tif 4 4 0.924549002750666 
ch00_p3-pl1-sample25-sperm10.tif 4 1 0.9491289768199958 
ch00_p3-pl1-sample25-sperm2.tif 4 1 0.5673907844716425 
ch00_p3-pl1-sample27-sperm3.tif 4 3 0.7715988620997886 
ch00_p3-pl1-sample29-sperm4.tif 4 4 0.9387217210056547 
ch00_p3-pl1-sample29-sperm9.tif 4 4 0.9863665208519585 
ch00_p3-pl1-sample30-sperm4.tif 4 4 0.9802895917794352 
ch00_p3-pl1-sample30-sperm5.tif 4 1 0.8297512600526256 
ch00_p3-pl1-sample31-sperm1.tif 4 4 0.984285865239385 
ch00_p3-pl1-sample31-sperm2.tif 4 1 0.8952362125435052 
ch00_p3-pl1-sample31-sperm7.tif 4 4 0.903784597444719 
ch00_p3-pl1-sample4-sperm5.tif 4 1 0.637297394249985 
ch00_p3-pl1-sample5-sperm3.tif 4 1 0.9793122576594576 
ch00_p3-pl1-sample7-sperm7.tif 4 4 0.7752534760037033 
ch00_p3-pl1-sample8-sperm5.tif 4 4 0.8124881242951186 
ch00_p3-pl1-sample9-sperm9.tif 4 4 0.5647879853697564 
ch00_p4-pl1-sample1-sperm7.tif 4 4 0.5326768454022046 
ch00_p4-pl1-sample11-sperm13.tif 4 4 0.7302428412161495 
ch00_p4-pl1-sample12-sperm2.tif 4 4 0.8055205708448826 
ch00_p4-pl1-sample12-sperm3.tif 4 4 0.9330692030758642 
ch00_p4-pl1-sample12-sperm8.tif 4 1 0.4954437819311154 
ch00_p4-pl1-sample12-sperm9.tif 4 4 0.8123031341973386 
ch00_p4-pl1-sample13-sperm2.tif 4 1 0.529994170896358 
ch00_p4-pl1-sample13-sperm3.tif 4 1 0.7923815769754708 
ch00_p4-pl1-sample13-sperm7.tif 4 4 0.9529656312076602 
ch00_p4-pl1-sample14-sperm12.tif 4 3 0.4746510600165261 
ch00_p4-pl1-sample14-sperm5.tif 4 4 0.9103035257223538 
ch00_p4-pl1-sample16-sperm15.tif 4 2 0.8474304644268473 
ch00_p4-pl1-sample16-sperm8.tif 4 4 0.9634201672507616 
ch00_p4-pl1-sample17-sperm5.tif 4 2 0.8064866523000715 
ch00_p4-pl1-sample18-sperm5.tif 4 4 0.9440553483687988 
ch00_p4-pl1-sample2-sperm13.tif 4 4 0.9570156820145391 
ch00_p4-pl1-sample20-sperm1.tif 4 2 0.6636228864965693 
ch00_p4-pl1-sample20-sperm11.tif 4 4 0.985398026405254 
ch00_p4-pl1-sample20-sperm6.tif 4 4 0.8084935414764063 
ch00_p4-pl1-sample3-sperm3.tif 4 4 0.6907940913075765 
ch00_p4-pl1-sample3-sperm9.tif 4 4 0.6329276735762693 
ch00_p4-pl1-sample4-sperm11.tif 4 4 0.9336879557061774 
ch00_p4-pl1-sample4-sperm12.tif 4 4 0.859668724831584 
ch00_p4-pl1-sample4-sperm3.tif 4 2 0.8731967428257482 
ch00_p4-pl1-sample5-sperm4.tif 4 2 0.5187708941771976 
ch00_p4-pl1-sample5-sperm7.tif 4 4 0.5250844879784896 
ch00_p4-pl1-sample6-sperm11.tif 4 2 0.5927102392997955 
ch00_p4-pl1-sample6-sperm7.tif 4 2 0.5050217406727499 
ch00_p4-pl1-sample6-sperm9.tif 4 4 0.8643697487364166 
ch00_p4-pl1-sample7-sperm2.tif 4 4 0.7981113811256925 
ch00_p4-pl1-sample7-sperm8.tif 4 0 0.7273203668663475 
ch00_p4-pl1-sample8-sperm1.tif 4 1 0.6163900518458817 
ch00_p4-pl1-sample8-sperm8.tif 4 4 0.5660584847096491 
ch00_p4-pl1-sample9-sperm15.tif 4 4 0.6558269319364627 
ch00_p4-pl1-sample9-sperm17.tif 4 4 0.9374646297554963 
ch00_p4-pl1-sample9-sperm4.tif 4 4 0.9608005454341932 
ch00_p4-pl1-sample9-sperm8.tif 4 4 0.6929196335595068 
ch00_p4-pl2-sample1-sperm7.tif 4 4 0.8950039218408286 
ch00_p4-pl2-sample10-sperm1.tif 4 0 0.9401827524483397 
ch00_p4-pl2-sample10-sperm11.tif 4 4 0.9393973986966198 
ch00_p4-pl2-sample10-sperm12.tif 4 4 0.9678602655807144 
ch00_p4-pl2-sample10-sperm5.tif 4 4 0.9647306673320025 
ch00_p4-pl2-sample10-sperm9.tif 4 4 0.8646612612824268 
ch00_p4-pl2-sample13-sperm7.tif 4 2 0.8479891563809644 
ch00_p4-pl2-sample14-sperm6.tif 4 4 0.7320171472943081 
ch00_p4-pl2-sample14-sperm8.tif 4 1 0.9052301542756288 
ch00_p4-pl2-sample15-sperm6.tif 4 4 0.9232558550008314 
ch00_p4-pl2-sample16-sperm7.tif 4 4 0.8558287845619295 
ch00_p4-pl2-sample17-sperm1.tif 4 4 0.9806660515264612 
ch00_p4-pl2-sample17-sperm4.tif 4 1 0.914858887775679 
ch00_p4-pl2-sample18-sperm1.tif 4 4 0.9400843584671111 
ch00_p4-pl2-sample18-sperm6.tif 4 1 0.9382152259187366 
ch00_p4-pl2-sample18-sperm7.tif 4 4 0.8534517339770399 
ch00_p4-pl2-sample18-sperm8.tif 4 1 0.9367971950600056 
ch00_p4-pl2-sample19-sperm2.tif 4 2 0.88645158539676 
ch00_p4-pl2-sample19-sperm8.tif 4 4 0.9032065780893876 
ch00_p4-pl2-sample2-sperm2.tif 4 4 0.9686413032007536 
ch00_p4-pl2-sample2-sperm5.tif 4 4 0.955218557299458 
ch00_p4-pl2-sample20-sperm6.tif 4 4 0.9920274001880923 
ch00_p4-pl2-sample20-sperm8.tif 4 4 0.9330683891072096 
ch00_p4-pl2-sample3-sperm3.tif 4 4 0.9706892111044075 
ch00_p4-pl2-sample3-sperm6.tif 4 1 0.7893171720876813 
ch00_p4-pl2-sample5-sperm1.tif 4 4 0.9884677152691262 
ch00_p4-pl2-sample6-sperm2.tif 4 3 0.5921476015592575 
ch00_p4-pl2-sample7-sperm2.tif 4 4 0.6373196237732188 
ch00_p4-pl2-sample8-sperm2.tif 4 4 0.9405539097370483 
ch00_p5-pl1-sample1-sperm13.tif 4 4 0.9030600079160113 
ch00_p5-pl1-sample1-sperm15.tif 4 4 0.9788173446951317 
ch00_p5-pl1-sample10-sperm18.tif 4 4 0.7244246197944534 
ch00_p5-pl1-sample11-sperm10.tif 4 4 0.9003472673019723 
ch00_p5-pl1-sample11-sperm4.tif 4 1 0.6224428954519516 
ch00_p5-pl1-sample12-sperm14.tif 4 4 0.9220167487363472 
ch00_p5-pl1-sample12-sperm5.tif 4 4 0.8819107261989029 
ch00_p5-pl1-sample15-sperm2.tif 4 4 0.943565871527385 
ch00_p5-pl1-sample15-sperm3.tif 4 3 0.885092938793765 
ch00_p5-pl1-sample17-sperm5.tif 4 4 0.6691986673251553 
ch00_p5-pl1-sample19-sperm13.tif 4 4 0.8547684835434577 
ch00_p5-pl1-sample2-sperm10.tif 4 4 0.8907863331872337 
ch00_p5-pl1-sample2-sperm13.tif 4 4 0.9640255217630427 
ch00_p5-pl1-sample2-sperm3.tif 4 4 0.5614271929054881 
ch00_p5-pl1-sample20-sperm13.tif 4 1 0.5788211075643108 
ch00_p5-pl1-sample3-sperm13.tif 4 4 0.9515609450105809 
ch00_p5-pl1-sample3-sperm15.tif 4 4 0.8999189593882848 
ch00_p5-pl1-sample3-sperm23.tif 4 4 0.7587076772764982 
ch00_p5-pl1-sample3-sperm7.tif 4 1 0.9058725355350521 
ch00_p5-pl1-sample4-sperm10.tif 4 3 0.6189960774669079 
ch00_p5-pl1-sample5-sperm15.tif 4 4 0.8582596232601409 
ch00_p5-pl1-sample5-sperm18.tif 4 3 0.6761241882494607 
ch00_p5-pl1-sample5-sperm4.tif 4 4 0.891246252637256 
ch00_p5-pl1-sample5-sperm9.tif 4 1 0.8888940296820532 
ch00_p5-pl1-sample6-sperm15.tif 4 4 0.9357922357353073 
ch00_p5-pl1-sample6-sperm4.tif 4 3 0.6318844405403542 
