ch00_p1-pl2-sample1-sperm10.tif 0 0 0.9987753130024415 
ch00_p1-pl2-sample1-sperm3.tif 0 0 0.9998309935019455 
ch00_p1-pl2-sample10-sperm4.tif 0 4 0.9016974697701526 
ch00_p1-pl2-sample13-sperm11.tif 0 0 0.8757082675942579 
ch00_p1-pl2-sample3-sperm12.tif 0 4 0.7542419937647391 
ch00_p1-pl2-sample3-sperm4.tif 0 4 0.6155715726312956 
ch00_p1-pl2-sample30-sperm2.tif 0 0 0.8422709387424369 
ch00_p1-pl2-sample32-sperm3.tif 0 0 0.9444907583259394 
ch00_p1-pl2-sample4-sperm7.tif 0 1 0.5523367983985431 
ch00_p1-pl2-sample5-sperm3.tif 0 4 0.6278131645647013 
ch00_p1-pl3-sample1-sperm2.tif 0 0 0.9952383927006526 
ch00_p1-pl3-sample13-sperm14.tif 0 0 0.997385402924742 
ch00_p1-pl3-sample2-sperm7.tif 0 4 0.8337349210115674 
ch00_p1-pl3-sample22-sperm5.tif 0 4 0.9999951903022463 
ch00_p3-pl1-sample21-sperm2.tif 0 4 0.9349597533635836 
ch00_p3-pl1-sample25-sperm13.tif 0 4 0.994088348810305 
ch00_p4-pl1-sample10-sperm7.tif 0 4 0.9236114148199279 
ch00_p4-pl1-sample13-sperm6.tif 0 4 0.42393832581088964 
ch00_p4-pl1-sample14-sperm1.tif 0 4 0.5056522456473893 
ch00_p4-pl1-sample14-sperm2.tif 0 4 0.9977805461726068 
ch00_p4-pl1-sample15-sperm6.tif 0 0 0.9281958111768883 
ch00_p4-pl1-sample17-sperm9.tif 0 4 0.9920233431532113 
ch00_p4-pl1-sample2-sperm11.tif 0 4 0.9658526896812502 
ch00_p4-pl1-sample20-sperm7.tif 0 4 0.5713219601061765 
ch00_p4-pl1-sample9-sperm5.tif 0 4 0.9855740892225847 
ch00_p4-pl2-sample14-sperm7.tif 0 4 0.964866313785664 
ch00_p4-pl2-sample17-sperm5.tif 0 4 0.9687637765552223 
ch00_p5-pl1-sample5-sperm12.tif 0 4 0.9999999801865421 
ch00_p5-pl1-sample5-sperm3.tif 0 4 0.9999997502622772 
ch00_p5-pl1-sample7-sperm9.tif 0 4 0.9977366605113898 
ch00_p1-pl2-sample1-sperm6.tif 1 1 0.998994111774459 
ch00_p1-pl2-sample10-sperm5.tif 1 4 0.8675988087781557 
ch00_p1-pl2-sample11-sperm12.tif 1 1 0.9933395873032889 
ch00_p1-pl2-sample11-sperm2.tif 1 1 0.9997743503979443 
ch00_p1-pl2-sample11-sperm4.tif 1 4 0.999999313149882 
ch00_p1-pl2-sample12-sperm3.tif 1 1 0.998924700903616 
ch00_p1-pl2-sample13-sperm18.tif 1 1 0.9947342186559825 
ch00_p1-pl2-sample15-sperm3.tif 1 1 0.979727081023345 
ch00_p1-pl2-sample18-sperm1.tif 1 4 0.9180099564730874 
ch00_p1-pl2-sample18-sperm10.tif 1 0 0.6571821317857093 
ch00_p1-pl2-sample18-sperm3.tif 1 1 0.6076572166311228 
ch00_p1-pl2-sample19-sperm10.tif 1 1 0.7348133853826153 
ch00_p1-pl2-sample19-sperm14.tif 1 2 0.7885527981582835 
ch00_p1-pl2-sample2-sperm3.tif 1 4 0.9958395914905236 
ch00_p1-pl2-sample2-sperm4.tif 1 1 0.9935502246335276 
ch00_p1-pl2-sample20-sperm13.tif 1 1 0.7387018681747274 
ch00_p1-pl2-sample21-sperm3.tif 1 1 0.9999854899875272 
ch00_p1-pl2-sample21-sperm9.tif 1 1 0.9998940670897205 
ch00_p1-pl2-sample22-sperm3.tif 1 4 0.7169817365618201 
ch00_p1-pl2-sample22-sperm6.tif 1 0 0.5822993808186954 
ch00_p1-pl2-sample25-sperm8.tif 1 4 0.6322371779252941 
ch00_p1-pl2-sample29-sperm6.tif 1 1 0.8730401205609909 
ch00_p1-pl2-sample29-sperm8.tif 1 4 0.9499907324203195 
ch00_p1-pl2-sample30-sperm7.tif 1 1 0.958571109028088 
ch00_p1-pl2-sample32-sperm2.tif 1 4 0.9987430179469041 
ch00_p1-pl2-sample32-sperm6.tif 1 4 0.9454020484221017 
ch00_p1-pl2-sample4-sperm5.tif 1 1 0.9970747112837904 
ch00_p1-pl2-sample4-sperm8.tif 1 1 0.990481504924963 
ch00_p1-pl2-sample6-sperm10.tif 1 1 0.9999752747628364 
ch00_p1-pl2-sample6-sperm3.tif 1 1 0.9976222169917168 
ch00_p1-pl2-sample6-sperm4.tif 1 1 0.9999920615217226 
ch00_p1-pl2-sample7-sperm11.tif 1 1 0.999743934150643 
ch00_p1-pl2-sample8-sperm1.tif 1 4 0.9999999901300148 
ch00_p1-pl2-sample8-sperm3.tif 1 1 0.9995974299754227 
ch00_p1-pl2-sample9-sperm12.tif 1 4 0.915687047746959 
ch00_p1-pl2-sample9-sperm2.tif 1 1 0.5126462236658628 
ch00_p1-pl3-sample10-sperm6.tif 1 1 0.9997129660259715 
ch00_p1-pl3-sample12-sperm2.tif 1 1 0.979083578062187 
ch00_p1-pl3-sample12-sperm5.tif 1 1 0.9974286948540799 
ch00_p1-pl3-sample12-sperm7.tif 1 4 0.822302211214159 
ch00_p1-pl3-sample15-sperm21.tif 1 1 0.5795813363548266 
ch00_p1-pl3-sample16-sperm13.tif 1 4 0.9949004277204442 
ch00_p1-pl3-sample18-sperm3.tif 1 1 0.9989512670051969 
ch00_p1-pl3-sample6-sperm16.tif 1 4 0.8251368768500961 
ch00_p3-pl1-sample10-sperm2.tif 1 1 0.9998539329559692 
ch00_p3-pl1-sample27-sperm2.tif 1 1 0.7914984137816419 
ch00_p3-pl1-sample27-sperm5.tif 1 1 0.9979294517639181 
ch00_p3-pl1-sample31-sperm6.tif 1 1 0.992236308961197 
ch00_p3-pl1-sample4-sperm2.tif 1 1 0.9999352746181829 
ch00_p3-pl1-sample5-sperm1.tif 1 1 0.9683643790046056 
ch00_p3-pl1-sample7-sperm14.tif 1 1 0.9033814952939947 
ch00_p4-pl1-sample1-sperm11.tif 1 1 0.9953319229321541 
ch00_p4-pl1-sample10-sperm18.tif 1 1 0.9995437489264865 
ch00_p4-pl1-sample17-sperm3.tif 1 4 0.6192283154889121 
ch00_p4-pl1-sample19-sperm3.tif 1 4 0.9999999999677515 
ch00_p4-pl1-sample6-sperm5.tif 1 1 0.9994665318860246 
ch00_p4-pl1-sample7-sperm18.tif 1 4 0.7422058816477878 
ch00_p4-pl2-sample8-sperm6.tif 1 1 0.9694262867608082 
ch00_p5-pl1-sample11-sperm5.tif 1 4 0.880168921811342 
ch00_p5-pl1-sample12-sperm17.tif 1 4 0.9955411777468058 
ch00_p5-pl1-sample14-sperm5.tif 1 4 0.6689818970495217 
ch00_p5-pl1-sample4-sperm1.tif 1 1 0.9990532753188605 
ch00_p5-pl1-sample4-sperm9.tif 1 4 0.7703959805896615 
ch00_p5-pl1-sample5-sperm16.tif 1 1 0.6297969497238368 
ch00_p5-pl1-sample6-sperm13.tif 1 1 0.9965045897581247 
ch00_p5-pl1-sample7-sperm6.tif 1 1 0.9992889740120344 
ch00_p5-pl1-sample7-sperm7.tif 1 1 0.9996824825170937 
ch00_p5-pl1-sample8-sperm5.tif 1 1 0.9997952230500525 
ch00_p1-pl2-sample13-sperm4.tif 2 4 0.999999406448938 
ch00_p1-pl2-sample2-sperm6.tif 2 1 0.6044539929893553 
ch00_p1-pl2-sample23-sperm9.tif 2 4 0.9999999973898088 
ch00_p1-pl2-sample35-sperm6.tif 2 2 0.5545070429148443 
ch00_p1-pl2-sample8-sperm4.tif 2 4 0.56455163409103 
ch00_p1-pl3-sample1-sperm9.tif 2 4 0.9507880147612159 
ch00_p1-pl3-sample11-sperm7.tif 2 4 0.6676312511500738 
ch00_p1-pl3-sample15-sperm14.tif 2 4 0.9999998273421113 
ch00_p1-pl3-sample17-sperm9.tif 2 2 0.5187482601400846 
ch00_p1-pl3-sample20-sperm4.tif 2 4 0.9931954958947626 
ch00_p1-pl3-sample6-sperm17.tif 2 4 0.6124048188068857 
ch00_p1-pl3-sample6-sperm2.tif 2 4 0.7441289787869069 
ch00_p1-pl3-sample7-sperm13.tif 2 0 0.9760510804084476 
ch00_p1-pl3-sample7-sperm5.tif 2 4 0.8210130364558346 
ch00_p3-pl1-sample25-sperm7.tif 2 4 0.7405244238188952 
ch00_p3-pl1-sample29-sperm10.tif 2 2 0.9171937394310646 
ch00_p4-pl1-sample12-sperm4.tif 2 4 0.9566082110913443 
ch00_p4-pl1-sample19-sperm4.tif 2 4 0.7166623749915338 
ch00_p4-pl1-sample3-sperm10.tif 2 1 0.9921237526372164 
ch00_p4-pl1-sample4-sperm6.tif 2 4 0.9719406220611392 
ch00_p4-pl1-sample5-sperm10.tif 2 2 0.5546204890418849 
ch00_p4-pl2-sample11-sperm5.tif 2 2 0.741036635156195 
ch00_p1-pl2-sample13-sperm13.tif 3 4 0.8976672769719203 
ch00_p1-pl2-sample15-sperm6.tif 3 3 0.49771095519378794 
ch00_p1-pl2-sample18-sperm4.tif 3 0 0.4354305942015664 
ch00_p1-pl2-sample21-sperm7.tif 3 4 0.9829143728848926 
ch00_p1-pl2-sample22-sperm10.tif 3 4 0.6481003670094616 
ch00_p1-pl2-sample22-sperm2.tif 3 0 0.45879182336173907 
ch00_p1-pl2-sample23-sperm8.tif 3 3 0.7746654174359943 
ch00_p1-pl2-sample31-sperm1.tif 3 4 0.9921551332869153 
ch00_p1-pl2-sample4-sperm12.tif 3 4 0.9944617781678388 
ch00_p1-pl3-sample10-sperm9.tif 3 0 0.9501552620048862 
ch00_p1-pl3-sample21-sperm7.tif 3 3 0.9477511926457662 
ch00_p1-pl3-sample23-sperm16.tif 3 4 0.9952251211928133 
ch00_p1-pl3-sample23-sperm7.tif 3 4 0.755736130035815 
ch00_p1-pl3-sample25-sperm14.tif 3 3 0.9811599029200195 
ch00_p1-pl3-sample9-sperm9.tif 3 4 0.6333308378595977 
ch00_p3-pl1-sample1-sperm3.tif 3 3 0.8870156177888525 
ch00_p3-pl1-sample12-sperm3.tif 3 3 0.9976885636613099 
ch00_p3-pl1-sample28-sperm2.tif 3 3 0.9129397607084981 
ch00_p3-pl1-sample32-sperm1.tif 3 0 0.610110594009629 
ch00_p4-pl1-sample20-sperm4.tif 3 4 0.9829862884958516 
ch00_p4-pl2-sample12-sperm8.tif 3 3 0.9344999409324406 
ch00_p1-pl2-sample1-sperm4.tif 4 1 0.9996179567253689 
ch00_p1-pl2-sample10-sperm16.tif 4 0 0.6842073525843584 
ch00_p1-pl2-sample12-sperm1.tif 4 4 0.9999999986578413 
ch00_p1-pl2-sample12-sperm10.tif 4 4 0.997345382620927 
ch00_p1-pl2-sample12-sperm11.tif 4 4 0.9861620615805947 
ch00_p1-pl2-sample12-sperm8.tif 4 4 0.971525816325774 
ch00_p1-pl2-sample13-sperm1.tif 4 4 0.9569290280308865 
ch00_p1-pl2-sample13-sperm2.tif 4 4 0.8685681760141399 
ch00_p1-pl2-sample13-sperm5.tif 4 4 0.7801634045843954 
ch00_p1-pl2-sample14-sperm4.tif 4 4 0.9863896806335392 
ch00_p1-pl2-sample16-sperm5.tif 4 1 0.8919352929830919 
ch00_p1-pl2-sample16-sperm7.tif 4 4 0.9999914047431179 
ch00_p1-pl2-sample20-sperm10.tif 4 4 0.9954022361046004 
ch00_p1-pl2-sample22-sperm11.tif 4 4 0.9999996673392305 
ch00_p1-pl2-sample23-sperm16.tif 4 4 0.9999992281789009 
ch00_p1-pl2-sample23-sperm17.tif 4 4 0.9949188139306497 
ch00_p1-pl2-sample24-sperm10.tif 4 3 0.6479907093219676 
ch00_p1-pl2-sample24-sperm13.tif 4 4 0.9887613279929404 
ch00_p1-pl2-sample28-sperm1.tif 4 0 0.834999247524153 
ch00_p1-pl2-sample28-sperm3.tif 4 1 0.838825849585579 
ch00_p1-pl2-sample3-sperm8.tif 4 4 0.8858860479009963 
ch00_p1-pl2-sample30-sperm4.tif 4 4 0.9973214213650606 
ch00_p1-pl2-sample30-sperm6.tif 4 4 0.976531321809592 
ch00_p1-pl2-sample31-sperm3.tif 4 1 0.9737825152645095 
ch00_p1-pl2-sample32-sperm1.tif 4 4 0.834705762133855 
ch00_p1-pl2-sample32-sperm11.tif 4 4 0.9999999996917895 
ch00_p1-pl2-sample32-sperm5.tif 4 0 0.5815525997782853 
ch00_p1-pl2-sample33-sperm2.tif 4 4 0.9910061052536474 
ch00_p1-pl2-sample33-sperm3.tif 4 4 0.9999999999788282 
ch00_p1-pl2-sample34-sperm7.tif 4 4 0.9999997664800753 
ch00_p1-pl2-sample35-sperm12.tif 4 3 0.7199782267966965 
ch00_p1-pl2-sample35-sperm8.tif 4 4 0.9527171189353558 
ch00_p1-pl2-sample4-sperm4.tif 4 4 0.9864556762418644 
ch00_p1-pl2-sample9-sperm18.tif 4 4 0.8882028683443779 
ch00_p1-pl2-sample9-sperm4.tif 4 3 0.9561217356255309 
ch00_p1-pl3-sample1-sperm13.tif 4 4 0.9999999684370504 
ch00_p1-pl3-sample1-sperm14.tif 4 2 0.711411412549318 
ch00_p1-pl3-sample12-sperm16.tif 4 4 0.9999982986515444 
ch00_p1-pl3-sample12-sperm3.tif 4 1 0.9015647814352601 
ch00_p1-pl3-sample12-sperm6.tif 4 4 0.6385358636284734 
ch00_p1-pl3-sample12-sperm8.tif 4 4 0.8471560744539812 
ch00_p1-pl3-sample13-sperm5.tif 4 4 0.9467455908376246 
ch00_p1-pl3-sample13-sperm8.tif 4 4 0.9944262459721823 
ch00_p1-pl3-sample14-sperm16.tif 4 0 0.5802860226496971 
ch00_p1-pl3-sample15-sperm20.tif 4 3 0.7262821174269785 
ch00_p1-pl3-sample15-sperm3.tif 4 3 0.9970432896158067 
ch00_p1-pl3-sample15-sperm7.tif 4 4 0.9332098582363513 
ch00_p1-pl3-sample16-sperm17.tif 4 4 0.9999999957079829 
ch00_p1-pl3-sample16-sperm8.tif 4 4 0.8375861260140316 
ch00_p1-pl3-sample17-sperm11.tif 4 1 0.9269456976927494 
ch00_p1-pl3-sample19-sperm8.tif 4 0 0.9908241356249811 
ch00_p1-pl3-sample2-sperm10.tif 4 4 0.9953870096308921 
ch00_p1-pl3-sample2-sperm12.tif 4 0 0.578645272917353 
ch00_p1-pl3-sample20-sperm12.tif 4 4 0.9741877251731614 
ch00_p1-pl3-sample21-sperm1.tif 4 4 0.7627364292520814 
ch00_p1-pl3-sample21-sperm11.tif 4 1 0.6936288863590871 
ch00_p1-pl3-sample21-sperm12.tif 4 4 0.9254002091325034 
ch00_p1-pl3-sample23-sperm19.tif 4 4 0.8892424640781916 
ch00_p1-pl3-sample23-sperm3.tif 4 4 0.9999999538148944 
ch00_p1-pl3-sample24-sperm22.tif 4 1 0.7666386164538501 
ch00_p1-pl3-sample24-sperm23.tif 4 4 0.9999999998830056 
ch00_p1-pl3-sample24-sperm24.tif 4 4 0.999999392733502 
ch00_p1-pl3-sample24-sperm5.tif 4 1 0.5596243385872665 
ch00_p1-pl3-sample24-sperm9.tif 4 2 0.6986207477080792 
ch00_p1-pl3-sample25-sperm1.tif 4 4 0.6656755779548128 
ch00_p1-pl3-sample25-sperm13.tif 4 1 0.9976778598881658 
ch00_p1-pl3-sample25-sperm9.tif 4 4 0.8872890450804831 
ch00_p1-pl3-sample3-sperm2.tif 4 3 0.9943347416521677 
ch00_p1-pl3-sample3-sperm5.tif 4 4 0.9747701783008729 
ch00_p1-pl3-sample3-sperm8.tif 4 3 0.9195227714811106 
ch00_p1-pl3-sample4-sperm3.tif 4 3 0.9397736106565694 
ch00_p1-pl3-sample5-sperm6.tif 4 1 0.9753557485528245 
ch00_p1-pl3-sample5-sperm7.tif 4 2 0.8137777373331893 
ch00_p1-pl3-sample6-sperm6.tif 4 4 0.8083302095199723 
ch00_p1-pl3-sample7-sperm11.tif 4 4 0.9190494857858971 
ch00_p1-pl3-sample7-sperm9.tif 4 4 0.989470177680369 
ch00_p1-pl3-sample8-sperm11.tif 4 1 0.9997411895232834 
ch00_p1-pl3-sample8-sperm8.tif 4 4 0.9799558965146724 
ch00_p1-pl3-sample9-sperm5.tif 4 4 0.7125609525523385 
ch00_p3-pl1-sample11-sperm1.tif 4 4 0.9999987488570257 
ch00_p3-pl1-sample11-sperm6.tif 4 4 0.9921324518830626 
ch00_p3-pl1-sample12-sperm6.tif 4 4 0.9999998238120344 
ch00_p3-pl1-sample15-sperm4.tif 4 4 0.9999999999998819 
ch00_p3-pl1-sample18-sperm2.tif 4 0 0.5761713247928099 
ch00_p3-pl1-sample19-sperm4.tif 4 0 0.9871883981933317 
ch00_p3-pl1-sample19-sperm9.tif 4 4 0.6756349659903369 
ch00_p3-pl1-sample20-sperm2.tif 4 4 0.587387497222696 
ch00_p3-pl1-sample21-sperm4.tif 4 4 0.9914088642931155 
ch00_p3-pl1-sample22-sperm8.tif 4 4 0.7872618471713614 
ch00_p3-pl1-sample25-sperm10.tif 4 4 0.9691646338550702 
ch00_p3-pl1-sample25-sperm2.tif 4 4 0.9640600602305511 
ch00_p3-pl1-sample27-sperm3.tif 4 3 0.9234969390649213 
ch00_p3-pl1-sample29-sperm4.tif 4 4 0.7783102949812061 
ch00_p3-pl1-sample29-sperm9.tif 4 4 0.9713031234400069 
ch00_p3-pl1-sample30-sperm4.tif 4 4 0.9999999999995427 
ch00_p3-pl1-sample30-sperm5.tif 4 1 0.9891475914641608 
ch00_p3-pl1-sample31-sperm1.tif 4 1 0.7694083745504382 
ch00_p3-pl1-sample31-sperm2.tif 4 1 0.9990486692544794 
ch00_p3-pl1-sample31-sperm7.tif 4 4 0.8367119986282062 
ch00_p3-pl1-sample4-sperm5.tif 4 4 0.9058078774892182 
ch00_p3-pl1-sample5-sperm3.tif 4 1 0.9958321677299912 
ch00_p3-pl1-sample7-sperm7.tif 4 4 0.4888419890369146 
ch00_p3-pl1-sample8-sperm5.tif 4 4 0.9928666805245797 
ch00_p3-pl1-sample9-sperm9.tif 4 4 0.9999999776500959 
ch00_p4-pl1-sample1-sperm7.tif 4 4 0.9722592980129708 
ch00_p4-pl1-sample11-sperm13.tif 4 4 0.9032822621932176 
ch00_p4-pl1-sample12-sperm2.tif 4 2 0.9609359991042641 
ch00_p4-pl1-sample12-sperm3.tif 4 4 0.9844497573909392 
ch00_p4-pl1-sample12-sperm8.tif 4 4 0.9881606233999695 
ch00_p4-pl1-sample12-sperm9.tif 4 4 0.9931828750349954 
ch00_p4-pl1-sample13-sperm2.tif 4 1 0.5034977019258838 
ch00_p4-pl1-sample13-sperm3.tif 4 1 0.48886087476357004 
ch00_p4-pl1-sample13-sperm7.tif 4 4 0.7817018431489403 
ch00_p4-pl1-sample14-sperm12.tif 4 4 0.9999996407132771 
ch00_p4-pl1-sample14-sperm5.tif 4 4 0.5135135653583055 
ch00_p4-pl1-sample16-sperm15.tif 4 1 0.8969033989428721 
ch00_p4-pl1-sample16-sperm8.tif 4 4 0.9966123584435091 
ch00_p4-pl1-sample17-sperm5.tif 4 2 0.8455829388468461 
ch00_p4-pl1-sample18-sperm5.tif 4 4 0.9886901633746245 
ch00_p4-pl1-sample2-sperm13.tif 4 4 0.9965338110426449 
ch00_p4-pl1-sample20-sperm1.tif 4 2 0.8656559672501609 
ch00_p4-pl1-sample20-sperm11.tif 4 4 0.5316469240337439 
ch00_p4-pl1-sample20-sperm6.tif 4 1 0.9965566488286215 
ch00_p4-pl1-sample3-sperm3.tif 4 4 0.9882276949831172 
ch00_p4-pl1-sample3-sperm9.tif 4 4 0.9999999997946883 
ch00_p4-pl1-sample4-sperm11.tif 4 4 0.998234861731321 
ch00_p4-pl1-sample4-sperm12.tif 4 4 0.9982850564599963 
ch00_p4-pl1-sample4-sperm3.tif 4 4 0.9981143662197254 
ch00_p4-pl1-sample5-sperm4.tif 4 4 0.9771778969253913 
ch00_p4-pl1-sample5-sperm7.tif 4 4 0.9458459913201505 
ch00_p4-pl1-sample6-sperm11.tif 4 4 0.9999999999985165 
ch00_p4-pl1-sample6-sperm7.tif 4 4 0.9999941876237615 
ch00_p4-pl1-sample6-sperm9.tif 4 4 0.9999964621403088 
ch00_p4-pl1-sample7-sperm2.tif 4 1 0.5609965992401422 
ch00_p4-pl1-sample7-sperm8.tif 4 0 0.9675957604176011 
ch00_p4-pl1-sample8-sperm1.tif 4 1 0.9563466578518879 
ch00_p4-pl1-sample8-sperm8.tif 4 4 0.9757982618310393 
ch00_p4-pl1-sample9-sperm15.tif 4 1 0.6749208982441994 
ch00_p4-pl1-sample9-sperm17.tif 4 4 0.9961449682773257 
ch00_p4-pl1-sample9-sperm4.tif 4 4 0.9999998843622098 
ch00_p4-pl1-sample9-sperm8.tif 4 4 0.9512133511454489 
ch00_p4-pl2-sample1-sperm7.tif 4 1 0.8765106397550311 
ch00_p4-pl2-sample10-sperm1.tif 4 4 0.8831919075444081 
ch00_p4-pl2-sample10-sperm11.tif 4 4 0.9999999805463392 
ch00_p4-pl2-sample10-sperm12.tif 4 4 0.9966627154493908 
ch00_p4-pl2-sample10-sperm5.tif 4 4 0.9999997956257793 
ch00_p4-pl2-sample10-sperm9.tif 4 4 0.9928139012225364 
ch00_p4-pl2-sample13-sperm7.tif 4 4 0.9999996733692276 
ch00_p4-pl2-sample14-sperm6.tif 4 4 0.9999999993924134 
ch00_p4-pl2-sample14-sperm8.tif 4 1 0.6218831204192744 
ch00_p4-pl2-sample15-sperm6.tif 4 4 0.8309001848027797 
ch00_p4-pl2-sample16-sperm7.tif 4 4 0.9999999948265805 
ch00_p4-pl2-sample17-sperm1.tif 4 4 0.9999995233587514 
ch00_p4-pl2-sample17-sperm4.tif 4 1 0.9990326762893568 
ch00_p4-pl2-sample18-sperm1.tif 4 4 0.9999999996016379 
ch00_p4-pl2-sample18-sperm6.tif 4 4 0.9882701075512986 
ch00_p4-pl2-sample18-sperm7.tif 4 4 0.9842824300511467 
ch00_p4-pl2-sample18-sperm8.tif 4 1 0.9712468264801164 
ch00_p4-pl2-sample19-sperm2.tif 4 4 0.9647104025436347 
ch00_p4-pl2-sample19-sperm8.tif 4 4 0.9999989887717917 
ch00_p4-pl2-sample2-sperm2.tif 4 4 0.9304605458602777 
ch00_p4-pl2-sample2-sperm5.tif 4 4 0.9696149454555604 
ch00_p4-pl2-sample20-sperm6.tif 4 0 0.9564246567964604 
ch00_p4-pl2-sample20-sperm8.tif 4 4 0.9999994964052297 
ch00_p4-pl2-sample3-sperm3.tif 4 1 0.9897276636622109 
ch00_p4-pl2-sample3-sperm6.tif 4 4 0.9999992985021118 
ch00_p4-pl2-sample5-sperm1.tif 4 4 0.9967193650318474 
ch00_p4-pl2-sample6-sperm2.tif 4 4 0.7155515527524869 
ch00_p4-pl2-sample7-sperm2.tif 4 4 0.8332400512749268 
ch00_p4-pl2-sample8-sperm2.tif 4 4 0.6486451299601907 
ch00_p5-pl1-sample1-sperm13.tif 4 4 0.9978098682802856 
ch00_p5-pl1-sample1-sperm15.tif 4 4 0.9999995881674466 
ch00_p5-pl1-sample10-sperm18.tif 4 4 0.9999999999908212 
ch00_p5-pl1-sample11-sperm10.tif 4 4 0.9999998178256225 
ch00_p5-pl1-sample11-sperm4.tif 4 4 0.8880935627478251 
ch00_p5-pl1-sample12-sperm14.tif 4 4 0.9999999999983027 
ch00_p5-pl1-sample12-sperm5.tif 4 4 0.999999999997214 
ch00_p5-pl1-sample15-sperm2.tif 4 4 0.9954296526098632 
ch00_p5-pl1-sample15-sperm3.tif 4 4 0.985506875156471 
ch00_p5-pl1-sample17-sperm5.tif 4 4 0.9999958072047225 
ch00_p5-pl1-sample19-sperm13.tif 4 4 0.9999957365968627 
ch00_p5-pl1-sample2-sperm10.tif 4 4 0.9999982851736792 
ch00_p5-pl1-sample2-sperm13.tif 4 4 0.9999999649099447 
ch00_p5-pl1-sample2-sperm3.tif 4 4 0.9981759584215238 
ch00_p5-pl1-sample20-sperm13.tif 4 1 0.9943711143547715 
ch00_p5-pl1-sample3-sperm13.tif 4 4 0.999998469107777 
ch00_p5-pl1-sample3-sperm15.tif 4 4 0.9999999479769509 
ch00_p5-pl1-sample3-sperm23.tif 4 4 0.9999993506691865 
ch00_p5-pl1-sample3-sperm7.tif 4 1 0.9420982789723982 
ch00_p5-pl1-sample4-sperm10.tif 4 4 0.9999999941199348 
ch00_p5-pl1-sample5-sperm15.tif 4 1 0.9968556229400927 
ch00_p5-pl1-sample5-sperm18.tif 4 4 0.999999997665294 
ch00_p5-pl1-sample5-sperm4.tif 4 4 0.8446302522086105 
ch00_p5-pl1-sample5-sperm9.tif 4 1 0.9499154542319364 
ch00_p5-pl1-sample6-sperm15.tif 4 4 0.9999995420630853 
ch00_p5-pl1-sample6-sperm4.tif 4 4 0.9980265086983308 
