ch00_p1-pl2-sample1-sperm3.tif 0 0 0.9901291258552556 
ch00_p1-pl2-sample10-sperm4.tif 0 0 0.7815298629854234 
ch00_p1-pl2-sample12-sperm13.tif 0 4 0.7491397744880436 
ch00_p1-pl2-sample22-sperm5.tif 0 0 0.5556422894924637 
ch00_p1-pl2-sample25-sperm4.tif 0 0 0.8592092638227251 
ch00_p1-pl2-sample3-sperm7.tif 0 4 0.9954849105418224 
ch00_p1-pl2-sample30-sperm2.tif 0 3 0.43391338702511134 
ch00_p1-pl2-sample34-sperm9.tif 0 4 0.9158466050214152 
ch00_p1-pl2-sample4-sperm20.tif 0 0 0.9796352378749908 
ch00_p1-pl2-sample5-sperm3.tif 0 0 0.7966386204345887 
ch00_p1-pl2-sample8-sperm6.tif 0 4 0.5305512432633965 
ch00_p1-pl2-sample9-sperm9.tif 0 4 0.997450412243817 
ch00_p1-pl3-sample15-sperm13.tif 0 2 0.9036877540340588 
ch00_p1-pl3-sample17-sperm5.tif 0 4 0.9935975270031755 
ch00_p1-pl3-sample2-sperm3.tif 0 4 0.9999999810956073 
ch00_p1-pl3-sample24-sperm4.tif 0 4 0.4279537980991051 
ch00_p1-pl3-sample6-sperm11.tif 0 4 0.9035867392238935 
ch00_p3-pl1-sample21-sperm2.tif 0 0 0.9779852240727835 
ch00_p4-pl1-sample1-sperm3.tif 0 0 0.8833305789074221 
ch00_p4-pl1-sample14-sperm1.tif 0 4 0.9903032912589352 
ch00_p4-pl1-sample15-sperm6.tif 0 0 0.7100798158355475 
ch00_p4-pl1-sample17-sperm9.tif 0 0 0.9227973378961126 
ch00_p4-pl1-sample19-sperm1.tif 0 4 0.9830724558653477 
ch00_p4-pl1-sample2-sperm4.tif 0 4 0.9947306112285142 
ch00_p4-pl1-sample20-sperm7.tif 0 4 0.9979055568213506 
ch00_p4-pl1-sample6-sperm10.tif 0 4 0.9999997765197142 
ch00_p4-pl2-sample14-sperm7.tif 0 0 0.899601157186343 
ch00_p5-pl1-sample2-sperm9.tif 0 4 0.9999999995569121 
ch00_p5-pl1-sample5-sperm12.tif 0 4 0.9999999975523566 
ch00_p5-pl1-sample7-sperm9.tif 0 0 0.9848307760913386 
ch00_p1-pl2-sample10-sperm3.tif 1 1 0.9999711704303558 
ch00_p1-pl2-sample11-sperm10.tif 1 4 0.809358995662344 
ch00_p1-pl2-sample11-sperm12.tif 1 1 0.9999761186054741 
ch00_p1-pl2-sample12-sperm4.tif 1 4 0.9061885827451477 
ch00_p1-pl2-sample13-sperm18.tif 1 1 0.9751441803363402 
ch00_p1-pl2-sample14-sperm13.tif 1 4 0.9999999848689385 
ch00_p1-pl2-sample17-sperm5.tif 1 1 0.7851169855824016 
ch00_p1-pl2-sample19-sperm11.tif 1 1 0.9995768706794537 
ch00_p1-pl2-sample19-sperm14.tif 1 1 0.7274241923167264 
ch00_p1-pl2-sample2-sperm3.tif 1 4 0.9999999999979913 
ch00_p1-pl2-sample22-sperm1.tif 1 1 0.9999878932371357 
ch00_p1-pl2-sample23-sperm10.tif 1 1 0.8674646102806606 
ch00_p1-pl2-sample23-sperm14.tif 1 2 0.9785897011240186 
ch00_p1-pl2-sample25-sperm5.tif 1 1 0.9999319926678708 
ch00_p1-pl2-sample3-sperm17.tif 1 4 0.80939976579227 
ch00_p1-pl2-sample3-sperm3.tif 1 1 0.9993918552305108 
ch00_p1-pl2-sample30-sperm7.tif 1 1 0.8669267629771836 
ch00_p1-pl2-sample32-sperm7.tif 1 1 0.9502267727550621 
ch00_p1-pl2-sample35-sperm7.tif 1 2 0.929238373458623 
ch00_p1-pl2-sample4-sperm17.tif 1 2 0.9999903458250464 
ch00_p1-pl2-sample4-sperm8.tif 1 4 0.9976143707394328 
ch00_p1-pl2-sample6-sperm7.tif 1 4 0.9136895152197245 
ch00_p1-pl2-sample7-sperm2.tif 1 4 0.9999998894411216 
ch00_p1-pl2-sample9-sperm11.tif 1 1 0.999918971966831 
ch00_p1-pl2-sample9-sperm12.tif 1 1 0.9995091894740481 
ch00_p1-pl3-sample1-sperm10.tif 1 4 0.9825286455115334 
ch00_p1-pl3-sample10-sperm4.tif 1 4 0.8042337142215696 
ch00_p1-pl3-sample10-sperm6.tif 1 1 0.9931553144151771 
ch00_p1-pl3-sample11-sperm10.tif 1 1 0.9945431253018131 
ch00_p1-pl3-sample12-sperm2.tif 1 4 0.9956796388212534 
ch00_p1-pl3-sample12-sperm5.tif 1 1 0.9896140689262316 
ch00_p1-pl3-sample12-sperm7.tif 1 4 0.47689445612977055 
ch00_p1-pl3-sample15-sperm21.tif 1 2 0.9809049385281056 
ch00_p1-pl3-sample15-sperm6.tif 1 4 0.4270201097060239 
ch00_p1-pl3-sample18-sperm4.tif 1 1 0.9999997954216591 
ch00_p1-pl3-sample19-sperm4.tif 1 4 0.9999999797308569 
ch00_p1-pl3-sample20-sperm3.tif 1 4 0.9999999999993646 
ch00_p1-pl3-sample24-sperm2.tif 1 4 0.9999995302352118 
ch00_p1-pl3-sample7-sperm10.tif 1 1 0.9791980563130034 
ch00_p1-pl3-sample9-sperm13.tif 1 4 0.8767428253221246 
ch00_p3-pl1-sample11-sperm2.tif 1 4 0.9428284160108532 
ch00_p3-pl1-sample14-sperm2.tif 1 4 0.9517884051850808 
ch00_p3-pl1-sample17-sperm3.tif 1 4 0.9999999999912907 
ch00_p3-pl1-sample18-sperm1.tif 1 1 0.9858143339543339 
ch00_p3-pl1-sample18-sperm3.tif 1 1 0.999999157610391 
ch00_p3-pl1-sample19-sperm7.tif 1 1 0.9874837637601634 
ch00_p3-pl1-sample22-sperm2.tif 1 4 0.972685242952829 
ch00_p3-pl1-sample23-sperm11.tif 1 1 0.6956686505044575 
ch00_p3-pl1-sample27-sperm2.tif 1 1 0.9930999366447937 
ch00_p3-pl1-sample5-sperm6.tif 1 1 0.9999981001039924 
ch00_p4-pl1-sample12-sperm5.tif 1 4 0.9999999861137063 
ch00_p4-pl1-sample17-sperm3.tif 1 4 0.8576147298669977 
ch00_p4-pl1-sample19-sperm3.tif 1 4 0.9983836219527413 
ch00_p4-pl1-sample20-sperm13.tif 1 4 0.8959727762463681 
ch00_p4-pl1-sample7-sperm16.tif 1 4 0.9370448739472618 
ch00_p4-pl1-sample8-sperm14.tif 1 4 0.9960134529189816 
ch00_p4-pl1-sample9-sperm13.tif 1 2 0.8149824384416997 
ch00_p4-pl2-sample1-sperm6.tif 1 1 0.601573294715486 
ch00_p4-pl2-sample5-sperm7.tif 1 4 0.999999993899457 
ch00_p5-pl1-sample16-sperm7.tif 1 4 0.9999998770122009 
ch00_p5-pl1-sample17-sperm15.tif 1 4 0.8464976806916787 
ch00_p5-pl1-sample18-sperm11.tif 1 4 0.9999999151445156 
ch00_p5-pl1-sample2-sperm2.tif 1 4 0.6793323455487664 
ch00_p5-pl1-sample20-sperm11.tif 1 4 0.8935352180213898 
ch00_p5-pl1-sample20-sperm9.tif 1 4 0.9911810891771305 
ch00_p5-pl1-sample5-sperm20.tif 1 4 0.8483658202026232 
ch00_p5-pl1-sample7-sperm6.tif 1 4 0.9999994986016179 
ch00_p5-pl1-sample7-sperm7.tif 1 4 0.7480141099570429 
ch00_p1-pl2-sample10-sperm13.tif 2 4 0.9459046882537502 
ch00_p1-pl2-sample17-sperm12.tif 2 0 0.49708360587016964 
ch00_p1-pl2-sample2-sperm6.tif 2 4 0.7784530273212932 
ch00_p1-pl2-sample20-sperm14.tif 2 2 0.9945987130485293 
ch00_p1-pl2-sample23-sperm9.tif 2 4 0.9989541805443088 
ch00_p1-pl2-sample31-sperm10.tif 2 2 0.9999708873663581 
ch00_p1-pl2-sample33-sperm13.tif 2 4 0.5077913400965502 
ch00_p1-pl2-sample34-sperm5.tif 2 2 0.7439739180405431 
ch00_p1-pl2-sample35-sperm6.tif 2 4 0.9919446395705409 
ch00_p1-pl3-sample1-sperm15.tif 2 4 0.9976178374491388 
ch00_p1-pl3-sample1-sperm9.tif 2 4 0.790765649468374 
ch00_p1-pl3-sample11-sperm7.tif 2 4 0.49786612918377454 
ch00_p1-pl3-sample12-sperm11.tif 2 2 0.8976094989273947 
ch00_p1-pl3-sample21-sperm10.tif 2 2 0.9461488995335754 
ch00_p1-pl3-sample6-sperm17.tif 2 2 0.7416257240443618 
ch00_p1-pl3-sample6-sperm2.tif 2 1 0.6337928244280021 
ch00_p1-pl3-sample9-sperm4.tif 2 2 0.9289011807918841 
ch00_p4-pl1-sample14-sperm10.tif 2 2 0.9662746073550429 
ch00_p4-pl1-sample19-sperm4.tif 2 4 0.9609739137995058 
ch00_p4-pl1-sample3-sperm10.tif 2 2 0.9998535240060088 
ch00_p4-pl1-sample3-sperm7.tif 2 4 0.9948008114493148 
ch00_p4-pl2-sample4-sperm11.tif 2 2 0.999974025203015 
ch00_p1-pl2-sample11-sperm3.tif 3 4 0.9947505458455119 
ch00_p1-pl2-sample18-sperm8.tif 3 3 0.9910982433713391 
ch00_p1-pl2-sample21-sperm7.tif 3 4 0.9999999712560763 
ch00_p1-pl2-sample25-sperm9.tif 3 0 0.9712689152242184 
ch00_p1-pl2-sample27-sperm1.tif 3 4 0.5050237922588066 
ch00_p1-pl2-sample28-sperm2.tif 3 3 0.9873532564037609 
ch00_p1-pl2-sample5-sperm11.tif 3 3 0.7110327354330723 
ch00_p1-pl2-sample5-sperm4.tif 3 4 0.9999999999650993 
ch00_p1-pl3-sample12-sperm9.tif 3 3 0.4282056819252372 
ch00_p1-pl3-sample13-sperm12.tif 3 3 0.6272416529594198 
ch00_p1-pl3-sample15-sperm11.tif 3 4 0.8589065280031748 
ch00_p1-pl3-sample20-sperm9.tif 3 3 0.7291816084903723 
ch00_p1-pl3-sample23-sperm13.tif 3 4 0.9999999999989465 
ch00_p1-pl3-sample23-sperm16.tif 3 4 0.9999997851311475 
ch00_p1-pl3-sample23-sperm7.tif 3 4 0.9910244429789469 
ch00_p1-pl3-sample9-sperm6.tif 3 4 0.7133135895763955 
ch00_p3-pl1-sample14-sperm6.tif 3 3 0.7346584634744149 
ch00_p3-pl1-sample28-sperm2.tif 3 4 0.9862541656305309 
ch00_p3-pl1-sample30-sperm1.tif 3 4 0.9964489772802245 
ch00_p4-pl1-sample6-sperm12.tif 3 4 0.7677091570360329 
ch00_p4-pl2-sample12-sperm8.tif 3 0 0.659917693265853 
ch00_p1-pl2-sample1-sperm2.tif 4 4 0.9999999999998893 
ch00_p1-pl2-sample10-sperm12.tif 4 4 0.9999999999917398 
ch00_p1-pl2-sample10-sperm14.tif 4 4 0.9999987264712401 
ch00_p1-pl2-sample10-sperm2.tif 4 4 0.9364368757088586 
ch00_p1-pl2-sample10-sperm8.tif 4 4 0.9999999921689395 
ch00_p1-pl2-sample12-sperm11.tif 4 4 0.9999999956582316 
ch00_p1-pl2-sample12-sperm12.tif 4 4 0.9999973467183568 
ch00_p1-pl2-sample12-sperm5.tif 4 4 0.999999999969647 
ch00_p1-pl2-sample12-sperm7.tif 4 1 0.9822010651175396 
ch00_p1-pl2-sample13-sperm16.tif 4 4 0.990461692896071 
ch00_p1-pl2-sample14-sperm14.tif 4 4 0.8683371649111902 
ch00_p1-pl2-sample14-sperm2.tif 4 0 0.9490950517640953 
ch00_p1-pl2-sample14-sperm3.tif 4 4 0.9999999999998914 
ch00_p1-pl2-sample14-sperm4.tif 4 4 0.9999999996832327 
ch00_p1-pl2-sample14-sperm8.tif 4 0 0.956002120062614 
ch00_p1-pl2-sample15-sperm5.tif 4 4 0.9649201683331748 
ch00_p1-pl2-sample18-sperm6.tif 4 4 0.9999997704885712 
ch00_p1-pl2-sample18-sperm9.tif 4 4 0.9840642646053782 
ch00_p1-pl2-sample2-sperm8.tif 4 4 0.9999999923124341 
ch00_p1-pl2-sample22-sperm11.tif 4 4 0.9999962267455794 
ch00_p1-pl2-sample24-sperm13.tif 4 4 0.6399158600968667 
ch00_p1-pl2-sample27-sperm8.tif 4 1 0.8530931926105384 
ch00_p1-pl2-sample28-sperm1.tif 4 4 0.9913456690053092 
ch00_p1-pl2-sample28-sperm3.tif 4 4 0.9999999997289498 
ch00_p1-pl2-sample28-sperm4.tif 4 4 0.9999998510392435 
ch00_p1-pl2-sample3-sperm13.tif 4 3 0.9586389419478806 
ch00_p1-pl2-sample3-sperm14.tif 4 4 0.9091119364007295 
ch00_p1-pl2-sample30-sperm6.tif 4 4 0.9769820886712625 
ch00_p1-pl2-sample31-sperm11.tif 4 0 0.9100561020078014 
ch00_p1-pl2-sample33-sperm4.tif 4 4 0.9999999645681519 
ch00_p1-pl2-sample34-sperm11.tif 4 1 0.9705919454982949 
ch00_p1-pl2-sample34-sperm3.tif 4 4 0.9999999998817453 
ch00_p1-pl2-sample34-sperm6.tif 4 0 0.9582543778630612 
ch00_p1-pl2-sample34-sperm8.tif 4 4 0.992777434757707 
ch00_p1-pl2-sample35-sperm12.tif 4 4 0.9109088263876356 
ch00_p1-pl2-sample35-sperm5.tif 4 4 0.9909429221326074 
ch00_p1-pl2-sample4-sperm4.tif 4 4 0.9999999987259568 
ch00_p1-pl2-sample7-sperm13.tif 4 1 0.8718994538648048 
ch00_p1-pl2-sample8-sperm5.tif 4 4 0.9999999987408048 
ch00_p1-pl2-sample9-sperm18.tif 4 4 0.9999999999708832 
ch00_p1-pl2-sample9-sperm5.tif 4 1 0.7973917607380989 
ch00_p1-pl3-sample1-sperm4.tif 4 4 0.9976525079118022 
ch00_p1-pl3-sample12-sperm10.tif 4 1 0.6980552687074633 
ch00_p1-pl3-sample12-sperm4.tif 4 1 0.9911665135554977 
ch00_p1-pl3-sample12-sperm8.tif 4 4 0.9999999999998891 
ch00_p1-pl3-sample13-sperm8.tif 4 4 0.9529841730380998 
ch00_p1-pl3-sample14-sperm1.tif 4 4 0.998353919563612 
ch00_p1-pl3-sample14-sperm13.tif 4 4 0.9906228866341864 
ch00_p1-pl3-sample14-sperm15.tif 4 4 0.9999996553653682 
ch00_p1-pl3-sample15-sperm2.tif 4 4 0.9999999999998903 
ch00_p1-pl3-sample15-sperm3.tif 4 4 0.7522618192125387 
ch00_p1-pl3-sample16-sperm8.tif 4 4 0.9999996983084353 
ch00_p1-pl3-sample17-sperm11.tif 4 4 0.9999999999998891 
ch00_p1-pl3-sample17-sperm2.tif 4 4 0.999999999934307 
ch00_p1-pl3-sample19-sperm1.tif 4 3 0.8141144452836769 
ch00_p1-pl3-sample19-sperm3.tif 4 1 0.9351103599693311 
ch00_p1-pl3-sample2-sperm10.tif 4 4 0.5188047686097205 
ch00_p1-pl3-sample2-sperm11.tif 4 4 0.9999999918924058 
ch00_p1-pl3-sample21-sperm1.tif 4 4 0.9999999742643381 
ch00_p1-pl3-sample22-sperm1.tif 4 4 0.9999999999996639 
ch00_p1-pl3-sample22-sperm6.tif 4 4 0.9999999999902334 
ch00_p1-pl3-sample22-sperm7.tif 4 4 0.9999999995908588 
ch00_p1-pl3-sample22-sperm9.tif 4 4 0.9999996922398969 
ch00_p1-pl3-sample23-sperm2.tif 4 4 0.999999999999889 
ch00_p1-pl3-sample23-sperm6.tif 4 4 0.9999999978477525 
ch00_p1-pl3-sample24-sperm20.tif 4 4 0.999999862553528 
ch00_p1-pl3-sample25-sperm2.tif 4 4 0.9999999976287318 
ch00_p1-pl3-sample3-sperm1.tif 4 4 0.9446193121051094 
ch00_p1-pl3-sample3-sperm2.tif 4 3 0.98324728233065 
ch00_p1-pl3-sample3-sperm4.tif 4 4 0.9999999999385472 
ch00_p1-pl3-sample4-sperm3.tif 4 3 0.825507857322388 
ch00_p1-pl3-sample4-sperm8.tif 4 4 0.9982595885623256 
ch00_p1-pl3-sample7-sperm3.tif 4 4 0.9999999999995328 
ch00_p1-pl3-sample8-sperm17.tif 4 4 0.9999999999568177 
ch00_p1-pl3-sample8-sperm6.tif 4 4 0.9742725102860359 
ch00_p3-pl1-sample1-sperm5.tif 4 1 0.9179351594144292 
ch00_p3-pl1-sample11-sperm1.tif 4 1 0.519363975096864 
ch00_p3-pl1-sample11-sperm6.tif 4 4 0.9999999999995925 
ch00_p3-pl1-sample12-sperm6.tif 4 4 0.9873803938833972 
ch00_p3-pl1-sample12-sperm7.tif 4 4 0.9999999999990822 
ch00_p3-pl1-sample13-sperm6.tif 4 4 0.996166405106947 
ch00_p3-pl1-sample15-sperm8.tif 4 4 0.9999999991639896 
ch00_p3-pl1-sample16-sperm3.tif 4 4 0.9946711017197474 
ch00_p3-pl1-sample16-sperm5.tif 4 4 0.667859942996773 
ch00_p3-pl1-sample19-sperm8.tif 4 4 0.9999999999375417 
ch00_p3-pl1-sample2-sperm6.tif 4 4 0.990854345513554 
ch00_p3-pl1-sample20-sperm1.tif 4 1 0.9995669919854594 
ch00_p3-pl1-sample21-sperm8.tif 4 4 0.6976688914432353 
ch00_p3-pl1-sample24-sperm2.tif 4 4 0.9247663469510801 
ch00_p3-pl1-sample25-sperm2.tif 4 4 0.9999999999998909 
ch00_p3-pl1-sample26-sperm1.tif 4 4 0.995965576645348 
ch00_p3-pl1-sample26-sperm3.tif 4 4 0.9999999381959577 
ch00_p3-pl1-sample26-sperm7.tif 4 4 0.9418753374441332 
ch00_p3-pl1-sample29-sperm8.tif 4 1 0.48136356290798576 
ch00_p3-pl1-sample30-sperm4.tif 4 4 0.9999999999998601 
ch00_p3-pl1-sample30-sperm5.tif 4 4 0.9779707075963081 
ch00_p3-pl1-sample31-sperm2.tif 4 1 0.9943539311156688 
ch00_p3-pl1-sample4-sperm5.tif 4 4 0.9977656415981938 
ch00_p3-pl1-sample7-sperm1.tif 4 4 0.9999999999998865 
ch00_p3-pl1-sample7-sperm13.tif 4 4 0.9999999999894377 
ch00_p3-pl1-sample7-sperm6.tif 4 4 0.9972156070736655 
ch00_p3-pl1-sample7-sperm8.tif 4 4 0.9999999999935352 
ch00_p3-pl1-sample9-sperm9.tif 4 4 0.9999999972170772 
ch00_p4-pl1-sample1-sperm8.tif 4 4 0.9999982565004613 
ch00_p4-pl1-sample1-sperm9.tif 4 0 0.8870200473422886 
ch00_p4-pl1-sample10-sperm12.tif 4 3 0.8225681047229995 
ch00_p4-pl1-sample10-sperm21.tif 4 4 0.9907767452421976 
ch00_p4-pl1-sample10-sperm6.tif 4 3 0.8483904804412533 
ch00_p4-pl1-sample11-sperm13.tif 4 4 0.9913405075768432 
ch00_p4-pl1-sample11-sperm8.tif 4 0 0.908683066441537 
ch00_p4-pl1-sample12-sperm8.tif 4 4 0.9999999999502048 
ch00_p4-pl1-sample12-sperm9.tif 4 4 0.7447495270316564 
ch00_p4-pl1-sample13-sperm3.tif 4 4 0.818172924002705 
ch00_p4-pl1-sample13-sperm8.tif 4 4 0.746058628712388 
ch00_p4-pl1-sample14-sperm13.tif 4 4 0.9878857796754945 
ch00_p4-pl1-sample14-sperm3.tif 4 4 0.9999999998917939 
ch00_p4-pl1-sample16-sperm10.tif 4 4 0.9327648330239978 
ch00_p4-pl1-sample16-sperm17.tif 4 4 0.9999999999836321 
ch00_p4-pl1-sample16-sperm3.tif 4 4 0.7889720385806656 
ch00_p4-pl1-sample18-sperm1.tif 4 4 0.8377311405032271 
ch00_p4-pl1-sample18-sperm5.tif 4 4 0.9999999999998885 
ch00_p4-pl1-sample18-sperm6.tif 4 4 0.9977356618636813 
ch00_p4-pl1-sample19-sperm9.tif 4 4 0.9902468480299093 
ch00_p4-pl1-sample2-sperm1.tif 4 2 0.4319776681836553 
ch00_p4-pl1-sample2-sperm9.tif 4 1 0.965848819851217 
ch00_p4-pl1-sample3-sperm11.tif 4 4 0.3872386229729605 
ch00_p4-pl1-sample4-sperm10.tif 4 2 0.974414915300422 
ch00_p4-pl1-sample4-sperm12.tif 4 4 0.9987250921652682 
ch00_p4-pl1-sample4-sperm14.tif 4 4 0.449512309588454 
ch00_p4-pl1-sample4-sperm9.tif 4 2 0.6641884606287928 
ch00_p4-pl1-sample5-sperm1.tif 4 4 0.9531884160278623 
ch00_p4-pl1-sample5-sperm2.tif 4 0 0.7003352895249771 
ch00_p4-pl1-sample5-sperm9.tif 4 4 0.9918303967183074 
ch00_p4-pl1-sample6-sperm3.tif 4 4 0.9532108442547242 
ch00_p4-pl1-sample7-sperm13.tif 4 4 0.9999999896358872 
ch00_p4-pl1-sample7-sperm17.tif 4 3 0.7879414522500576 
ch00_p4-pl1-sample7-sperm4.tif 4 4 0.9733223340609795 
ch00_p4-pl1-sample8-sperm2.tif 4 0 0.8930320528113517 
ch00_p4-pl1-sample8-sperm8.tif 4 4 0.9688948034489762 
ch00_p4-pl1-sample8-sperm9.tif 4 4 0.9999999999968049 
ch00_p4-pl1-sample9-sperm15.tif 4 4 0.9999999999996718 
ch00_p4-pl1-sample9-sperm17.tif 4 2 0.9102520332599684 
ch00_p4-pl1-sample9-sperm6.tif 4 2 0.9454538929231455 
ch00_p4-pl1-sample9-sperm9.tif 4 4 0.7334368978473529 
ch00_p4-pl2-sample1-sperm7.tif 4 4 0.8614281011640814 
ch00_p4-pl2-sample12-sperm9.tif 4 2 0.25812469133738447 
ch00_p4-pl2-sample13-sperm2.tif 4 4 0.4697946001108452 
ch00_p4-pl2-sample13-sperm7.tif 4 4 0.9999999953549668 
ch00_p4-pl2-sample15-sperm6.tif 4 4 0.924689194575963 
ch00_p4-pl2-sample16-sperm4.tif 4 4 0.9999999968185278 
ch00_p4-pl2-sample16-sperm8.tif 4 4 0.8138441516511667 
ch00_p4-pl2-sample17-sperm4.tif 4 1 0.5132572900630048 
ch00_p4-pl2-sample18-sperm2.tif 4 1 0.4857725586903481 
ch00_p4-pl2-sample19-sperm8.tif 4 4 0.9983365141280901 
ch00_p4-pl2-sample2-sperm10.tif 4 4 0.9999999999935065 
ch00_p4-pl2-sample2-sperm6.tif 4 4 0.9999999999998891 
ch00_p4-pl2-sample20-sperm2.tif 4 4 0.99999999566991 
ch00_p4-pl2-sample20-sperm5.tif 4 4 0.7823044287320052 
ch00_p4-pl2-sample20-sperm6.tif 4 4 0.9999999890579867 
ch00_p4-pl2-sample3-sperm2.tif 4 4 0.7064629421106621 
ch00_p4-pl2-sample3-sperm3.tif 4 4 0.5580274143514088 
ch00_p4-pl2-sample3-sperm5.tif 4 4 0.9999999976044173 
ch00_p4-pl2-sample4-sperm2.tif 4 4 0.8961975796622538 
ch00_p4-pl2-sample4-sperm7.tif 4 4 0.9999999999998821 
ch00_p4-pl2-sample5-sperm4.tif 4 4 0.9999988413231414 
ch00_p4-pl2-sample6-sperm2.tif 4 4 0.9965930367054026 
ch00_p4-pl2-sample6-sperm3.tif 4 4 0.999999999998848 
ch00_p4-pl2-sample7-sperm3.tif 4 4 0.9999995287297974 
ch00_p4-pl2-sample7-sperm4.tif 4 4 0.9845098999592315 
ch00_p4-pl2-sample7-sperm7.tif 4 1 0.512906341693644 
ch00_p4-pl2-sample8-sperm9.tif 4 4 0.9999998469456697 
ch00_p5-pl1-sample1-sperm13.tif 4 4 0.9999999993750497 
ch00_p5-pl1-sample10-sperm18.tif 4 4 0.8974145761805536 
ch00_p5-pl1-sample10-sperm4.tif 4 4 0.8417737954796644 
ch00_p5-pl1-sample10-sperm6.tif 4 4 0.9951538819385672 
ch00_p5-pl1-sample10-sperm7.tif 4 4 0.9999999920319582 
ch00_p5-pl1-sample11-sperm4.tif 4 4 0.9999999999852537 
ch00_p5-pl1-sample12-sperm13.tif 4 4 0.9999954648225191 
ch00_p5-pl1-sample12-sperm6.tif 4 4 0.6027828600334858 
ch00_p5-pl1-sample13-sperm5.tif 4 4 0.9883961261356726 
ch00_p5-pl1-sample14-sperm6.tif 4 4 0.9999999999996767 
ch00_p5-pl1-sample15-sperm4.tif 4 4 0.9999999965169182 
ch00_p5-pl1-sample17-sperm13.tif 4 4 0.999999895977673 
ch00_p5-pl1-sample17-sperm2.tif 4 4 0.9999999999998531 
ch00_p5-pl1-sample17-sperm3.tif 4 0 0.9620960718800097 
ch00_p5-pl1-sample19-sperm2.tif 4 4 0.9999998612614454 
ch00_p5-pl1-sample2-sperm10.tif 4 1 0.6200217808225069 
ch00_p5-pl1-sample2-sperm11.tif 4 4 0.9999999742319826 
ch00_p5-pl1-sample2-sperm6.tif 4 4 0.9999999999943654 
ch00_p5-pl1-sample20-sperm13.tif 4 4 0.9999999999998852 
ch00_p5-pl1-sample4-sperm10.tif 4 4 0.9728244178570237 
ch00_p5-pl1-sample4-sperm2.tif 4 4 0.5271524749719543 
ch00_p5-pl1-sample4-sperm3.tif 4 4 0.9999999982469131 
ch00_p5-pl1-sample5-sperm9.tif 4 4 0.9999999999580331 
ch00_p5-pl1-sample7-sperm5.tif 4 3 0.5475543610820865 
ch00_p5-pl1-sample9-sperm3.tif 4 4 0.999999998334703 
