ch00_p1-pl2-sample1-sperm3.tif 0 0 0.9764593976004148 
ch00_p1-pl2-sample10-sperm4.tif 0 0 0.9068010247219558 
ch00_p1-pl2-sample12-sperm13.tif 0 2 0.7688389586851709 
ch00_p1-pl2-sample22-sperm5.tif 0 0 0.6942896256484512 
ch00_p1-pl2-sample25-sperm4.tif 0 2 0.524333304456234 
ch00_p1-pl2-sample3-sperm7.tif 0 4 0.7945214120417681 
ch00_p1-pl2-sample30-sperm2.tif 0 0 0.9169911761848715 
ch00_p1-pl2-sample34-sperm9.tif 0 0 0.8946896527222382 
ch00_p1-pl2-sample4-sperm20.tif 0 4 0.4539072228974249 
ch00_p1-pl2-sample5-sperm3.tif 0 4 0.487300139484472 
ch00_p1-pl2-sample8-sperm6.tif 0 0 0.9318639078332391 
ch00_p1-pl2-sample9-sperm9.tif 0 0 0.8626744575519965 
ch00_p1-pl3-sample15-sperm13.tif 0 4 0.4849122788418572 
ch00_p1-pl3-sample17-sperm5.tif 0 0 0.48335085314013143 
ch00_p1-pl3-sample2-sperm3.tif 0 0 0.5965631594500868 
ch00_p1-pl3-sample24-sperm4.tif 0 4 0.8742676035771433 
ch00_p1-pl3-sample6-sperm11.tif 0 4 0.9595271741430853 
ch00_p3-pl1-sample21-sperm2.tif 0 0 0.49802538002199087 
ch00_p4-pl1-sample1-sperm3.tif 0 2 0.5516614089619151 
ch00_p4-pl1-sample14-sperm1.tif 0 4 0.8671726407443715 
ch00_p4-pl1-sample15-sperm6.tif 0 0 0.8930891956459972 
ch00_p4-pl1-sample17-sperm9.tif 0 0 0.875010594802007 
ch00_p4-pl1-sample19-sperm1.tif 0 0 0.8620821774381222 
ch00_p4-pl1-sample2-sperm4.tif 0 3 0.9079082009107438 
ch00_p4-pl1-sample20-sperm7.tif 0 0 0.8614632584165648 
ch00_p4-pl1-sample6-sperm10.tif 0 4 0.8443101891436655 
ch00_p4-pl2-sample14-sperm7.tif 0 0 0.9590679220950613 
ch00_p5-pl1-sample2-sperm9.tif 0 4 0.5181818879213753 
ch00_p5-pl1-sample5-sperm12.tif 0 4 0.9194168234832677 
ch00_p5-pl1-sample7-sperm9.tif 0 4 0.461052763384635 
ch00_p1-pl2-sample10-sperm3.tif 1 1 0.9477691575506483 
ch00_p1-pl2-sample11-sperm10.tif 1 1 0.9657166859416194 
ch00_p1-pl2-sample11-sperm12.tif 1 1 0.9505938600688707 
ch00_p1-pl2-sample12-sperm4.tif 1 2 0.6413136811810036 
ch00_p1-pl2-sample13-sperm18.tif 1 1 0.9588169685445123 
ch00_p1-pl2-sample14-sperm13.tif 1 1 0.5805017193130698 
ch00_p1-pl2-sample17-sperm5.tif 1 1 0.39675916230360747 
ch00_p1-pl2-sample19-sperm11.tif 1 1 0.9741939828455345 
ch00_p1-pl2-sample19-sperm14.tif 1 2 0.9968398358076623 
ch00_p1-pl2-sample2-sperm3.tif 1 4 0.7444393937345499 
ch00_p1-pl2-sample22-sperm1.tif 1 1 0.9735016778705602 
ch00_p1-pl2-sample23-sperm10.tif 1 4 0.6080618653413281 
ch00_p1-pl2-sample23-sperm14.tif 1 2 0.9958429944707273 
ch00_p1-pl2-sample25-sperm5.tif 1 1 0.49302135731236285 
ch00_p1-pl2-sample3-sperm17.tif 1 1 0.8625762500453414 
ch00_p1-pl2-sample3-sperm3.tif 1 1 0.8917437546090377 
ch00_p1-pl2-sample30-sperm7.tif 1 1 0.9018517713233946 
ch00_p1-pl2-sample32-sperm7.tif 1 2 0.9879574702757667 
ch00_p1-pl2-sample35-sperm7.tif 1 2 0.9961933766455495 
ch00_p1-pl2-sample4-sperm17.tif 1 1 0.8481042617028584 
ch00_p1-pl2-sample4-sperm8.tif 1 4 0.9531568046029812 
ch00_p1-pl2-sample6-sperm7.tif 1 4 0.7961571001986393 
ch00_p1-pl2-sample7-sperm2.tif 1 2 0.5051741298891095 
ch00_p1-pl2-sample9-sperm11.tif 1 1 0.9150532646505617 
ch00_p1-pl2-sample9-sperm12.tif 1 2 0.9783375226914987 
ch00_p1-pl3-sample1-sperm10.tif 1 4 0.8030742089198762 
ch00_p1-pl3-sample10-sperm4.tif 1 4 0.9554672448190709 
ch00_p1-pl3-sample10-sperm6.tif 1 1 0.9078401649309453 
ch00_p1-pl3-sample11-sperm10.tif 1 2 0.5779923697843822 
ch00_p1-pl3-sample12-sperm2.tif 1 4 0.5438166849624043 
ch00_p1-pl3-sample12-sperm5.tif 1 1 0.7635630359359639 
ch00_p1-pl3-sample12-sperm7.tif 1 2 0.9634860688273708 
ch00_p1-pl3-sample15-sperm21.tif 1 2 0.9748337870636704 
ch00_p1-pl3-sample15-sperm6.tif 1 0 0.746402290723654 
ch00_p1-pl3-sample18-sperm4.tif 1 1 0.36644991786196424 
ch00_p1-pl3-sample19-sperm4.tif 1 2 0.9362675573716277 
ch00_p1-pl3-sample20-sperm3.tif 1 2 0.5139009994575884 
ch00_p1-pl3-sample24-sperm2.tif 1 4 0.9353252239322596 
ch00_p1-pl3-sample7-sperm10.tif 1 1 0.8297333517251745 
ch00_p1-pl3-sample9-sperm13.tif 1 2 0.9999684440707112 
ch00_p3-pl1-sample11-sperm2.tif 1 4 0.9481469204490481 
ch00_p3-pl1-sample14-sperm2.tif 1 1 0.8056955845429777 
ch00_p3-pl1-sample17-sperm3.tif 1 4 0.8897175743445315 
ch00_p3-pl1-sample18-sperm1.tif 1 1 0.711061472032802 
ch00_p3-pl1-sample18-sperm3.tif 1 1 0.978742146298132 
ch00_p3-pl1-sample19-sperm7.tif 1 1 0.40529227812185636 
ch00_p3-pl1-sample22-sperm2.tif 1 4 0.9769197120063368 
ch00_p3-pl1-sample23-sperm11.tif 1 2 0.8036334980938902 
ch00_p3-pl1-sample27-sperm2.tif 1 1 0.8415162611783008 
ch00_p3-pl1-sample5-sperm6.tif 1 1 0.9646784084924688 
ch00_p4-pl1-sample12-sperm5.tif 1 4 0.9827772143555623 
ch00_p4-pl1-sample17-sperm3.tif 1 2 0.8781610966794389 
ch00_p4-pl1-sample19-sperm3.tif 1 4 0.7532250413045023 
ch00_p4-pl1-sample20-sperm13.tif 1 4 0.5580366783995961 
ch00_p4-pl1-sample7-sperm16.tif 1 4 0.9736178533577352 
ch00_p4-pl1-sample8-sperm14.tif 1 2 0.5549255832649913 
ch00_p4-pl1-sample9-sperm13.tif 1 1 0.533097742462605 
ch00_p4-pl2-sample1-sperm6.tif 1 1 0.9072503818594463 
ch00_p4-pl2-sample5-sperm7.tif 1 1 0.4122199162277023 
ch00_p5-pl1-sample16-sperm7.tif 1 4 0.8100901304272979 
ch00_p5-pl1-sample17-sperm15.tif 1 1 0.977475407694012 
ch00_p5-pl1-sample18-sperm11.tif 1 0 0.5841664282179945 
ch00_p5-pl1-sample2-sperm2.tif 1 1 0.9285527103208968 
ch00_p5-pl1-sample20-sperm11.tif 1 1 0.9980188886388999 
ch00_p5-pl1-sample20-sperm9.tif 1 1 0.4633323545746607 
ch00_p5-pl1-sample5-sperm20.tif 1 4 0.48601898154722084 
ch00_p5-pl1-sample7-sperm6.tif 1 4 0.9702442978122043 
ch00_p5-pl1-sample7-sperm7.tif 1 1 0.9187601867648447 
ch00_p1-pl2-sample10-sperm13.tif 2 4 0.9263771870542513 
ch00_p1-pl2-sample17-sperm12.tif 2 4 0.5468585930922578 
ch00_p1-pl2-sample2-sperm6.tif 2 1 0.5168168565700331 
ch00_p1-pl2-sample20-sperm14.tif 2 4 0.7518639275959816 
ch00_p1-pl2-sample23-sperm9.tif 2 4 0.9910165497139635 
ch00_p1-pl2-sample31-sperm10.tif 2 4 0.7768111332047134 
ch00_p1-pl2-sample33-sperm13.tif 2 0 0.5475334814785143 
ch00_p1-pl2-sample34-sperm5.tif 2 2 0.8784973074012999 
ch00_p1-pl2-sample35-sperm6.tif 2 4 0.5042663321445793 
ch00_p1-pl3-sample1-sperm15.tif 2 4 0.8593340111974064 
ch00_p1-pl3-sample1-sperm9.tif 2 2 0.9803800337243439 
ch00_p1-pl3-sample11-sperm7.tif 2 4 0.8090337935065637 
ch00_p1-pl3-sample12-sperm11.tif 2 2 0.9966872446002868 
ch00_p1-pl3-sample21-sperm10.tif 2 2 0.9535708060320812 
ch00_p1-pl3-sample6-sperm17.tif 2 2 0.9179654299692807 
ch00_p1-pl3-sample6-sperm2.tif 2 4 0.8246191313651836 
ch00_p1-pl3-sample9-sperm4.tif 2 2 0.8665416783419172 
ch00_p4-pl1-sample14-sperm10.tif 2 4 0.5507788668178646 
ch00_p4-pl1-sample19-sperm4.tif 2 4 0.6080311478002601 
ch00_p4-pl1-sample3-sperm10.tif 2 2 0.9935676529125697 
ch00_p4-pl1-sample3-sperm7.tif 2 4 0.7239889633737722 
ch00_p4-pl2-sample4-sperm11.tif 2 2 0.9693738655591977 
ch00_p1-pl2-sample11-sperm3.tif 3 4 0.9853464092710948 
ch00_p1-pl2-sample18-sperm8.tif 3 3 0.8781013733247077 
ch00_p1-pl2-sample21-sperm7.tif 3 1 0.8560615147871039 
ch00_p1-pl2-sample25-sperm9.tif 3 0 0.9503183886054943 
ch00_p1-pl2-sample27-sperm1.tif 3 0 0.94372961375474 
ch00_p1-pl2-sample28-sperm2.tif 3 3 0.911102830894832 
ch00_p1-pl2-sample5-sperm11.tif 3 3 0.8944305054271608 
ch00_p1-pl2-sample5-sperm4.tif 3 4 0.6478829531930087 
ch00_p1-pl3-sample12-sperm9.tif 3 4 0.6665316627174616 
ch00_p1-pl3-sample13-sperm12.tif 3 4 0.7342478266415131 
ch00_p1-pl3-sample15-sperm11.tif 3 3 0.9538848338773724 
ch00_p1-pl3-sample20-sperm9.tif 3 3 0.49508748577959183 
ch00_p1-pl3-sample23-sperm13.tif 3 3 0.908201582987542 
ch00_p1-pl3-sample23-sperm16.tif 3 4 0.825094046772331 
ch00_p1-pl3-sample23-sperm7.tif 3 0 0.7565507929017344 
ch00_p1-pl3-sample9-sperm6.tif 3 3 0.9894706007712595 
ch00_p3-pl1-sample14-sperm6.tif 3 3 0.5178490087448698 
ch00_p3-pl1-sample28-sperm2.tif 3 3 0.8818845452673483 
ch00_p3-pl1-sample30-sperm1.tif 3 3 0.985974004901543 
ch00_p4-pl1-sample6-sperm12.tif 3 3 0.5792330557476616 
ch00_p4-pl2-sample12-sperm8.tif 3 4 0.7830230094061368 
ch00_p1-pl2-sample1-sperm2.tif 4 4 0.9812932571826253 
ch00_p1-pl2-sample10-sperm12.tif 4 4 0.7749917721894403 
ch00_p1-pl2-sample10-sperm14.tif 4 1 0.7466211408265152 
ch00_p1-pl2-sample10-sperm2.tif 4 2 0.691052791364638 
ch00_p1-pl2-sample10-sperm8.tif 4 4 0.8809052555903248 
ch00_p1-pl2-sample12-sperm11.tif 4 4 0.7683294015642911 
ch00_p1-pl2-sample12-sperm12.tif 4 4 0.9557694738312226 
ch00_p1-pl2-sample12-sperm5.tif 4 4 0.9841584195337159 
ch00_p1-pl2-sample12-sperm7.tif 4 2 0.9400690620243521 
ch00_p1-pl2-sample13-sperm16.tif 4 0 0.5783107766135391 
ch00_p1-pl2-sample14-sperm14.tif 4 4 0.764253539939299 
ch00_p1-pl2-sample14-sperm2.tif 4 4 0.8375736183889128 
ch00_p1-pl2-sample14-sperm3.tif 4 4 0.9485099644993725 
ch00_p1-pl2-sample14-sperm4.tif 4 4 0.9227524183130691 
ch00_p1-pl2-sample14-sperm8.tif 4 0 0.9005946194254614 
ch00_p1-pl2-sample15-sperm5.tif 4 4 0.9342459059663183 
ch00_p1-pl2-sample18-sperm6.tif 4 0 0.7092329886185583 
ch00_p1-pl2-sample18-sperm9.tif 4 0 0.5493284777339568 
ch00_p1-pl2-sample2-sperm8.tif 4 4 0.994202861481653 
ch00_p1-pl2-sample22-sperm11.tif 4 3 0.7904804241984347 
ch00_p1-pl2-sample24-sperm13.tif 4 4 0.6652866115718242 
ch00_p1-pl2-sample27-sperm8.tif 4 4 0.9833036371630519 
ch00_p1-pl2-sample28-sperm1.tif 4 0 0.7004046101509499 
ch00_p1-pl2-sample28-sperm3.tif 4 4 0.9551158837959591 
ch00_p1-pl2-sample28-sperm4.tif 4 3 0.9323355286560936 
ch00_p1-pl2-sample3-sperm13.tif 4 4 0.8132296878102068 
ch00_p1-pl2-sample3-sperm14.tif 4 4 0.9622610973214714 
ch00_p1-pl2-sample30-sperm6.tif 4 4 0.7530303909315509 
ch00_p1-pl2-sample31-sperm11.tif 4 4 0.7593909472737652 
ch00_p1-pl2-sample33-sperm4.tif 4 4 0.7701319784119882 
ch00_p1-pl2-sample34-sperm11.tif 4 4 0.9948830153975501 
ch00_p1-pl2-sample34-sperm3.tif 4 2 0.9019734110516286 
ch00_p1-pl2-sample34-sperm6.tif 4 1 0.8739821009005471 
ch00_p1-pl2-sample34-sperm8.tif 4 4 0.8648955364605163 
ch00_p1-pl2-sample35-sperm12.tif 4 4 0.651438085868922 
ch00_p1-pl2-sample35-sperm5.tif 4 0 0.47042799779139416 
ch00_p1-pl2-sample4-sperm4.tif 4 2 0.9519203953151991 
ch00_p1-pl2-sample7-sperm13.tif 4 1 0.7596817411106488 
ch00_p1-pl2-sample8-sperm5.tif 4 4 0.9875601252409141 
ch00_p1-pl2-sample9-sperm18.tif 4 4 0.8830981084313905 
ch00_p1-pl2-sample9-sperm5.tif 4 3 0.7601622902084568 
ch00_p1-pl3-sample1-sperm4.tif 4 0 0.7067994996322784 
ch00_p1-pl3-sample12-sperm10.tif 4 1 0.893085840434798 
ch00_p1-pl3-sample12-sperm4.tif 4 1 0.9416179044504297 
ch00_p1-pl3-sample12-sperm8.tif 4 4 0.8486372784355632 
ch00_p1-pl3-sample13-sperm8.tif 4 4 0.7342229056638362 
ch00_p1-pl3-sample14-sperm1.tif 4 4 0.9999956550636067 
ch00_p1-pl3-sample14-sperm13.tif 4 0 0.600470264367779 
ch00_p1-pl3-sample14-sperm15.tif 4 4 0.9915653413231443 
ch00_p1-pl3-sample15-sperm2.tif 4 4 0.890050590355701 
ch00_p1-pl3-sample15-sperm3.tif 4 1 0.4827927196241029 
ch00_p1-pl3-sample16-sperm8.tif 4 4 0.9428794801638711 
ch00_p1-pl3-sample17-sperm11.tif 4 4 0.9833544929044924 
ch00_p1-pl3-sample17-sperm2.tif 4 4 0.8067829350140783 
ch00_p1-pl3-sample19-sperm1.tif 4 4 0.9149205712646956 
ch00_p1-pl3-sample19-sperm3.tif 4 4 0.6543093618666804 
ch00_p1-pl3-sample2-sperm10.tif 4 2 0.8737162452304156 
ch00_p1-pl3-sample2-sperm11.tif 4 4 0.9987116336160928 
ch00_p1-pl3-sample21-sperm1.tif 4 4 0.7461477655078862 
ch00_p1-pl3-sample22-sperm1.tif 4 1 0.9209965115191074 
ch00_p1-pl3-sample22-sperm6.tif 4 4 0.9141808787016745 
ch00_p1-pl3-sample22-sperm7.tif 4 4 0.9923023397759606 
ch00_p1-pl3-sample22-sperm9.tif 4 4 0.583791287260808 
ch00_p1-pl3-sample23-sperm2.tif 4 1 0.48579790572514936 
ch00_p1-pl3-sample23-sperm6.tif 4 1 0.847883599356092 
ch00_p1-pl3-sample24-sperm20.tif 4 4 0.9898852360264778 
ch00_p1-pl3-sample25-sperm2.tif 4 4 0.9731423736431868 
ch00_p1-pl3-sample3-sperm1.tif 4 1 0.7237845120463325 
ch00_p1-pl3-sample3-sperm2.tif 4 3 0.9165794219721443 
ch00_p1-pl3-sample3-sperm4.tif 4 4 0.8074939206949417 
ch00_p1-pl3-sample4-sperm3.tif 4 3 0.985918833540739 
ch00_p1-pl3-sample4-sperm8.tif 4 4 0.8322146583542372 
ch00_p1-pl3-sample7-sperm3.tif 4 4 0.9648657309564754 
ch00_p1-pl3-sample8-sperm17.tif 4 2 0.9001987002787186 
ch00_p1-pl3-sample8-sperm6.tif 4 4 0.730505102736504 
ch00_p3-pl1-sample1-sperm5.tif 4 4 0.6316767748962043 
ch00_p3-pl1-sample11-sperm1.tif 4 4 0.5606876401552341 
ch00_p3-pl1-sample11-sperm6.tif 4 4 0.840951745388042 
ch00_p3-pl1-sample12-sperm6.tif 4 1 0.6321506219627387 
ch00_p3-pl1-sample12-sperm7.tif 4 4 0.9420118773272818 
ch00_p3-pl1-sample13-sperm6.tif 4 2 0.5640728962227288 
ch00_p3-pl1-sample15-sperm8.tif 4 4 0.8139454108049908 
ch00_p3-pl1-sample16-sperm3.tif 4 3 0.9608813072170912 
ch00_p3-pl1-sample16-sperm5.tif 4 0 0.9574950858381706 
ch00_p3-pl1-sample19-sperm8.tif 4 4 0.97712794324831 
ch00_p3-pl1-sample2-sperm6.tif 4 4 0.9483777745465757 
ch00_p3-pl1-sample20-sperm1.tif 4 1 0.9374130421181868 
ch00_p3-pl1-sample21-sperm8.tif 4 3 0.9910421351259109 
ch00_p3-pl1-sample24-sperm2.tif 4 4 0.9902607434370337 
ch00_p3-pl1-sample25-sperm2.tif 4 4 0.6152140278226683 
ch00_p3-pl1-sample26-sperm1.tif 4 4 0.9552330806976568 
ch00_p3-pl1-sample26-sperm3.tif 4 4 0.8963509505130959 
ch00_p3-pl1-sample26-sperm7.tif 4 1 0.699340152411139 
ch00_p3-pl1-sample29-sperm8.tif 4 3 0.9650876707846837 
ch00_p3-pl1-sample30-sperm4.tif 4 4 0.9941699882584503 
ch00_p3-pl1-sample30-sperm5.tif 4 4 0.9179929383003351 
ch00_p3-pl1-sample31-sperm2.tif 4 1 0.9172605505605226 
ch00_p3-pl1-sample4-sperm5.tif 4 4 0.6785005784208019 
ch00_p3-pl1-sample7-sperm1.tif 4 4 0.9986996095635137 
ch00_p3-pl1-sample7-sperm13.tif 4 0 0.9339528175012387 
ch00_p3-pl1-sample7-sperm6.tif 4 4 0.5475530956742157 
ch00_p3-pl1-sample7-sperm8.tif 4 4 0.5818548792403914 
ch00_p3-pl1-sample9-sperm9.tif 4 1 0.5558579874805469 
ch00_p4-pl1-sample1-sperm8.tif 4 4 0.8160933506383208 
ch00_p4-pl1-sample1-sperm9.tif 4 2 0.9753998989084925 
ch00_p4-pl1-sample10-sperm12.tif 4 3 0.9779170889438932 
ch00_p4-pl1-sample10-sperm21.tif 4 2 0.7693637048022566 
ch00_p4-pl1-sample10-sperm6.tif 4 3 0.9922185250008905 
ch00_p4-pl1-sample11-sperm13.tif 4 4 0.9477352102465284 
ch00_p4-pl1-sample11-sperm8.tif 4 0 0.9866620614235532 
ch00_p4-pl1-sample12-sperm8.tif 4 4 0.9373511811394739 
ch00_p4-pl1-sample12-sperm9.tif 4 4 0.9961939886202507 
ch00_p4-pl1-sample13-sperm3.tif 4 4 0.6813698484362374 
ch00_p4-pl1-sample13-sperm8.tif 4 1 0.6112051507084244 
ch00_p4-pl1-sample14-sperm13.tif 4 0 0.9291390388567302 
ch00_p4-pl1-sample14-sperm3.tif 4 4 0.6712944367149714 
ch00_p4-pl1-sample16-sperm10.tif 4 2 0.9231656153901547 
ch00_p4-pl1-sample16-sperm17.tif 4 4 0.9398926580727818 
ch00_p4-pl1-sample16-sperm3.tif 4 1 0.8655297952180077 
ch00_p4-pl1-sample18-sperm1.tif 4 4 0.5189179666285705 
ch00_p4-pl1-sample18-sperm5.tif 4 4 0.9929163435832807 
ch00_p4-pl1-sample18-sperm6.tif 4 4 0.8618500048000088 
ch00_p4-pl1-sample19-sperm9.tif 4 4 0.989707835542504 
ch00_p4-pl1-sample2-sperm1.tif 4 2 0.7591206818927617 
ch00_p4-pl1-sample2-sperm9.tif 4 1 0.9025694657157525 
ch00_p4-pl1-sample3-sperm11.tif 4 2 0.9892625786376934 
ch00_p4-pl1-sample4-sperm10.tif 4 2 0.9883991789628223 
ch00_p4-pl1-sample4-sperm12.tif 4 2 0.8084318722195688 
ch00_p4-pl1-sample4-sperm14.tif 4 4 0.5429360597160342 
ch00_p4-pl1-sample4-sperm9.tif 4 0 0.5430319939806024 
ch00_p4-pl1-sample5-sperm1.tif 4 3 0.8160565308461427 
ch00_p4-pl1-sample5-sperm2.tif 4 2 0.6773480083762343 
ch00_p4-pl1-sample5-sperm9.tif 4 4 0.8694001097131207 
ch00_p4-pl1-sample6-sperm3.tif 4 3 0.9498796796081793 
ch00_p4-pl1-sample7-sperm13.tif 4 3 0.9107651893626247 
ch00_p4-pl1-sample7-sperm17.tif 4 0 0.8698663755288675 
ch00_p4-pl1-sample7-sperm4.tif 4 0 0.8515142365719492 
ch00_p4-pl1-sample8-sperm2.tif 4 2 0.5191808666376425 
ch00_p4-pl1-sample8-sperm8.tif 4 1 0.473271003427706 
ch00_p4-pl1-sample8-sperm9.tif 4 4 0.9921632315701274 
ch00_p4-pl1-sample9-sperm15.tif 4 3 0.5097759170582176 
ch00_p4-pl1-sample9-sperm17.tif 4 2 0.9588623571120404 
ch00_p4-pl1-sample9-sperm6.tif 4 4 0.9776916969556129 
ch00_p4-pl1-sample9-sperm9.tif 4 1 0.5788333502988136 
ch00_p4-pl2-sample1-sperm7.tif 4 4 0.7759287049573534 
ch00_p4-pl2-sample12-sperm9.tif 4 2 0.9827289303047735 
ch00_p4-pl2-sample13-sperm2.tif 4 0 0.8859452173204921 
ch00_p4-pl2-sample13-sperm7.tif 4 4 0.8957971887869068 
ch00_p4-pl2-sample15-sperm6.tif 4 4 0.6252934171678838 
ch00_p4-pl2-sample16-sperm4.tif 4 2 0.9455068675208261 
ch00_p4-pl2-sample16-sperm8.tif 4 2 0.9149662918430397 
ch00_p4-pl2-sample17-sperm4.tif 4 4 0.49509589988977587 
ch00_p4-pl2-sample18-sperm2.tif 4 2 0.8434394739093292 
ch00_p4-pl2-sample19-sperm8.tif 4 4 0.8752311564744769 
ch00_p4-pl2-sample2-sperm10.tif 4 0 0.794171032977086 
ch00_p4-pl2-sample2-sperm6.tif 4 3 0.747110636493861 
ch00_p4-pl2-sample20-sperm2.tif 4 4 0.9751797779509676 
ch00_p4-pl2-sample20-sperm5.tif 4 0 0.51035261453307 
ch00_p4-pl2-sample20-sperm6.tif 4 4 0.8790335466243896 
ch00_p4-pl2-sample3-sperm2.tif 4 1 0.6167232407175894 
ch00_p4-pl2-sample3-sperm3.tif 4 4 0.6065715049783965 
ch00_p4-pl2-sample3-sperm5.tif 4 4 0.7636824468228333 
ch00_p4-pl2-sample4-sperm2.tif 4 2 0.6124571304232366 
ch00_p4-pl2-sample4-sperm7.tif 4 4 0.9902896612845182 
ch00_p4-pl2-sample5-sperm4.tif 4 4 0.9915684911599482 
ch00_p4-pl2-sample6-sperm2.tif 4 0 0.45292747573429953 
ch00_p4-pl2-sample6-sperm3.tif 4 4 0.9331565626816827 
ch00_p4-pl2-sample7-sperm3.tif 4 4 0.5440456576258235 
ch00_p4-pl2-sample7-sperm4.tif 4 4 0.6879900076288641 
ch00_p4-pl2-sample7-sperm7.tif 4 4 0.9294958464116428 
ch00_p4-pl2-sample8-sperm9.tif 4 3 0.8976954688129767 
ch00_p5-pl1-sample1-sperm13.tif 4 4 0.46280257016526577 
ch00_p5-pl1-sample10-sperm18.tif 4 3 0.9941084134839641 
ch00_p5-pl1-sample10-sperm4.tif 4 3 0.8641805580613766 
ch00_p5-pl1-sample10-sperm6.tif 4 1 0.9690451192948629 
ch00_p5-pl1-sample10-sperm7.tif 4 1 0.5138271305854779 
ch00_p5-pl1-sample11-sperm4.tif 4 4 0.5137778739315331 
ch00_p5-pl1-sample12-sperm13.tif 4 4 0.46206976302602415 
ch00_p5-pl1-sample12-sperm6.tif 4 1 0.7484770442542498 
ch00_p5-pl1-sample13-sperm5.tif 4 3 0.6017372838799955 
ch00_p5-pl1-sample14-sperm6.tif 4 4 0.8906762395255027 
ch00_p5-pl1-sample15-sperm4.tif 4 3 0.9924361189371426 
ch00_p5-pl1-sample17-sperm13.tif 4 4 0.8435864729523062 
ch00_p5-pl1-sample17-sperm2.tif 4 3 0.8609987745349618 
ch00_p5-pl1-sample17-sperm3.tif 4 4 0.9276637699970499 
ch00_p5-pl1-sample19-sperm2.tif 4 4 0.9999991236034736 
ch00_p5-pl1-sample2-sperm10.tif 4 4 0.780546037495934 
ch00_p5-pl1-sample2-sperm11.tif 4 4 0.637891131224619 
ch00_p5-pl1-sample2-sperm6.tif 4 4 0.8434871010711602 
ch00_p5-pl1-sample20-sperm13.tif 4 4 0.9178725694951593 
ch00_p5-pl1-sample4-sperm10.tif 4 3 0.9876442105052538 
ch00_p5-pl1-sample4-sperm2.tif 4 3 0.9574855635650833 
ch00_p5-pl1-sample4-sperm3.tif 4 4 0.9800040501935946 
ch00_p5-pl1-sample5-sperm9.tif 4 4 0.5725962755612577 
ch00_p5-pl1-sample7-sperm5.tif 4 3 0.943279872716068 
ch00_p5-pl1-sample9-sperm3.tif 4 4 0.7036019035980212 
