ch00_p1-pl2-sample10-sperm10.tif 0 4 0.944723857380608 
ch00_p1-pl2-sample10-sperm4.tif 0 0 0.570620848413078 
ch00_p1-pl2-sample3-sperm4.tif 0 4 0.8135779203848064 
ch00_p1-pl2-sample34-sperm9.tif 0 0 0.989820993247368 
ch00_p1-pl2-sample4-sperm15.tif 0 4 0.7782505573652836 
ch00_p1-pl2-sample4-sperm20.tif 0 4 0.9834332546630813 
ch00_p1-pl2-sample8-sperm6.tif 0 2 0.8576921903456933 
ch00_p1-pl3-sample10-sperm2.tif 0 0 0.8358424490598936 
ch00_p1-pl3-sample17-sperm5.tif 0 4 0.7300981446378578 
ch00_p3-pl1-sample13-sperm2.tif 0 4 0.9999997576905133 
ch00_p3-pl1-sample2-sperm4.tif 0 0 0.9979868533812557 
ch00_p3-pl1-sample3-sperm4.tif 0 0 0.9977679660547114 
ch00_p3-pl1-sample30-sperm6.tif 0 4 0.7062977840192918 
ch00_p4-pl1-sample1-sperm13.tif 0 0 0.4685499069633653 
ch00_p4-pl1-sample1-sperm3.tif 0 0 0.9764384358010256 
ch00_p4-pl1-sample10-sperm7.tif 0 3 0.9997957947482442 
ch00_p4-pl1-sample13-sperm9.tif 0 4 0.9976256867547275 
ch00_p4-pl1-sample14-sperm1.tif 0 4 0.7227146001251619 
ch00_p4-pl1-sample14-sperm2.tif 0 4 0.7472809494640915 
ch00_p4-pl1-sample15-sperm6.tif 0 3 0.6483052109851147 
ch00_p4-pl1-sample17-sperm2.tif 0 4 0.5872056468664305 
ch00_p4-pl1-sample17-sperm9.tif 0 4 0.997217199912273 
ch00_p4-pl1-sample19-sperm1.tif 0 4 0.9999999793414466 
ch00_p4-pl1-sample2-sperm11.tif 0 4 0.8873249199972421 
ch00_p4-pl1-sample20-sperm7.tif 0 4 0.9522418090143477 
ch00_p4-pl2-sample17-sperm5.tif 0 4 0.9999998482347968 
ch00_p4-pl2-sample5-sperm6.tif 0 4 0.9999999953361327 
ch00_p4-pl2-sample8-sperm5.tif 0 4 0.9814004967054288 
ch00_p5-pl1-sample15-sperm10.tif 0 4 0.9999987290968486 
ch00_p5-pl1-sample2-sperm9.tif 0 4 0.9999986636987797 
ch00_p1-pl2-sample10-sperm3.tif 1 1 0.9990487401040795 
ch00_p1-pl2-sample11-sperm12.tif 1 1 0.9999521445944215 
ch00_p1-pl2-sample11-sperm2.tif 1 1 0.9998956857324817 
ch00_p1-pl2-sample13-sperm6.tif 1 2 0.6937319286402956 
ch00_p1-pl2-sample13-sperm7.tif 1 3 0.5624782658114271 
ch00_p1-pl2-sample14-sperm13.tif 1 4 0.9728794617148494 
ch00_p1-pl2-sample17-sperm5.tif 1 1 0.9998217419821618 
ch00_p1-pl2-sample18-sperm10.tif 1 0 0.4961889099934664 
ch00_p1-pl2-sample18-sperm3.tif 1 1 0.9998652253529434 
ch00_p1-pl2-sample18-sperm5.tif 1 1 0.9999942671103623 
ch00_p1-pl2-sample19-sperm8.tif 1 3 0.946197778137608 
ch00_p1-pl2-sample21-sperm6.tif 1 4 0.7127693207916737 
ch00_p1-pl2-sample22-sperm3.tif 1 1 0.5574945113153335 
ch00_p1-pl2-sample22-sperm6.tif 1 1 0.9255527880230207 
ch00_p1-pl2-sample23-sperm10.tif 1 1 0.9735828921931498 
ch00_p1-pl2-sample23-sperm14.tif 1 4 0.8886270103239391 
ch00_p1-pl2-sample24-sperm6.tif 1 1 0.9422438825033036 
ch00_p1-pl2-sample24-sperm7.tif 1 1 0.9957742730584348 
ch00_p1-pl2-sample26-sperm5.tif 1 1 0.9996617609546085 
ch00_p1-pl2-sample29-sperm5.tif 1 1 0.8661405219412072 
ch00_p1-pl2-sample3-sperm10.tif 1 1 0.9999500501575566 
ch00_p1-pl2-sample3-sperm3.tif 1 1 0.9998067294956738 
ch00_p1-pl2-sample30-sperm5.tif 1 1 0.9994677076498801 
ch00_p1-pl2-sample30-sperm7.tif 1 1 0.9957767259051206 
ch00_p1-pl2-sample31-sperm8.tif 1 1 0.7625952534461652 
ch00_p1-pl2-sample32-sperm2.tif 1 4 0.5139150561982667 
ch00_p1-pl2-sample32-sperm4.tif 1 1 0.9984342840695507 
ch00_p1-pl2-sample32-sperm6.tif 1 1 0.9989353015152563 
ch00_p1-pl2-sample33-sperm12.tif 1 1 0.9999991313755834 
ch00_p1-pl2-sample6-sperm11.tif 1 1 0.9831480177160926 
ch00_p1-pl2-sample7-sperm11.tif 1 1 0.9999846540128465 
ch00_p1-pl2-sample7-sperm9.tif 1 1 0.7724682614817718 
ch00_p1-pl2-sample8-sperm1.tif 1 4 0.9999973807575406 
ch00_p1-pl2-sample8-sperm2.tif 1 1 0.9999034642431276 
ch00_p1-pl2-sample9-sperm12.tif 1 1 0.811036634222448 
ch00_p1-pl2-sample9-sperm13.tif 1 1 0.9999925906644579 
ch00_p1-pl3-sample13-sperm13.tif 1 1 0.997356856968267 
ch00_p1-pl3-sample15-sperm6.tif 1 1 0.8616485470151213 
ch00_p1-pl3-sample18-sperm1.tif 1 1 0.9991398340677897 
ch00_p1-pl3-sample5-sperm2.tif 1 4 0.9808406034918715 
ch00_p1-pl3-sample7-sperm12.tif 1 1 0.9999580400054182 
ch00_p1-pl3-sample8-sperm10.tif 1 1 0.6777734322705631 
ch00_p3-pl1-sample10-sperm6.tif 1 1 0.9999906846073289 
ch00_p3-pl1-sample12-sperm5.tif 1 1 0.979283513264553 
ch00_p3-pl1-sample17-sperm3.tif 1 1 0.9977196340994935 
ch00_p3-pl1-sample18-sperm1.tif 1 1 0.7687266954967175 
ch00_p3-pl1-sample21-sperm6.tif 1 4 0.9931379626622978 
ch00_p3-pl1-sample22-sperm2.tif 1 1 0.999885577749278 
ch00_p3-pl1-sample25-sperm11.tif 1 1 0.9999058409068708 
ch00_p3-pl1-sample27-sperm5.tif 1 1 0.9999545086479671 
ch00_p3-pl1-sample29-sperm5.tif 1 4 0.8253923756150843 
ch00_p3-pl1-sample5-sperm6.tif 1 1 0.9999996681495052 
ch00_p4-pl1-sample1-sperm5.tif 1 1 0.9999220065763835 
ch00_p4-pl1-sample16-sperm6.tif 1 1 0.9999877115952744 
ch00_p4-pl1-sample17-sperm3.tif 1 1 0.7796922776959494 
ch00_p4-pl1-sample19-sperm3.tif 1 4 0.9999996837773467 
ch00_p4-pl1-sample4-sperm2.tif 1 2 0.5686592332485586 
ch00_p4-pl1-sample9-sperm16.tif 1 4 0.9838457476198132 
ch00_p4-pl2-sample10-sperm2.tif 1 1 0.9998142199385716 
ch00_p4-pl2-sample4-sperm3.tif 1 4 0.9999950997880663 
ch00_p5-pl1-sample1-sperm9.tif 1 1 0.9999170407274796 
ch00_p5-pl1-sample16-sperm7.tif 1 4 0.98045640410933 
ch00_p5-pl1-sample19-sperm11.tif 1 4 0.7017487349636897 
ch00_p5-pl1-sample2-sperm2.tif 1 1 0.8585299347495333 
ch00_p5-pl1-sample4-sperm9.tif 1 3 0.794903148530062 
ch00_p5-pl1-sample6-sperm13.tif 1 1 0.8554191740557839 
ch00_p5-pl1-sample8-sperm2.tif 1 1 0.9859661590335356 
ch00_p5-pl1-sample8-sperm5.tif 1 1 0.9996753755923348 
ch00_p1-pl2-sample2-sperm15.tif 2 1 0.9988008986384906 
ch00_p1-pl2-sample2-sperm6.tif 2 1 0.9990279465136681 
ch00_p1-pl2-sample2-sperm9.tif 2 2 0.9948218688984902 
ch00_p1-pl2-sample23-sperm9.tif 2 4 0.9814041350823559 
ch00_p1-pl2-sample27-sperm7.tif 2 4 0.9441863060196992 
ch00_p1-pl2-sample31-sperm2.tif 2 4 0.8214351912040817 
ch00_p1-pl3-sample1-sperm9.tif 2 1 0.3587704658827073 
ch00_p1-pl3-sample11-sperm6.tif 2 2 0.991010994088802 
ch00_p1-pl3-sample11-sperm7.tif 2 4 0.9730463174802519 
ch00_p1-pl3-sample20-sperm4.tif 2 4 0.8613892435146386 
ch00_p1-pl3-sample22-sperm11.tif 2 1 0.9803288653607517 
ch00_p1-pl3-sample6-sperm2.tif 2 1 0.9995528725841194 
ch00_p1-pl3-sample9-sperm4.tif 2 2 0.9818088972478153 
ch00_p4-pl1-sample12-sperm4.tif 2 2 0.9951873856830842 
ch00_p4-pl1-sample13-sperm4.tif 2 4 0.6803500781389992 
ch00_p4-pl1-sample14-sperm10.tif 2 4 0.6009835014062566 
ch00_p4-pl1-sample17-sperm8.tif 2 2 0.9845912711411315 
ch00_p4-pl1-sample19-sperm7.tif 2 2 0.7997877201086055 
ch00_p4-pl1-sample3-sperm10.tif 2 1 0.9925018543454489 
ch00_p4-pl1-sample4-sperm15.tif 2 4 0.6806955284156411 
ch00_p4-pl2-sample17-sperm6.tif 2 4 0.8032909320311121 
ch00_p4-pl2-sample4-sperm11.tif 2 2 0.9999004319601497 
ch00_p1-pl2-sample15-sperm6.tif 3 4 0.9875849444960921 
ch00_p1-pl2-sample22-sperm2.tif 3 3 0.5002623206558408 
ch00_p1-pl2-sample23-sperm11.tif 3 4 0.9727812104547512 
ch00_p1-pl2-sample23-sperm8.tif 3 0 0.7007252918521298 
ch00_p1-pl2-sample24-sperm3.tif 3 4 0.8752627913758478 
ch00_p1-pl2-sample25-sperm9.tif 3 4 0.6522773648887512 
ch00_p1-pl2-sample27-sperm1.tif 3 0 0.9409951161355095 
ch00_p1-pl2-sample5-sperm4.tif 3 3 0.9991888885325331 
ch00_p1-pl2-sample5-sperm6.tif 3 3 0.8396844185116198 
ch00_p1-pl3-sample13-sperm12.tif 3 4 0.9967021889977478 
ch00_p1-pl3-sample20-sperm9.tif 3 3 0.98860402624955 
ch00_p1-pl3-sample23-sperm16.tif 3 4 0.9999999999984465 
ch00_p1-pl3-sample24-sperm1.tif 3 3 0.9999631598090958 
ch00_p1-pl3-sample25-sperm14.tif 3 3 0.9997370693005297 
ch00_p1-pl3-sample4-sperm4.tif 3 4 0.9929823719578122 
ch00_p1-pl3-sample5-sperm10.tif 3 4 0.8091388072834841 
ch00_p3-pl1-sample1-sperm3.tif 3 4 0.999999676824145 
ch00_p3-pl1-sample30-sperm1.tif 3 3 0.6816851311866391 
ch00_p3-pl1-sample31-sperm3.tif 3 4 0.999999990583595 
ch00_p4-pl2-sample8-sperm4.tif 3 4 0.9897944751838255 
ch00_p5-pl1-sample10-sperm3.tif 3 4 0.9999986803360543 
ch00_p1-pl2-sample10-sperm15.tif 4 1 0.6241683481131515 
ch00_p1-pl2-sample13-sperm1.tif 4 4 0.9926817718044506 
ch00_p1-pl2-sample14-sperm2.tif 4 0 0.9968639827975266 
ch00_p1-pl2-sample14-sperm4.tif 4 4 0.828571178562823 
ch00_p1-pl2-sample16-sperm7.tif 4 4 0.9675320032446562 
ch00_p1-pl2-sample17-sperm2.tif 4 1 0.9035820654020601 
ch00_p1-pl2-sample17-sperm3.tif 4 4 0.9999982018662548 
ch00_p1-pl2-sample18-sperm2.tif 4 4 0.9999999356849847 
ch00_p1-pl2-sample18-sperm6.tif 4 4 0.7483980680956182 
ch00_p1-pl2-sample2-sperm16.tif 4 0 0.9998885335198568 
ch00_p1-pl2-sample2-sperm8.tif 4 4 0.999999727974171 
ch00_p1-pl2-sample23-sperm13.tif 4 4 0.7176007150056498 
ch00_p1-pl2-sample24-sperm12.tif 4 4 0.9898507143097939 
ch00_p1-pl2-sample24-sperm13.tif 4 4 0.98802507128151 
ch00_p1-pl2-sample26-sperm3.tif 4 4 0.9980188126209529 
ch00_p1-pl2-sample27-sperm5.tif 4 4 0.99684651657162 
ch00_p1-pl2-sample27-sperm8.tif 4 4 0.9934547656145223 
ch00_p1-pl2-sample28-sperm1.tif 4 4 0.6661257870259257 
ch00_p1-pl2-sample29-sperm1.tif 4 4 0.9999970660769727 
ch00_p1-pl2-sample3-sperm1.tif 4 4 0.9838455976566025 
ch00_p1-pl2-sample3-sperm15.tif 4 1 0.9031364799697186 
ch00_p1-pl2-sample3-sperm6.tif 4 1 0.9837354024500504 
ch00_p1-pl2-sample31-sperm12.tif 4 4 0.9943502955170247 
ch00_p1-pl2-sample31-sperm6.tif 4 1 0.9615691703785043 
ch00_p1-pl2-sample32-sperm1.tif 4 4 0.7744979370530773 
ch00_p1-pl2-sample32-sperm5.tif 4 4 0.47168106918952674 
ch00_p1-pl2-sample33-sperm10.tif 4 4 0.9979158386256934 
ch00_p1-pl2-sample33-sperm2.tif 4 4 0.9932657512031728 
ch00_p1-pl2-sample33-sperm3.tif 4 4 0.7275547577649443 
ch00_p1-pl2-sample34-sperm10.tif 4 4 0.9999999999890311 
ch00_p1-pl2-sample34-sperm12.tif 4 1 0.8100279554566567 
ch00_p1-pl2-sample34-sperm7.tif 4 4 0.9999998800017732 
ch00_p1-pl2-sample35-sperm10.tif 4 1 0.9957503018357947 
ch00_p1-pl2-sample35-sperm12.tif 4 4 0.9926169376172592 
ch00_p1-pl2-sample35-sperm8.tif 4 0 0.9985466042571539 
ch00_p1-pl2-sample4-sperm16.tif 4 1 0.7873779627759635 
ch00_p1-pl2-sample7-sperm5.tif 4 4 0.9130202473730209 
ch00_p1-pl3-sample10-sperm1.tif 4 4 0.9814786745024562 
ch00_p1-pl3-sample12-sperm17.tif 4 1 0.9714394631360769 
ch00_p1-pl3-sample12-sperm3.tif 4 1 0.9977691139499109 
ch00_p1-pl3-sample12-sperm6.tif 4 4 0.9999997914176453 
ch00_p1-pl3-sample12-sperm8.tif 4 4 0.979497430400551 
ch00_p1-pl3-sample13-sperm9.tif 4 4 0.6652582375117492 
ch00_p1-pl3-sample14-sperm1.tif 4 4 0.9801871081387722 
ch00_p1-pl3-sample14-sperm11.tif 4 3 0.834502771948401 
ch00_p1-pl3-sample15-sperm2.tif 4 4 0.9949895139286541 
ch00_p1-pl3-sample15-sperm20.tif 4 4 0.7783190073338208 
ch00_p1-pl3-sample17-sperm11.tif 4 4 0.677368578070573 
ch00_p1-pl3-sample17-sperm2.tif 4 4 0.9999999501058073 
ch00_p1-pl3-sample17-sperm7.tif 4 4 0.9999999999998692 
ch00_p1-pl3-sample19-sperm1.tif 4 4 0.9999993985970448 
ch00_p1-pl3-sample19-sperm8.tif 4 4 0.54365417160989 
ch00_p1-pl3-sample2-sperm12.tif 4 2 0.9909839392567568 
ch00_p1-pl3-sample20-sperm12.tif 4 4 0.9999999306169042 
ch00_p1-pl3-sample20-sperm8.tif 4 4 0.9999999992300328 
ch00_p1-pl3-sample21-sperm9.tif 4 1 0.7463773546096403 
ch00_p1-pl3-sample23-sperm11.tif 4 1 0.9878421020805587 
ch00_p1-pl3-sample24-sperm11.tif 4 4 0.7027789699473384 
ch00_p1-pl3-sample24-sperm13.tif 4 4 0.9719250904215389 
ch00_p1-pl3-sample24-sperm14.tif 4 2 0.5044793447201041 
ch00_p1-pl3-sample24-sperm21.tif 4 4 0.999999812861258 
ch00_p1-pl3-sample24-sperm24.tif 4 4 0.8441715421667829 
ch00_p1-pl3-sample24-sperm5.tif 4 4 0.7346922885728342 
ch00_p1-pl3-sample24-sperm9.tif 4 2 0.8572774896792249 
ch00_p1-pl3-sample25-sperm10.tif 4 1 0.8424072121092466 
ch00_p1-pl3-sample25-sperm3.tif 4 1 0.9883472936748166 
ch00_p1-pl3-sample25-sperm4.tif 4 2 0.48999238847734583 
ch00_p1-pl3-sample25-sperm8.tif 4 3 0.9999895491123524 
ch00_p1-pl3-sample3-sperm8.tif 4 0 0.9194904036308228 
ch00_p1-pl3-sample4-sperm3.tif 4 3 0.9992710944994528 
ch00_p1-pl3-sample6-sperm3.tif 4 4 0.9297099218953618 
ch00_p1-pl3-sample6-sperm6.tif 4 3 0.982822772060954 
ch00_p1-pl3-sample7-sperm14.tif 4 4 0.9587631979363085 
ch00_p1-pl3-sample7-sperm3.tif 4 4 0.9999999991119208 
ch00_p1-pl3-sample8-sperm11.tif 4 1 0.9999140012684912 
ch00_p1-pl3-sample8-sperm6.tif 4 4 0.9904941889367291 
ch00_p1-pl3-sample9-sperm14.tif 4 4 0.9999999880438262 
ch00_p1-pl3-sample9-sperm8.tif 4 4 0.7378668588322335 
ch00_p3-pl1-sample10-sperm4.tif 4 4 0.9172686576838308 
ch00_p3-pl1-sample11-sperm1.tif 4 4 0.9999999838979288 
ch00_p3-pl1-sample11-sperm5.tif 4 4 0.9999999507871516 
ch00_p3-pl1-sample11-sperm6.tif 4 4 0.9999987846698548 
ch00_p3-pl1-sample12-sperm6.tif 4 1 0.8875951829215019 
ch00_p3-pl1-sample13-sperm6.tif 4 4 0.937279211827261 
ch00_p3-pl1-sample16-sperm3.tif 4 4 0.9972960741971932 
ch00_p3-pl1-sample16-sperm5.tif 4 0 0.9992453403570835 
ch00_p3-pl1-sample18-sperm2.tif 4 0 0.9843987577318533 
ch00_p3-pl1-sample19-sperm4.tif 4 4 0.9999993136823823 
ch00_p3-pl1-sample19-sperm8.tif 4 4 0.9343901475994344 
ch00_p3-pl1-sample20-sperm1.tif 4 1 0.989464072025166 
ch00_p3-pl1-sample22-sperm8.tif 4 0 0.9719037237110731 
ch00_p3-pl1-sample25-sperm2.tif 4 4 0.9999995989997856 
ch00_p3-pl1-sample25-sperm5.tif 4 4 0.9999999996680555 
ch00_p3-pl1-sample26-sperm1.tif 4 4 0.9986030360394952 
ch00_p3-pl1-sample29-sperm8.tif 4 4 0.9764859090306949 
ch00_p3-pl1-sample29-sperm9.tif 4 4 0.8168939317900645 
ch00_p3-pl1-sample3-sperm6.tif 4 4 0.999999999981513 
ch00_p3-pl1-sample31-sperm2.tif 4 1 0.9994115461352676 
ch00_p3-pl1-sample31-sperm7.tif 4 4 0.9902646985566207 
ch00_p3-pl1-sample32-sperm6.tif 4 1 0.9992815721237464 
ch00_p3-pl1-sample4-sperm1.tif 4 4 0.9794930499802756 
ch00_p3-pl1-sample4-sperm5.tif 4 4 0.9999941862504711 
ch00_p3-pl1-sample7-sperm1.tif 4 0 0.7718868843465584 
ch00_p3-pl1-sample7-sperm11.tif 4 4 0.6830531455791946 
ch00_p3-pl1-sample7-sperm6.tif 4 4 0.9836764223119334 
ch00_p3-pl1-sample9-sperm9.tif 4 4 0.9363597077426559 
ch00_p4-pl1-sample1-sperm9.tif 4 0 0.8916357728956806 
ch00_p4-pl1-sample10-sperm11.tif 4 4 0.5561253975197537 
ch00_p4-pl1-sample10-sperm15.tif 4 4 0.7693642870001358 
ch00_p4-pl1-sample10-sperm20.tif 4 0 0.46691646655655794 
ch00_p4-pl1-sample10-sperm22.tif 4 4 0.8929922794547389 
ch00_p4-pl1-sample10-sperm6.tif 4 3 0.8768079265677177 
ch00_p4-pl1-sample11-sperm12.tif 4 4 0.9542626482399675 
ch00_p4-pl1-sample11-sperm8.tif 4 0 0.9999034600374739 
ch00_p4-pl1-sample12-sperm11.tif 4 4 0.9878616206461863 
ch00_p4-pl1-sample12-sperm3.tif 4 1 0.5063253368806009 
ch00_p4-pl1-sample12-sperm6.tif 4 4 0.9999999999996017 
ch00_p4-pl1-sample12-sperm8.tif 4 1 0.4505922753931081 
ch00_p4-pl1-sample12-sperm9.tif 4 4 0.9999984752621279 
ch00_p4-pl1-sample13-sperm2.tif 4 4 0.9999999991746863 
ch00_p4-pl1-sample13-sperm7.tif 4 4 0.9587124927948595 
ch00_p4-pl1-sample16-sperm13.tif 4 3 0.552761610723161 
ch00_p4-pl1-sample17-sperm10.tif 4 0 0.9555587929339081 
ch00_p4-pl1-sample2-sperm1.tif 4 1 0.9700643075728022 
ch00_p4-pl1-sample2-sperm12.tif 4 4 0.9999998323316026 
ch00_p4-pl1-sample2-sperm5.tif 4 2 0.9838832097683213 
ch00_p4-pl1-sample20-sperm6.tif 4 1 0.59264166740503 
ch00_p4-pl1-sample5-sperm9.tif 4 1 0.49897982384536865 
ch00_p4-pl1-sample6-sperm3.tif 4 4 0.49467528595356736 
ch00_p4-pl1-sample6-sperm4.tif 4 0 0.7556145370030507 
ch00_p4-pl1-sample7-sperm12.tif 4 3 0.9999778712312093 
ch00_p4-pl1-sample7-sperm2.tif 4 4 0.9999999962497208 
ch00_p4-pl1-sample7-sperm3.tif 4 4 0.9934657537839338 
ch00_p4-pl1-sample7-sperm4.tif 4 0 0.873467944645271 
ch00_p4-pl1-sample7-sperm8.tif 4 0 0.9943066667858421 
ch00_p4-pl1-sample8-sperm10.tif 4 2 0.9485284836269073 
ch00_p4-pl1-sample8-sperm6.tif 4 1 0.999657439894111 
ch00_p4-pl1-sample9-sperm11.tif 4 4 0.9632066988807838 
ch00_p4-pl1-sample9-sperm15.tif 4 3 0.9924677111107705 
ch00_p4-pl1-sample9-sperm6.tif 4 4 0.9963979455998515 
ch00_p4-pl2-sample10-sperm1.tif 4 0 0.45051814807380774 
ch00_p4-pl2-sample10-sperm11.tif 4 4 0.9999997815395966 
ch00_p4-pl2-sample10-sperm12.tif 4 4 0.9943380256456599 
ch00_p4-pl2-sample10-sperm8.tif 4 4 0.992370819062472 
ch00_p4-pl2-sample12-sperm1.tif 4 4 0.7511667554293525 
ch00_p4-pl2-sample12-sperm10.tif 4 0 0.968432623111411 
ch00_p4-pl2-sample12-sperm9.tif 4 4 0.904622604669498 
ch00_p4-pl2-sample13-sperm9.tif 4 4 0.9978019589806015 
ch00_p4-pl2-sample15-sperm4.tif 4 4 0.996200327944145 
ch00_p4-pl2-sample15-sperm6.tif 4 0 0.4727926077502007 
ch00_p4-pl2-sample16-sperm4.tif 4 4 0.9611146728533956 
ch00_p4-pl2-sample17-sperm4.tif 4 4 0.9999993919316524 
ch00_p4-pl2-sample18-sperm2.tif 4 1 0.999955688064331 
ch00_p4-pl2-sample18-sperm3.tif 4 4 0.9999999999634335 
ch00_p4-pl2-sample18-sperm5.tif 4 4 0.948870483193306 
ch00_p4-pl2-sample18-sperm6.tif 4 4 0.9919266599472996 
ch00_p4-pl2-sample18-sperm9.tif 4 4 0.6988589701463788 
ch00_p4-pl2-sample19-sperm4.tif 4 0 0.7147122004642609 
ch00_p4-pl2-sample2-sperm3.tif 4 3 0.7082917865049926 
ch00_p4-pl2-sample2-sperm6.tif 4 4 0.9999999998597353 
ch00_p4-pl2-sample2-sperm7.tif 4 4 0.9871923649231287 
ch00_p4-pl2-sample20-sperm5.tif 4 4 0.9999999992148653 
ch00_p4-pl2-sample3-sperm3.tif 4 4 0.9971287439920307 
ch00_p4-pl2-sample3-sperm5.tif 4 4 0.9999999999998552 
ch00_p4-pl2-sample4-sperm2.tif 4 4 0.9999976050772594 
ch00_p4-pl2-sample4-sperm4.tif 4 4 0.9999999840118381 
ch00_p4-pl2-sample4-sperm9.tif 4 0 0.5766846433564397 
ch00_p4-pl2-sample5-sperm3.tif 4 4 0.9999998726625223 
ch00_p4-pl2-sample5-sperm5.tif 4 3 0.6006129505564998 
ch00_p4-pl2-sample6-sperm2.tif 4 4 0.9999999999205783 
ch00_p4-pl2-sample6-sperm3.tif 4 4 0.999999995637261 
ch00_p4-pl2-sample7-sperm4.tif 4 4 0.9999999997996076 
ch00_p4-pl2-sample7-sperm6.tif 4 4 0.9644781168441707 
ch00_p4-pl2-sample7-sperm8.tif 4 0 0.7328591245358372 
ch00_p4-pl2-sample7-sperm9.tif 4 4 0.9999999981372798 
ch00_p4-pl2-sample8-sperm1.tif 4 3 0.9946223488784067 
ch00_p4-pl2-sample8-sperm2.tif 4 0 0.5185049862784175 
ch00_p4-pl2-sample8-sperm9.tif 4 4 0.9999999992952406 
ch00_p4-pl2-sample9-sperm4.tif 4 4 0.9999999992912101 
ch00_p5-pl1-sample1-sperm6.tif 4 4 0.6697201275434056 
ch00_p5-pl1-sample14-sperm8.tif 4 4 0.9748710705391921 
ch00_p5-pl1-sample15-sperm4.tif 4 4 0.9781971621540215 
ch00_p5-pl1-sample15-sperm6.tif 4 4 0.9999980739612337 
ch00_p5-pl1-sample17-sperm10.tif 4 4 0.9861108137303809 
ch00_p5-pl1-sample17-sperm5.tif 4 4 0.9947885877865873 
ch00_p5-pl1-sample19-sperm13.tif 4 4 0.9689303612024711 
ch00_p5-pl1-sample2-sperm6.tif 4 4 0.9999999999555124 
ch00_p5-pl1-sample20-sperm6.tif 4 4 0.9999991313201368 
ch00_p5-pl1-sample3-sperm13.tif 4 4 0.9935028448231761 
ch00_p5-pl1-sample3-sperm17.tif 4 4 0.9939895537479674 
ch00_p5-pl1-sample4-sperm7.tif 4 4 0.9999906404306173 
ch00_p5-pl1-sample5-sperm15.tif 4 3 0.8760478403981189 
ch00_p5-pl1-sample5-sperm18.tif 4 4 0.9022378586075711 
ch00_p5-pl1-sample5-sperm4.tif 4 4 0.952484305344179 
ch00_p5-pl1-sample7-sperm5.tif 4 4 0.9881434002845434 
ch00_p5-pl1-sample9-sperm6.tif 4 4 0.9954751908314803 
