ch00_p1-pl2-sample10-sperm10.tif 0 0 0.898725533177478 
ch00_p1-pl2-sample10-sperm4.tif 0 0 0.9788394001758862 
ch00_p1-pl2-sample3-sperm4.tif 0 0 0.5769131037595844 
ch00_p1-pl2-sample34-sperm9.tif 0 0 0.9691736995560347 
ch00_p1-pl2-sample4-sperm15.tif 0 0 0.5212243628523626 
ch00_p1-pl2-sample4-sperm20.tif 0 4 0.9739447898277539 
ch00_p1-pl2-sample8-sperm6.tif 0 0 0.9727651019100564 
ch00_p1-pl3-sample10-sperm2.tif 0 4 0.523319805234976 
ch00_p1-pl3-sample17-sperm5.tif 0 4 0.9307888223827154 
ch00_p3-pl1-sample13-sperm2.tif 0 4 0.9655819195258577 
ch00_p3-pl1-sample2-sperm4.tif 0 0 0.9280165648637055 
ch00_p3-pl1-sample3-sperm4.tif 0 0 0.894321586942769 
ch00_p3-pl1-sample30-sperm6.tif 0 0 0.9512559386982756 
ch00_p4-pl1-sample1-sperm13.tif 0 0 0.742531898333324 
ch00_p4-pl1-sample1-sperm3.tif 0 0 0.8856119095145876 
ch00_p4-pl1-sample10-sperm7.tif 0 0 0.9913890314475317 
ch00_p4-pl1-sample13-sperm9.tif 0 4 0.9440221126061208 
ch00_p4-pl1-sample14-sperm1.tif 0 4 0.9660842978332191 
ch00_p4-pl1-sample14-sperm2.tif 0 4 0.5527615851076706 
ch00_p4-pl1-sample15-sperm6.tif 0 3 0.9554837065554422 
ch00_p4-pl1-sample17-sperm2.tif 0 4 0.8069020100904265 
ch00_p4-pl1-sample17-sperm9.tif 0 3 0.664214294225234 
ch00_p4-pl1-sample19-sperm1.tif 0 0 0.9278092708709487 
ch00_p4-pl1-sample2-sperm11.tif 0 0 0.4221838735359922 
ch00_p4-pl1-sample20-sperm7.tif 0 4 0.86403163299929 
ch00_p4-pl2-sample17-sperm5.tif 0 3 0.8373096632893731 
ch00_p4-pl2-sample5-sperm6.tif 0 4 0.9441921160194844 
ch00_p4-pl2-sample8-sperm5.tif 0 0 0.9520203418492812 
ch00_p5-pl1-sample15-sperm10.tif 0 4 0.9199129769632931 
ch00_p5-pl1-sample2-sperm9.tif 0 4 0.8339314488547162 
ch00_p1-pl2-sample10-sperm3.tif 1 1 0.9654333430502116 
ch00_p1-pl2-sample11-sperm12.tif 1 1 0.9881577358962452 
ch00_p1-pl2-sample11-sperm2.tif 1 1 0.9758445037233056 
ch00_p1-pl2-sample13-sperm6.tif 1 3 0.6662651357128565 
ch00_p1-pl2-sample13-sperm7.tif 1 4 0.839871223289296 
ch00_p1-pl2-sample14-sperm13.tif 1 1 0.9413038567512809 
ch00_p1-pl2-sample17-sperm5.tif 1 1 0.9299980705859585 
ch00_p1-pl2-sample18-sperm10.tif 1 1 0.4291129128792601 
ch00_p1-pl2-sample18-sperm3.tif 1 1 0.9410034777163939 
ch00_p1-pl2-sample18-sperm5.tif 1 1 0.9773283326906891 
ch00_p1-pl2-sample19-sperm8.tif 1 3 0.8735900349688929 
ch00_p1-pl2-sample21-sperm6.tif 1 1 0.7356182514247029 
ch00_p1-pl2-sample22-sperm3.tif 1 1 0.8865927790016491 
ch00_p1-pl2-sample22-sperm6.tif 1 4 0.506809734777589 
ch00_p1-pl2-sample23-sperm10.tif 1 1 0.9907751185118616 
ch00_p1-pl2-sample23-sperm14.tif 1 0 0.9254269420773366 
ch00_p1-pl2-sample24-sperm6.tif 1 1 0.937326170216144 
ch00_p1-pl2-sample24-sperm7.tif 1 1 0.8856684156647994 
ch00_p1-pl2-sample26-sperm5.tif 1 4 0.7784707640086226 
ch00_p1-pl2-sample29-sperm5.tif 1 1 0.9948378408984515 
ch00_p1-pl2-sample3-sperm10.tif 1 1 0.9897336117850639 
ch00_p1-pl2-sample3-sperm3.tif 1 1 0.9744747181000659 
ch00_p1-pl2-sample30-sperm5.tif 1 1 0.9910244062923721 
ch00_p1-pl2-sample30-sperm7.tif 1 4 0.8935055984646272 
ch00_p1-pl2-sample31-sperm8.tif 1 4 0.8810058200286538 
ch00_p1-pl2-sample32-sperm2.tif 1 4 0.9516320259605091 
ch00_p1-pl2-sample32-sperm4.tif 1 1 0.8048138951546933 
ch00_p1-pl2-sample32-sperm6.tif 1 4 0.7814233630832318 
ch00_p1-pl2-sample33-sperm12.tif 1 1 0.9811500216356189 
ch00_p1-pl2-sample6-sperm11.tif 1 1 0.8307145764301543 
ch00_p1-pl2-sample7-sperm11.tif 1 1 0.9611404955165888 
ch00_p1-pl2-sample7-sperm9.tif 1 4 0.7642518723602169 
ch00_p1-pl2-sample8-sperm1.tif 1 1 0.778020834186613 
ch00_p1-pl2-sample8-sperm2.tif 1 1 0.9853025856686257 
ch00_p1-pl2-sample9-sperm12.tif 1 0 0.8647069035243183 
ch00_p1-pl2-sample9-sperm13.tif 1 1 0.4926661125444488 
ch00_p1-pl3-sample13-sperm13.tif 1 1 0.9921703560740487 
ch00_p1-pl3-sample15-sperm6.tif 1 0 0.7096676442663469 
ch00_p1-pl3-sample18-sperm1.tif 1 4 0.8718067515842289 
ch00_p1-pl3-sample5-sperm2.tif 1 4 0.9540604225203876 
ch00_p1-pl3-sample7-sperm12.tif 1 1 0.6799425361148935 
ch00_p1-pl3-sample8-sperm10.tif 1 4 0.7721541806019554 
ch00_p3-pl1-sample10-sperm6.tif 1 1 0.9925407659103946 
ch00_p3-pl1-sample12-sperm5.tif 1 1 0.9886012068187094 
ch00_p3-pl1-sample17-sperm3.tif 1 1 0.9630229753324059 
ch00_p3-pl1-sample18-sperm1.tif 1 1 0.9572651637646347 
ch00_p3-pl1-sample21-sperm6.tif 1 4 0.510627312661697 
ch00_p3-pl1-sample22-sperm2.tif 1 1 0.84164859621313 
ch00_p3-pl1-sample25-sperm11.tif 1 1 0.9913070538217651 
ch00_p3-pl1-sample27-sperm5.tif 1 1 0.9842735137709999 
ch00_p3-pl1-sample29-sperm5.tif 1 1 0.49375525173055257 
ch00_p3-pl1-sample5-sperm6.tif 1 1 0.9912432230913392 
ch00_p4-pl1-sample1-sperm5.tif 1 1 0.6999088044190958 
ch00_p4-pl1-sample16-sperm6.tif 1 1 0.9976441553217631 
ch00_p4-pl1-sample17-sperm3.tif 1 1 0.8255000508998327 
ch00_p4-pl1-sample19-sperm3.tif 1 1 0.6071608958289695 
ch00_p4-pl1-sample4-sperm2.tif 1 1 0.8514066411079438 
ch00_p4-pl1-sample9-sperm16.tif 1 1 0.8966129362062115 
ch00_p4-pl2-sample10-sperm2.tif 1 1 0.9679644313267665 
ch00_p4-pl2-sample4-sperm3.tif 1 4 0.9688845522993987 
ch00_p5-pl1-sample1-sperm9.tif 1 1 0.9486512365684048 
ch00_p5-pl1-sample16-sperm7.tif 1 1 0.8763268683594547 
ch00_p5-pl1-sample19-sperm11.tif 1 1 0.5057846264021149 
ch00_p5-pl1-sample2-sperm2.tif 1 3 0.5019467271135728 
ch00_p5-pl1-sample4-sperm9.tif 1 1 0.4477785461644846 
ch00_p5-pl1-sample6-sperm13.tif 1 1 0.9728554776800125 
ch00_p5-pl1-sample8-sperm2.tif 1 4 0.8486547245102046 
ch00_p5-pl1-sample8-sperm5.tif 1 1 0.8447341412797975 
ch00_p1-pl2-sample2-sperm15.tif 2 4 0.7962216935781548 
ch00_p1-pl2-sample2-sperm6.tif 2 1 0.9775579280232096 
ch00_p1-pl2-sample2-sperm9.tif 2 2 0.6899559348465922 
ch00_p1-pl2-sample23-sperm9.tif 2 4 0.8440640025786876 
ch00_p1-pl2-sample27-sperm7.tif 2 2 0.9665011393659656 
ch00_p1-pl2-sample31-sperm2.tif 2 4 0.723403887785606 
ch00_p1-pl3-sample1-sperm9.tif 2 4 0.9463819171306042 
ch00_p1-pl3-sample11-sperm6.tif 2 2 0.4806145255195627 
ch00_p1-pl3-sample11-sperm7.tif 2 4 0.7585017273553191 
ch00_p1-pl3-sample20-sperm4.tif 2 2 0.9800562200365629 
ch00_p1-pl3-sample22-sperm11.tif 2 4 0.5058128689528582 
ch00_p1-pl3-sample6-sperm2.tif 2 1 0.9625199381888008 
ch00_p1-pl3-sample9-sperm4.tif 2 4 0.5015246688614722 
ch00_p4-pl1-sample12-sperm4.tif 2 2 0.9924182440360522 
ch00_p4-pl1-sample13-sperm4.tif 2 2 0.9199173689176174 
ch00_p4-pl1-sample14-sperm10.tif 2 2 0.8522681565833388 
ch00_p4-pl1-sample17-sperm8.tif 2 2 0.9498581793042203 
ch00_p4-pl1-sample19-sperm7.tif 2 2 0.994052889056008 
ch00_p4-pl1-sample3-sperm10.tif 2 2 0.3742363054568983 
ch00_p4-pl1-sample4-sperm15.tif 2 2 0.9198460605658855 
ch00_p4-pl2-sample17-sperm6.tif 2 4 0.5541098859162293 
ch00_p4-pl2-sample4-sperm11.tif 2 2 0.9926882083867051 
ch00_p1-pl2-sample15-sperm6.tif 3 4 0.8830594535091909 
ch00_p1-pl2-sample22-sperm2.tif 3 3 0.8914184565084993 
ch00_p1-pl2-sample23-sperm11.tif 3 0 0.41131085806206164 
ch00_p1-pl2-sample23-sperm8.tif 3 0 0.6425677165581714 
ch00_p1-pl2-sample24-sperm3.tif 3 3 0.6541359488850266 
ch00_p1-pl2-sample25-sperm9.tif 3 0 0.8017592563056548 
ch00_p1-pl2-sample27-sperm1.tif 3 0 0.9736987635986266 
ch00_p1-pl2-sample5-sperm4.tif 3 4 0.867481462855999 
ch00_p1-pl2-sample5-sperm6.tif 3 2 0.9613955959617938 
ch00_p1-pl3-sample13-sperm12.tif 3 3 0.3893273549784048 
ch00_p1-pl3-sample20-sperm9.tif 3 3 0.8531516661356485 
ch00_p1-pl3-sample23-sperm16.tif 3 4 0.9048133946693224 
ch00_p1-pl3-sample24-sperm1.tif 3 3 0.5957260224280724 
ch00_p1-pl3-sample25-sperm14.tif 3 3 0.7867875633775693 
ch00_p1-pl3-sample4-sperm4.tif 3 3 0.9176620948165174 
ch00_p1-pl3-sample5-sperm10.tif 3 4 0.8528000689460332 
ch00_p3-pl1-sample1-sperm3.tif 3 3 0.7703983741110789 
ch00_p3-pl1-sample30-sperm1.tif 3 4 0.6457831483908565 
ch00_p3-pl1-sample31-sperm3.tif 3 3 0.7983977808407301 
ch00_p4-pl2-sample8-sperm4.tif 3 4 0.60460661724359 
ch00_p5-pl1-sample10-sperm3.tif 3 3 0.9193518220218743 
ch00_p1-pl2-sample10-sperm15.tif 4 1 0.44905942701436813 
ch00_p1-pl2-sample13-sperm1.tif 4 4 0.7645369754756006 
ch00_p1-pl2-sample14-sperm2.tif 4 0 0.7313147056471708 
ch00_p1-pl2-sample14-sperm4.tif 4 4 0.9628493131796234 
ch00_p1-pl2-sample16-sperm7.tif 4 4 0.9463506533962653 
ch00_p1-pl2-sample17-sperm2.tif 4 4 0.75227971233935 
ch00_p1-pl2-sample17-sperm3.tif 4 2 0.8903250909367347 
ch00_p1-pl2-sample18-sperm2.tif 4 4 0.7839606259068259 
ch00_p1-pl2-sample18-sperm6.tif 4 4 0.8796408133071139 
ch00_p1-pl2-sample2-sperm16.tif 4 0 0.9871631291658914 
ch00_p1-pl2-sample2-sperm8.tif 4 4 0.9236840523456964 
ch00_p1-pl2-sample23-sperm13.tif 4 4 0.9272079167918819 
ch00_p1-pl2-sample24-sperm12.tif 4 4 0.5756566011473706 
ch00_p1-pl2-sample24-sperm13.tif 4 1 0.34803480050513236 
ch00_p1-pl2-sample26-sperm3.tif 4 3 0.8725301611808584 
ch00_p1-pl2-sample27-sperm5.tif 4 4 0.96712908342591 
ch00_p1-pl2-sample27-sperm8.tif 4 1 0.9533139995077569 
ch00_p1-pl2-sample28-sperm1.tif 4 4 0.8043801969701466 
ch00_p1-pl2-sample29-sperm1.tif 4 4 0.8201842905963344 
ch00_p1-pl2-sample3-sperm1.tif 4 4 0.956278961692459 
ch00_p1-pl2-sample3-sperm15.tif 4 4 0.7642255188392229 
ch00_p1-pl2-sample3-sperm6.tif 4 4 0.7681398124263132 
ch00_p1-pl2-sample31-sperm12.tif 4 3 0.716332541229897 
ch00_p1-pl2-sample31-sperm6.tif 4 1 0.693282100644768 
ch00_p1-pl2-sample32-sperm1.tif 4 4 0.9296283478620465 
ch00_p1-pl2-sample32-sperm5.tif 4 3 0.5465518695006489 
ch00_p1-pl2-sample33-sperm10.tif 4 4 0.9459799528960467 
ch00_p1-pl2-sample33-sperm2.tif 4 4 0.7906497287767675 
ch00_p1-pl2-sample33-sperm3.tif 4 4 0.9708953117724684 
ch00_p1-pl2-sample34-sperm10.tif 4 4 0.6573792596579805 
ch00_p1-pl2-sample34-sperm12.tif 4 4 0.7977158244705554 
ch00_p1-pl2-sample34-sperm7.tif 4 4 0.9521313867240309 
ch00_p1-pl2-sample35-sperm10.tif 4 1 0.9917383895153689 
ch00_p1-pl2-sample35-sperm12.tif 4 3 0.7478620921276934 
ch00_p1-pl2-sample35-sperm8.tif 4 0 0.9986572642162923 
ch00_p1-pl2-sample4-sperm16.tif 4 1 0.8158706510198495 
ch00_p1-pl2-sample7-sperm5.tif 4 4 0.95044059892631 
ch00_p1-pl3-sample10-sperm1.tif 4 4 0.9274618651272551 
ch00_p1-pl3-sample12-sperm17.tif 4 4 0.9532661670637168 
ch00_p1-pl3-sample12-sperm3.tif 4 1 0.9801063485622709 
ch00_p1-pl3-sample12-sperm6.tif 4 0 0.8308879646744286 
ch00_p1-pl3-sample12-sperm8.tif 4 4 0.699348099798222 
ch00_p1-pl3-sample13-sperm9.tif 4 4 0.7748557648612378 
ch00_p1-pl3-sample14-sperm1.tif 4 4 0.5263180408606513 
ch00_p1-pl3-sample14-sperm11.tif 4 3 0.90386594089595 
ch00_p1-pl3-sample15-sperm2.tif 4 0 0.7757433589603806 
ch00_p1-pl3-sample15-sperm20.tif 4 3 0.720692089070435 
ch00_p1-pl3-sample17-sperm11.tif 4 1 0.9832474346058605 
ch00_p1-pl3-sample17-sperm2.tif 4 4 0.939297263929775 
ch00_p1-pl3-sample17-sperm7.tif 4 4 0.9430529425047061 
ch00_p1-pl3-sample19-sperm1.tif 4 4 0.6485518223259225 
ch00_p1-pl3-sample19-sperm8.tif 4 4 0.5352559946977736 
ch00_p1-pl3-sample2-sperm12.tif 4 4 0.7489850527590848 
ch00_p1-pl3-sample20-sperm12.tif 4 4 0.9766773344707231 
ch00_p1-pl3-sample20-sperm8.tif 4 4 0.8790971553966881 
ch00_p1-pl3-sample21-sperm9.tif 4 1 0.963069160950448 
ch00_p1-pl3-sample23-sperm11.tif 4 1 0.8868178186268522 
ch00_p1-pl3-sample24-sperm11.tif 4 3 0.5247740415303548 
ch00_p1-pl3-sample24-sperm13.tif 4 1 0.9147352759988361 
ch00_p1-pl3-sample24-sperm14.tif 4 4 0.6288688644996465 
ch00_p1-pl3-sample24-sperm21.tif 4 4 0.6149673046567854 
ch00_p1-pl3-sample24-sperm24.tif 4 4 0.9324027319516512 
ch00_p1-pl3-sample24-sperm5.tif 4 1 0.8277537247616977 
ch00_p1-pl3-sample24-sperm9.tif 4 0 0.4132450212727755 
ch00_p1-pl3-sample25-sperm10.tif 4 1 0.7817661717670403 
ch00_p1-pl3-sample25-sperm3.tif 4 2 0.9908677682007153 
ch00_p1-pl3-sample25-sperm4.tif 4 2 0.9344677433824948 
ch00_p1-pl3-sample25-sperm8.tif 4 0 0.9927995937276635 
ch00_p1-pl3-sample3-sperm8.tif 4 0 0.6252415694538896 
ch00_p1-pl3-sample4-sperm3.tif 4 3 0.9952075693266982 
ch00_p1-pl3-sample6-sperm3.tif 4 1 0.9822508697837004 
ch00_p1-pl3-sample6-sperm6.tif 4 3 0.9283043770024784 
ch00_p1-pl3-sample7-sperm14.tif 4 2 0.8466793668164856 
ch00_p1-pl3-sample7-sperm3.tif 4 4 0.9567418512956735 
ch00_p1-pl3-sample8-sperm11.tif 4 1 0.9584687495861861 
ch00_p1-pl3-sample8-sperm6.tif 4 0 0.46587994496424423 
ch00_p1-pl3-sample9-sperm14.tif 4 4 0.8686438667605044 
ch00_p1-pl3-sample9-sperm8.tif 4 4 0.7393422696782809 
ch00_p3-pl1-sample10-sperm4.tif 4 3 0.658443888649607 
ch00_p3-pl1-sample11-sperm1.tif 4 4 0.7622693607632357 
ch00_p3-pl1-sample11-sperm5.tif 4 4 0.8507360758638707 
ch00_p3-pl1-sample11-sperm6.tif 4 4 0.6335177943512343 
ch00_p3-pl1-sample12-sperm6.tif 4 4 0.8695861571951173 
ch00_p3-pl1-sample13-sperm6.tif 4 4 0.38039647357001993 
ch00_p3-pl1-sample16-sperm3.tif 4 3 0.9904956937365939 
ch00_p3-pl1-sample16-sperm5.tif 4 0 0.7383257719058787 
ch00_p3-pl1-sample18-sperm2.tif 4 0 0.9959055518306368 
ch00_p3-pl1-sample19-sperm4.tif 4 4 0.42220442524274937 
ch00_p3-pl1-sample19-sperm8.tif 4 4 0.856324484483602 
ch00_p3-pl1-sample20-sperm1.tif 4 1 0.9086303774705269 
ch00_p3-pl1-sample22-sperm8.tif 4 0 0.3788703447039162 
ch00_p3-pl1-sample25-sperm2.tif 4 4 0.8823020291180153 
ch00_p3-pl1-sample25-sperm5.tif 4 1 0.8714036992976358 
ch00_p3-pl1-sample26-sperm1.tif 4 4 0.9638382930681684 
ch00_p3-pl1-sample29-sperm8.tif 4 4 0.6294704736827014 
ch00_p3-pl1-sample29-sperm9.tif 4 2 0.3767860769610281 
ch00_p3-pl1-sample3-sperm6.tif 4 4 0.8479568802990373 
ch00_p3-pl1-sample31-sperm2.tif 4 0 0.6760055334363266 
ch00_p3-pl1-sample31-sperm7.tif 4 3 0.6286016090724243 
ch00_p3-pl1-sample32-sperm6.tif 4 1 0.9935387288879196 
ch00_p3-pl1-sample4-sperm1.tif 4 4 0.9332011452223707 
ch00_p3-pl1-sample4-sperm5.tif 4 4 0.9658361412253236 
ch00_p3-pl1-sample7-sperm1.tif 4 3 0.8005680302256977 
ch00_p3-pl1-sample7-sperm11.tif 4 4 0.9061345131891546 
ch00_p3-pl1-sample7-sperm6.tif 4 1 0.9641446955745541 
ch00_p3-pl1-sample9-sperm9.tif 4 1 0.7752156960351325 
ch00_p4-pl1-sample1-sperm9.tif 4 4 0.9691494590357438 
ch00_p4-pl1-sample10-sperm11.tif 4 1 0.4885353867673083 
ch00_p4-pl1-sample10-sperm15.tif 4 2 0.5327433318709736 
ch00_p4-pl1-sample10-sperm20.tif 4 2 0.4414002675800224 
ch00_p4-pl1-sample10-sperm22.tif 4 4 0.8246719492468084 
ch00_p4-pl1-sample10-sperm6.tif 4 4 0.4819252329953664 
ch00_p4-pl1-sample11-sperm12.tif 4 4 0.5693325805889258 
ch00_p4-pl1-sample11-sperm8.tif 4 0 0.9604111113081178 
ch00_p4-pl1-sample12-sperm11.tif 4 4 0.8238377435969442 
ch00_p4-pl1-sample12-sperm3.tif 4 4 0.8813884881642856 
ch00_p4-pl1-sample12-sperm6.tif 4 4 0.7772900922114208 
ch00_p4-pl1-sample12-sperm8.tif 4 1 0.9403219263462097 
ch00_p4-pl1-sample12-sperm9.tif 4 4 0.923273839086645 
ch00_p4-pl1-sample13-sperm2.tif 4 1 0.8731198080351764 
ch00_p4-pl1-sample13-sperm7.tif 4 4 0.9415097498010817 
ch00_p4-pl1-sample16-sperm13.tif 4 1 0.873262262448003 
ch00_p4-pl1-sample17-sperm10.tif 4 4 0.7392151185092152 
ch00_p4-pl1-sample2-sperm1.tif 4 1 0.8805282359639514 
ch00_p4-pl1-sample2-sperm12.tif 4 4 0.9266904163204367 
ch00_p4-pl1-sample2-sperm5.tif 4 2 0.9778299495075177 
ch00_p4-pl1-sample20-sperm6.tif 4 1 0.6476010728374842 
ch00_p4-pl1-sample5-sperm9.tif 4 4 0.9190004614692917 
ch00_p4-pl1-sample6-sperm3.tif 4 3 0.8798808753785264 
ch00_p4-pl1-sample6-sperm4.tif 4 4 0.9470652736158136 
ch00_p4-pl1-sample7-sperm12.tif 4 3 0.9801867616751454 
ch00_p4-pl1-sample7-sperm2.tif 4 4 0.9570213323513738 
ch00_p4-pl1-sample7-sperm3.tif 4 2 0.978081714461386 
ch00_p4-pl1-sample7-sperm4.tif 4 4 0.650907740793512 
ch00_p4-pl1-sample7-sperm8.tif 4 0 0.8192901056910807 
ch00_p4-pl1-sample8-sperm10.tif 4 4 0.5593282450909107 
ch00_p4-pl1-sample8-sperm6.tif 4 2 0.491919797684847 
ch00_p4-pl1-sample9-sperm11.tif 4 4 0.9570922463850875 
ch00_p4-pl1-sample9-sperm15.tif 4 1 0.5069323178905729 
ch00_p4-pl1-sample9-sperm6.tif 4 2 0.6163439461844026 
ch00_p4-pl2-sample10-sperm1.tif 4 1 0.5696008799179577 
ch00_p4-pl2-sample10-sperm11.tif 4 4 0.7871238151915027 
ch00_p4-pl2-sample10-sperm12.tif 4 0 0.5766712178736648 
ch00_p4-pl2-sample10-sperm8.tif 4 4 0.894120821175116 
ch00_p4-pl2-sample12-sperm1.tif 4 4 0.908436241929355 
ch00_p4-pl2-sample12-sperm10.tif 4 0 0.5887351156657797 
ch00_p4-pl2-sample12-sperm9.tif 4 1 0.7017491974497416 
ch00_p4-pl2-sample13-sperm9.tif 4 2 0.5545582241160326 
ch00_p4-pl2-sample15-sperm4.tif 4 4 0.8418697966411978 
ch00_p4-pl2-sample15-sperm6.tif 4 4 0.9013839830322321 
ch00_p4-pl2-sample16-sperm4.tif 4 2 0.6268348440125731 
ch00_p4-pl2-sample17-sperm4.tif 4 4 0.9069696062905762 
ch00_p4-pl2-sample18-sperm2.tif 4 1 0.529097324767922 
ch00_p4-pl2-sample18-sperm3.tif 4 4 0.8720040444275076 
ch00_p4-pl2-sample18-sperm5.tif 4 4 0.9138980235658568 
ch00_p4-pl2-sample18-sperm6.tif 4 1 0.9719433184083575 
ch00_p4-pl2-sample18-sperm9.tif 4 4 0.8332760553379629 
ch00_p4-pl2-sample19-sperm4.tif 4 4 0.6530590607329615 
ch00_p4-pl2-sample2-sperm3.tif 4 2 0.7587675539736878 
ch00_p4-pl2-sample2-sperm6.tif 4 4 0.9317529921627037 
ch00_p4-pl2-sample2-sperm7.tif 4 4 0.6735524939164492 
ch00_p4-pl2-sample20-sperm5.tif 4 4 0.6118552934325219 
ch00_p4-pl2-sample3-sperm3.tif 4 4 0.9535570976194829 
ch00_p4-pl2-sample3-sperm5.tif 4 4 0.9328976817747079 
ch00_p4-pl2-sample4-sperm2.tif 4 1 0.812788475108937 
ch00_p4-pl2-sample4-sperm4.tif 4 4 0.9108178798585079 
ch00_p4-pl2-sample4-sperm9.tif 4 0 0.38289200682116403 
ch00_p4-pl2-sample5-sperm3.tif 4 2 0.9306860687769325 
ch00_p4-pl2-sample5-sperm5.tif 4 4 0.692207495337314 
ch00_p4-pl2-sample6-sperm2.tif 4 3 0.6363342469472656 
ch00_p4-pl2-sample6-sperm3.tif 4 4 0.5204416799760843 
ch00_p4-pl2-sample7-sperm4.tif 4 4 0.9742706581711797 
ch00_p4-pl2-sample7-sperm6.tif 4 4 0.741718193358833 
ch00_p4-pl2-sample7-sperm8.tif 4 4 0.4537664820396384 
ch00_p4-pl2-sample7-sperm9.tif 4 4 0.9500673386209971 
ch00_p4-pl2-sample8-sperm1.tif 4 3 0.9767518070605276 
ch00_p4-pl2-sample8-sperm2.tif 4 4 0.7860679197359881 
ch00_p4-pl2-sample8-sperm9.tif 4 4 0.7520815973396521 
ch00_p4-pl2-sample9-sperm4.tif 4 4 0.9460591271278112 
ch00_p5-pl1-sample1-sperm6.tif 4 3 0.7002059502219788 
ch00_p5-pl1-sample14-sperm8.tif 4 1 0.4505279150535516 
ch00_p5-pl1-sample15-sperm4.tif 4 4 0.7164976040552316 
ch00_p5-pl1-sample15-sperm6.tif 4 4 0.7659843504058904 
ch00_p5-pl1-sample17-sperm10.tif 4 0 0.3707439668044196 
ch00_p5-pl1-sample17-sperm5.tif 4 4 0.9518216847098041 
ch00_p5-pl1-sample19-sperm13.tif 4 4 0.8822205984342238 
ch00_p5-pl1-sample2-sperm6.tif 4 4 0.7796350346981594 
ch00_p5-pl1-sample20-sperm6.tif 4 4 0.8402822279920178 
ch00_p5-pl1-sample3-sperm13.tif 4 0 0.48446221902416475 
ch00_p5-pl1-sample3-sperm17.tif 4 0 0.8290925725348789 
ch00_p5-pl1-sample4-sperm7.tif 4 1 0.9116248921876312 
ch00_p5-pl1-sample5-sperm15.tif 4 3 0.8097353379419602 
ch00_p5-pl1-sample5-sperm18.tif 4 0 0.7252104784176663 
ch00_p5-pl1-sample5-sperm4.tif 4 1 0.713904448778331 
ch00_p5-pl1-sample7-sperm5.tif 4 4 0.6954159546204293 
ch00_p5-pl1-sample9-sperm6.tif 4 0 0.8810241705114712 
