ch00_p1-pl2-sample1-sperm10.tif 0 0 0.810233997633353 
ch00_p1-pl2-sample10-sperm10.tif 0 4 0.8828987393430922 
ch00_p1-pl2-sample13-sperm11.tif 0 4 0.5531009327044206 
ch00_p1-pl2-sample14-sperm10.tif 0 0 0.9228631363940676 
ch00_p1-pl2-sample3-sperm12.tif 0 4 0.7151398046531295 
ch00_p1-pl2-sample3-sperm7.tif 0 4 0.9863636835685826 
ch00_p1-pl3-sample1-sperm17.tif 0 0 0.9829523024261805 
ch00_p1-pl3-sample1-sperm3.tif 0 0 0.9843071326525601 
ch00_p1-pl3-sample10-sperm2.tif 0 0 0.6321960063487319 
ch00_p1-pl3-sample12-sperm1.tif 0 0 0.997420545427607 
ch00_p1-pl3-sample16-sperm10.tif 0 0 0.8504130772559116 
ch00_p1-pl3-sample17-sperm3.tif 0 0 0.9985810647646013 
ch00_p1-pl3-sample2-sperm7.tif 0 0 0.9997031778772165 
ch00_p1-pl3-sample24-sperm4.tif 0 2 0.946623143719598 
ch00_p1-pl3-sample6-sperm11.tif 0 4 0.9480494897840293 
ch00_p3-pl1-sample1-sperm1.tif 0 4 0.9964903905812056 
ch00_p3-pl1-sample14-sperm5.tif 0 0 0.9788944539577019 
ch00_p3-pl1-sample17-sperm7.tif 0 4 0.9832403804314979 
ch00_p3-pl1-sample25-sperm3.tif 0 4 0.8882221054427982 
ch00_p4-pl1-sample1-sperm13.tif 0 0 0.9776327800755977 
ch00_p4-pl1-sample1-sperm3.tif 0 4 0.8543651645409608 
ch00_p4-pl1-sample10-sperm9.tif 0 4 0.8181876698293266 
ch00_p4-pl1-sample14-sperm1.tif 0 4 0.9982614962971464 
ch00_p4-pl1-sample14-sperm2.tif 0 0 0.7279563187295324 
ch00_p4-pl1-sample15-sperm6.tif 0 0 0.9989301880120375 
ch00_p4-pl1-sample19-sperm12.tif 0 4 0.9290973145141341 
ch00_p4-pl1-sample20-sperm7.tif 0 4 0.996608243169502 
ch00_p4-pl1-sample9-sperm3.tif 0 4 0.8617819599046208 
ch00_p4-pl2-sample8-sperm5.tif 0 0 0.9879797572029129 
ch00_p5-pl1-sample8-sperm7.tif 0 4 0.6908389683177892 
ch00_p1-pl2-sample1-sperm6.tif 1 0 0.7127829136387799 
ch00_p1-pl2-sample10-sperm5.tif 1 4 0.9978785028946316 
ch00_p1-pl2-sample11-sperm12.tif 1 1 0.990845888332156 
ch00_p1-pl2-sample13-sperm7.tif 1 1 0.9337476658076562 
ch00_p1-pl2-sample15-sperm3.tif 1 1 0.9930552530056823 
ch00_p1-pl2-sample17-sperm7.tif 1 1 0.9947146304580103 
ch00_p1-pl2-sample18-sperm1.tif 1 2 0.8908759762386941 
ch00_p1-pl2-sample19-sperm14.tif 1 1 0.40323697423865523 
ch00_p1-pl2-sample20-sperm7.tif 1 2 0.8190486874544721 
ch00_p1-pl2-sample21-sperm6.tif 1 4 0.879600397746774 
ch00_p1-pl2-sample21-sperm8.tif 1 4 0.9433659789198208 
ch00_p1-pl2-sample22-sperm1.tif 1 1 0.9180444808425423 
ch00_p1-pl2-sample22-sperm3.tif 1 2 0.9213117834215938 
ch00_p1-pl2-sample24-sperm6.tif 1 1 0.9731136462893586 
ch00_p1-pl2-sample25-sperm2.tif 1 1 0.9195005606066051 
ch00_p1-pl2-sample25-sperm8.tif 1 0 0.48406689676750425 
ch00_p1-pl2-sample29-sperm6.tif 1 4 0.9033279266413358 
ch00_p1-pl2-sample30-sperm5.tif 1 1 0.9997531533811258 
ch00_p1-pl2-sample30-sperm7.tif 1 1 0.8602700559275207 
ch00_p1-pl2-sample35-sperm2.tif 1 4 0.5391401555548218 
ch00_p1-pl2-sample35-sperm7.tif 1 1 0.9998567088345601 
ch00_p1-pl2-sample4-sperm11.tif 1 2 0.9589364515841367 
ch00_p1-pl2-sample4-sperm5.tif 1 1 0.9998997301346587 
ch00_p1-pl2-sample7-sperm9.tif 1 2 0.8120542598111234 
ch00_p1-pl2-sample9-sperm13.tif 1 4 0.8604293928137292 
ch00_p1-pl2-sample9-sperm2.tif 1 1 0.7379701785353945 
ch00_p1-pl3-sample1-sperm5.tif 1 1 0.9883010278248442 
ch00_p1-pl3-sample10-sperm6.tif 1 1 0.9939817808030064 
ch00_p1-pl3-sample11-sperm10.tif 1 1 0.9956584353328596 
ch00_p1-pl3-sample12-sperm5.tif 1 1 0.9979881173760868 
ch00_p1-pl3-sample12-sperm7.tif 1 4 0.4494474756357183 
ch00_p1-pl3-sample14-sperm8.tif 1 1 0.9984741315979699 
ch00_p1-pl3-sample16-sperm14.tif 1 1 0.9674649702985868 
ch00_p1-pl3-sample24-sperm17.tif 1 2 0.5385507814336115 
ch00_p1-pl3-sample5-sperm2.tif 1 4 0.9526613566426364 
ch00_p1-pl3-sample7-sperm12.tif 1 4 0.5338451102387837 
ch00_p3-pl1-sample10-sperm6.tif 1 1 0.9999175092512704 
ch00_p3-pl1-sample11-sperm2.tif 1 4 0.9358652542986722 
ch00_p3-pl1-sample12-sperm5.tif 1 1 0.9918392129156344 
ch00_p3-pl1-sample17-sperm2.tif 1 4 0.9328586660904291 
ch00_p3-pl1-sample17-sperm3.tif 1 4 0.5743527243616259 
ch00_p3-pl1-sample17-sperm4.tif 1 4 0.9972685312830462 
ch00_p3-pl1-sample18-sperm1.tif 1 1 0.9982067209324499 
ch00_p3-pl1-sample18-sperm3.tif 1 1 0.995498872379125 
ch00_p3-pl1-sample19-sperm6.tif 1 4 0.5789318380258006 
ch00_p3-pl1-sample23-sperm4.tif 1 1 0.9987489140433541 
ch00_p3-pl1-sample26-sperm2.tif 1 4 0.9331137516677743 
ch00_p3-pl1-sample5-sperm1.tif 1 1 0.881253933342058 
ch00_p3-pl1-sample5-sperm6.tif 1 1 0.9996024979043404 
ch00_p3-pl1-sample6-sperm5.tif 1 4 0.9155003697445941 
ch00_p3-pl1-sample7-sperm14.tif 1 1 0.9789405075132538 
ch00_p4-pl1-sample1-sperm2.tif 1 1 0.9610321021368056 
ch00_p4-pl1-sample11-sperm10.tif 1 1 0.9983993070950269 
ch00_p4-pl1-sample12-sperm5.tif 1 4 0.9515509406739904 
ch00_p4-pl1-sample19-sperm3.tif 1 1 0.9967264583878921 
ch00_p4-pl1-sample3-sperm4.tif 1 1 0.8900497495355729 
ch00_p4-pl1-sample3-sperm8.tif 1 1 0.9620058470325266 
ch00_p4-pl1-sample7-sperm16.tif 1 1 0.9962813058066102 
ch00_p4-pl1-sample9-sperm16.tif 1 1 0.9041911398201498 
ch00_p4-pl2-sample11-sperm1.tif 1 4 0.9775315211530087 
ch00_p4-pl2-sample5-sperm7.tif 1 1 0.5876019226602427 
ch00_p4-pl2-sample8-sperm6.tif 1 4 0.95830482387594 
ch00_p5-pl1-sample20-sperm3.tif 1 1 0.9937141004169484 
ch00_p5-pl1-sample5-sperm20.tif 1 4 0.9438915941707828 
ch00_p5-pl1-sample6-sperm13.tif 1 1 0.9994758129509989 
ch00_p5-pl1-sample6-sperm16.tif 1 1 0.9995016116968902 
ch00_p5-pl1-sample7-sperm10.tif 1 1 0.9720448140991107 
ch00_p5-pl1-sample8-sperm5.tif 1 1 0.9993674793492081 
ch00_p1-pl2-sample14-sperm5.tif 2 2 0.9527566028172336 
ch00_p1-pl2-sample17-sperm10.tif 2 4 0.5356145066562098 
ch00_p1-pl2-sample2-sperm6.tif 2 1 0.582148429089698 
ch00_p1-pl2-sample2-sperm9.tif 2 2 0.9913810583414167 
ch00_p1-pl2-sample34-sperm5.tif 2 2 0.9992379613378535 
ch00_p1-pl2-sample6-sperm2.tif 2 2 0.9992887019709575 
ch00_p1-pl3-sample15-sperm14.tif 2 2 0.920159186747999 
ch00_p1-pl3-sample17-sperm9.tif 2 2 0.9913722808973717 
ch00_p1-pl3-sample6-sperm9.tif 2 4 0.7485229433330166 
ch00_p1-pl3-sample7-sperm5.tif 2 2 0.8720462334121932 
ch00_p1-pl3-sample9-sperm4.tif 2 2 0.9690736765895177 
ch00_p3-pl1-sample14-sperm8.tif 2 4 0.983911430949936 
ch00_p3-pl1-sample28-sperm5.tif 2 2 0.9956810459477803 
ch00_p4-pl1-sample12-sperm4.tif 2 2 0.9819390924828999 
ch00_p4-pl1-sample13-sperm4.tif 2 4 0.9751434586659372 
ch00_p4-pl1-sample14-sperm14.tif 2 4 0.5515523964172475 
ch00_p4-pl1-sample19-sperm7.tif 2 2 0.9309856398694578 
ch00_p4-pl1-sample3-sperm10.tif 2 2 0.984199005103588 
ch00_p4-pl1-sample3-sperm7.tif 2 4 0.696790281404318 
ch00_p4-pl1-sample4-sperm6.tif 2 2 0.9698635959321892 
ch00_p4-pl1-sample5-sperm5.tif 2 4 0.9765926864944783 
ch00_p4-pl2-sample11-sperm5.tif 2 2 0.9798118272574721 
ch00_p1-pl2-sample11-sperm3.tif 3 3 0.997508174208958 
ch00_p1-pl2-sample15-sperm6.tif 3 3 0.9984341325327121 
ch00_p1-pl2-sample17-sperm8.tif 3 3 0.9733191843189679 
ch00_p1-pl2-sample5-sperm11.tif 3 3 0.9978675322305756 
ch00_p1-pl2-sample7-sperm4.tif 3 0 0.6183632715262818 
ch00_p1-pl3-sample13-sperm12.tif 3 4 0.9313316362501545 
ch00_p1-pl3-sample16-sperm16.tif 3 4 0.728997472866786 
ch00_p1-pl3-sample23-sperm7.tif 3 4 0.887482343593488 
ch00_p1-pl3-sample24-sperm1.tif 3 3 0.9991865575131512 
ch00_p1-pl3-sample4-sperm4.tif 3 4 0.9739451636429082 
ch00_p1-pl3-sample5-sperm10.tif 3 3 0.8534453918035345 
ch00_p1-pl3-sample9-sperm6.tif 3 4 0.45654337796393757 
ch00_p3-pl1-sample12-sperm3.tif 3 3 0.9599607430389911 
ch00_p3-pl1-sample14-sperm6.tif 3 4 0.939160649009637 
ch00_p3-pl1-sample28-sperm2.tif 3 0 0.8841134983040678 
ch00_p4-pl1-sample11-sperm3.tif 3 3 0.9861655318069832 
ch00_p4-pl1-sample20-sperm4.tif 3 4 0.9991108386202728 
ch00_p4-pl1-sample9-sperm14.tif 3 3 0.998729733144017 
ch00_p4-pl2-sample8-sperm3.tif 3 0 0.8930331312928659 
ch00_p5-pl1-sample1-sperm4.tif 3 3 0.6634182309365753 
ch00_p5-pl1-sample10-sperm3.tif 3 4 0.8441226189473486 
ch00_p1-pl2-sample1-sperm1.tif 4 2 0.9362562363515283 
ch00_p1-pl2-sample1-sperm12.tif 4 4 0.8262494317930842 
ch00_p1-pl2-sample1-sperm2.tif 4 4 0.9982922801668905 
ch00_p1-pl2-sample10-sperm15.tif 4 4 0.7063583295378143 
ch00_p1-pl2-sample11-sperm11.tif 4 4 0.7394525611399697 
ch00_p1-pl2-sample12-sperm10.tif 4 4 0.9977739547559796 
ch00_p1-pl2-sample12-sperm2.tif 4 1 0.9959041446802253 
ch00_p1-pl2-sample13-sperm1.tif 4 4 0.9959724620179821 
ch00_p1-pl2-sample13-sperm5.tif 4 2 0.8246017634415255 
ch00_p1-pl2-sample14-sperm3.tif 4 4 0.990304094789083 
ch00_p1-pl2-sample16-sperm7.tif 4 4 0.6283477846025715 
ch00_p1-pl2-sample2-sperm11.tif 4 4 0.9999996737338253 
ch00_p1-pl2-sample23-sperm13.tif 4 4 0.9882396681593005 
ch00_p1-pl2-sample23-sperm17.tif 4 4 0.6729467296148951 
ch00_p1-pl2-sample24-sperm10.tif 4 0 0.47300513764433644 
ch00_p1-pl2-sample24-sperm13.tif 4 4 0.994490228226104 
ch00_p1-pl2-sample26-sperm4.tif 4 4 0.41676967830723727 
ch00_p1-pl2-sample28-sperm8.tif 4 4 0.8065455607927878 
ch00_p1-pl2-sample3-sperm6.tif 4 2 0.996199270661412 
ch00_p1-pl2-sample30-sperm6.tif 4 4 0.7078212445141677 
ch00_p1-pl2-sample31-sperm3.tif 4 4 0.9282513839183768 
ch00_p1-pl2-sample32-sperm1.tif 4 2 0.9793265913686026 
ch00_p1-pl2-sample32-sperm5.tif 4 0 0.9093280608821501 
ch00_p1-pl2-sample32-sperm8.tif 4 4 0.9311703088269127 
ch00_p1-pl2-sample33-sperm3.tif 4 2 0.8624261659394978 
ch00_p1-pl2-sample33-sperm4.tif 4 4 0.9354891722478361 
ch00_p1-pl2-sample33-sperm7.tif 4 4 0.9801359860638644 
ch00_p1-pl2-sample35-sperm10.tif 4 1 0.9519033814840778 
ch00_p1-pl2-sample35-sperm12.tif 4 2 0.6948493564484782 
ch00_p1-pl2-sample4-sperm16.tif 4 4 0.7787056292880435 
ch00_p1-pl2-sample5-sperm12.tif 4 0 0.708435495193843 
ch00_p1-pl2-sample5-sperm13.tif 4 1 0.8986663806625725 
ch00_p1-pl2-sample5-sperm7.tif 4 4 0.999998822914864 
ch00_p1-pl2-sample7-sperm1.tif 4 4 0.9999988981608481 
ch00_p1-pl2-sample7-sperm5.tif 4 4 0.7231667248348953 
ch00_p1-pl2-sample8-sperm5.tif 4 4 0.9703868059145675 
ch00_p1-pl3-sample12-sperm10.tif 4 1 0.9491391832430095 
ch00_p1-pl3-sample12-sperm14.tif 4 1 0.980027445563632 
ch00_p1-pl3-sample12-sperm17.tif 4 4 0.8855710042779827 
ch00_p1-pl3-sample12-sperm20.tif 4 4 0.6898530842857632 
ch00_p1-pl3-sample12-sperm3.tif 4 4 0.7946875068821441 
ch00_p1-pl3-sample13-sperm5.tif 4 1 0.9624029680491776 
ch00_p1-pl3-sample14-sperm11.tif 4 2 0.9410789276816315 
ch00_p1-pl3-sample14-sperm13.tif 4 0 0.9892560679054424 
ch00_p1-pl3-sample14-sperm7.tif 4 0 0.7771701643915887 
ch00_p1-pl3-sample15-sperm12.tif 4 4 0.8770279990131652 
ch00_p1-pl3-sample15-sperm20.tif 4 0 0.8539293974410717 
ch00_p1-pl3-sample15-sperm3.tif 4 3 0.9981084545296853 
ch00_p1-pl3-sample15-sperm5.tif 4 2 0.9742499611322761 
ch00_p1-pl3-sample15-sperm7.tif 4 4 0.5264638334987823 
ch00_p1-pl3-sample15-sperm9.tif 4 1 0.8205851688636708 
ch00_p1-pl3-sample18-sperm6.tif 4 4 0.5793864421258508 
ch00_p1-pl3-sample19-sperm2.tif 4 2 0.9417538781625387 
ch00_p1-pl3-sample2-sperm12.tif 4 0 0.4768619582723866 
ch00_p1-pl3-sample2-sperm14.tif 4 4 0.5094281157302148 
ch00_p1-pl3-sample20-sperm12.tif 4 4 0.9974864247981315 
ch00_p1-pl3-sample20-sperm8.tif 4 4 0.9101469722027913 
ch00_p1-pl3-sample21-sperm4.tif 4 4 0.7245737942491193 
ch00_p1-pl3-sample21-sperm5.tif 4 4 0.9832743294322074 
ch00_p1-pl3-sample21-sperm6.tif 4 0 0.9839126125188116 
ch00_p1-pl3-sample22-sperm3.tif 4 4 0.9678464234089594 
ch00_p1-pl3-sample22-sperm6.tif 4 3 0.9955703913322711 
ch00_p1-pl3-sample22-sperm9.tif 4 1 0.38687300474819103 
ch00_p1-pl3-sample23-sperm11.tif 4 1 0.5570873667074854 
ch00_p1-pl3-sample23-sperm2.tif 4 4 0.9550478434813843 
ch00_p1-pl3-sample23-sperm3.tif 4 4 0.6095496556057466 
ch00_p1-pl3-sample24-sperm22.tif 4 4 0.5268902421934955 
ch00_p1-pl3-sample24-sperm8.tif 4 4 0.9700033459531227 
ch00_p1-pl3-sample24-sperm9.tif 4 2 0.9906422365925152 
ch00_p1-pl3-sample25-sperm1.tif 4 4 0.4056466751885835 
ch00_p1-pl3-sample25-sperm11.tif 4 0 0.9494145723346887 
ch00_p1-pl3-sample3-sperm4.tif 4 4 0.9352046573065166 
ch00_p1-pl3-sample3-sperm5.tif 4 0 0.7244054707998014 
ch00_p1-pl3-sample4-sperm8.tif 4 1 0.9983353490616542 
ch00_p1-pl3-sample5-sperm14.tif 4 4 0.8325059893303586 
ch00_p1-pl3-sample7-sperm3.tif 4 4 0.9855834165919347 
ch00_p1-pl3-sample8-sperm17.tif 4 2 0.6316768542592913 
ch00_p1-pl3-sample8-sperm6.tif 4 0 0.7282401421506228 
ch00_p1-pl3-sample9-sperm5.tif 4 4 0.9202032079162242 
ch00_p3-pl1-sample11-sperm5.tif 4 4 0.4537314878791028 
ch00_p3-pl1-sample15-sperm4.tif 4 4 0.9975150925700722 
ch00_p3-pl1-sample19-sperm3.tif 4 4 0.9721960848693318 
ch00_p3-pl1-sample19-sperm8.tif 4 4 0.6956232341844986 
ch00_p3-pl1-sample2-sperm6.tif 4 4 0.8515595531218266 
ch00_p3-pl1-sample23-sperm2.tif 4 4 0.9713221054571755 
ch00_p3-pl1-sample25-sperm2.tif 4 4 0.838093519922961 
ch00_p3-pl1-sample26-sperm7.tif 4 4 0.9947718950786404 
ch00_p3-pl1-sample29-sperm4.tif 4 4 0.9999973796234759 
ch00_p3-pl1-sample3-sperm9.tif 4 1 0.9983466750968332 
ch00_p3-pl1-sample30-sperm4.tif 4 4 0.9966322740135856 
ch00_p3-pl1-sample30-sperm5.tif 4 1 0.9823656166792447 
ch00_p3-pl1-sample31-sperm7.tif 4 4 0.48508819116778495 
ch00_p3-pl1-sample32-sperm2.tif 4 4 0.997364840489472 
ch00_p3-pl1-sample32-sperm6.tif 4 1 0.9778432002451753 
ch00_p3-pl1-sample7-sperm1.tif 4 2 0.5082328408281803 
ch00_p3-pl1-sample7-sperm11.tif 4 4 0.9851575206030118 
ch00_p3-pl1-sample7-sperm13.tif 4 0 0.9977788643475968 
ch00_p4-pl1-sample1-sperm1.tif 4 0 0.9965810549626188 
ch00_p4-pl1-sample1-sperm12.tif 4 4 0.8890940484840711 
ch00_p4-pl1-sample10-sperm22.tif 4 1 0.6264123588851583 
ch00_p4-pl1-sample11-sperm2.tif 4 4 0.9999993909397417 
ch00_p4-pl1-sample12-sperm11.tif 4 4 0.47940915976641574 
ch00_p4-pl1-sample12-sperm3.tif 4 4 0.9744242731871282 
ch00_p4-pl1-sample12-sperm8.tif 4 4 0.5216799608823213 
ch00_p4-pl1-sample13-sperm5.tif 4 2 0.9587230535122994 
ch00_p4-pl1-sample14-sperm4.tif 4 0 0.9919602371629576 
ch00_p4-pl1-sample14-sperm7.tif 4 4 0.9811950272552069 
ch00_p4-pl1-sample16-sperm1.tif 4 1 0.9948674957002118 
ch00_p4-pl1-sample16-sperm16.tif 4 4 0.9753114272924858 
ch00_p4-pl1-sample16-sperm17.tif 4 4 0.982971735317897 
ch00_p4-pl1-sample17-sperm5.tif 4 0 0.6557682918828237 
ch00_p4-pl1-sample18-sperm5.tif 4 0 0.8984325468970474 
ch00_p4-pl1-sample19-sperm6.tif 4 4 0.9968758137978528 
ch00_p4-pl1-sample2-sperm12.tif 4 4 0.978771673676276 
ch00_p4-pl1-sample2-sperm3.tif 4 4 0.5426931443768597 
ch00_p4-pl1-sample2-sperm9.tif 4 1 0.9880772155072953 
ch00_p4-pl1-sample20-sperm11.tif 4 0 0.9399778464381208 
ch00_p4-pl1-sample20-sperm5.tif 4 2 0.9937571609961482 
ch00_p4-pl1-sample20-sperm9.tif 4 1 0.9204203794202619 
ch00_p4-pl1-sample4-sperm10.tif 4 4 0.9485671706300602 
ch00_p4-pl1-sample4-sperm11.tif 4 4 0.5726026344673483 
ch00_p4-pl1-sample4-sperm16.tif 4 4 0.997186276069573 
ch00_p4-pl1-sample4-sperm9.tif 4 0 0.4084739796589629 
ch00_p4-pl1-sample5-sperm1.tif 4 2 0.9989810184696561 
ch00_p4-pl1-sample5-sperm7.tif 4 0 0.8079332175608672 
ch00_p4-pl1-sample5-sperm9.tif 4 4 0.9986935020659822 
ch00_p4-pl1-sample7-sperm13.tif 4 4 0.9671713533970255 
ch00_p4-pl1-sample7-sperm3.tif 4 0 0.42781763545261725 
ch00_p4-pl1-sample8-sperm12.tif 4 4 0.7082567520017039 
ch00_p4-pl1-sample8-sperm2.tif 4 2 0.5469582899334189 
ch00_p4-pl1-sample8-sperm3.tif 4 3 0.6784919496984718 
ch00_p4-pl1-sample9-sperm11.tif 4 1 0.9668083207555843 
ch00_p4-pl1-sample9-sperm17.tif 4 4 0.9116057141210719 
ch00_p4-pl2-sample1-sperm1.tif 4 4 0.9412062393593552 
ch00_p4-pl2-sample10-sperm11.tif 4 4 0.9676728866260215 
ch00_p4-pl2-sample10-sperm5.tif 4 0 0.9801751749001281 
ch00_p4-pl2-sample10-sperm7.tif 4 4 0.9559537185929772 
ch00_p4-pl2-sample11-sperm2.tif 4 4 0.8308709812185869 
ch00_p4-pl2-sample11-sperm4.tif 4 4 0.998422012597946 
ch00_p4-pl2-sample12-sperm10.tif 4 0 0.9979026726531411 
ch00_p4-pl2-sample12-sperm11.tif 4 0 0.44567888807788525 
ch00_p4-pl2-sample12-sperm4.tif 4 4 0.8293996572171478 
ch00_p4-pl2-sample12-sperm9.tif 4 4 0.7965429910350311 
ch00_p4-pl2-sample13-sperm5.tif 4 2 0.9096281027831777 
ch00_p4-pl2-sample14-sperm10.tif 4 0 0.997989344653685 
ch00_p4-pl2-sample14-sperm6.tif 4 4 0.6795784094820548 
ch00_p4-pl2-sample14-sperm8.tif 4 1 0.5159479330105783 
ch00_p4-pl2-sample14-sperm9.tif 4 1 0.9978767572048584 
ch00_p4-pl2-sample15-sperm7.tif 4 4 0.9972316634766262 
ch00_p4-pl2-sample16-sperm7.tif 4 4 0.9971639721371531 
ch00_p4-pl2-sample16-sperm8.tif 4 4 0.6013697297011613 
ch00_p4-pl2-sample18-sperm3.tif 4 3 0.9948947237998718 
ch00_p4-pl2-sample18-sperm8.tif 4 1 0.9991013707910757 
ch00_p4-pl2-sample18-sperm9.tif 4 4 0.992873000460415 
ch00_p4-pl2-sample19-sperm4.tif 4 4 0.9857674817627474 
ch00_p4-pl2-sample19-sperm8.tif 4 4 0.9870585045300666 
ch00_p4-pl2-sample2-sperm1.tif 4 4 0.9985551497149011 
ch00_p4-pl2-sample2-sperm10.tif 4 4 0.9847053787329935 
ch00_p4-pl2-sample2-sperm2.tif 4 4 0.5860439372820656 
ch00_p4-pl2-sample2-sperm3.tif 4 2 0.7474263452074693 
ch00_p4-pl2-sample20-sperm2.tif 4 4 0.9951663424160545 
ch00_p4-pl2-sample20-sperm3.tif 4 4 0.7581654012713283 
ch00_p4-pl2-sample3-sperm2.tif 4 4 0.6658502544254461 
ch00_p4-pl2-sample3-sperm3.tif 4 4 0.9751167151329799 
ch00_p4-pl2-sample3-sperm6.tif 4 1 0.8589170462697038 
ch00_p4-pl2-sample5-sperm5.tif 4 3 0.9626109370658295 
ch00_p4-pl2-sample6-sperm2.tif 4 4 0.6770653452916232 
ch00_p4-pl2-sample6-sperm5.tif 4 4 0.974975664446924 
ch00_p4-pl2-sample6-sperm6.tif 4 0 0.9063263053192406 
ch00_p4-pl2-sample7-sperm3.tif 4 0 0.9921208720666852 
ch00_p4-pl2-sample7-sperm5.tif 4 4 0.8394946680740704 
ch00_p4-pl2-sample7-sperm7.tif 4 4 0.9213903320426897 
ch00_p5-pl1-sample1-sperm12.tif 4 1 0.9989137770646072 
ch00_p5-pl1-sample1-sperm13.tif 4 4 0.8854077360796223 
ch00_p5-pl1-sample1-sperm15.tif 4 0 0.6867160800593927 
ch00_p5-pl1-sample1-sperm7.tif 4 3 0.9878782162615003 
ch00_p5-pl1-sample10-sperm7.tif 4 0 0.5559622031092701 
ch00_p5-pl1-sample12-sperm13.tif 4 4 0.9837253698230364 
ch00_p5-pl1-sample15-sperm2.tif 4 4 0.8384337508664139 
ch00_p5-pl1-sample15-sperm3.tif 4 4 0.8122544123998595 
ch00_p5-pl1-sample17-sperm13.tif 4 4 0.9417369335770833 
ch00_p5-pl1-sample17-sperm17.tif 4 4 0.9778610393788222 
ch00_p5-pl1-sample17-sperm2.tif 4 4 0.694048013645018 
ch00_p5-pl1-sample17-sperm5.tif 4 4 0.562139796732106 
ch00_p5-pl1-sample17-sperm9.tif 4 1 0.9975482127068308 
ch00_p5-pl1-sample18-sperm3.tif 4 4 0.9999978748834377 
ch00_p5-pl1-sample19-sperm2.tif 4 3 0.713741684896813 
ch00_p5-pl1-sample2-sperm13.tif 4 4 0.5160074876659523 
ch00_p5-pl1-sample20-sperm2.tif 4 4 0.5222683500610896 
ch00_p5-pl1-sample20-sperm6.tif 4 1 0.9633316661837336 
ch00_p5-pl1-sample3-sperm13.tif 4 4 0.9975470707095547 
ch00_p5-pl1-sample3-sperm21.tif 4 0 0.5708430647307369 
ch00_p5-pl1-sample5-sperm18.tif 4 4 0.3910165909257112 
ch00_p5-pl1-sample5-sperm9.tif 4 1 0.9814511921386285 
ch00_p5-pl1-sample6-sperm9.tif 4 3 0.6809063944490854 
ch00_p5-pl1-sample9-sperm4.tif 4 4 0.9272058535284065 
