ch00_p1-pl2-sample1-sperm10.tif 0 0 0.5362111377902202 
ch00_p1-pl2-sample10-sperm10.tif 0 4 0.9753604033836516 
ch00_p1-pl2-sample13-sperm11.tif 0 4 0.8786732049938909 
ch00_p1-pl2-sample14-sperm10.tif 0 4 0.9911742571937334 
ch00_p1-pl2-sample3-sperm12.tif 0 4 0.9866496600821003 
ch00_p1-pl2-sample3-sperm7.tif 0 4 0.9630877235600462 
ch00_p1-pl3-sample1-sperm17.tif 0 4 0.7753424009796297 
ch00_p1-pl3-sample1-sperm3.tif 0 0 0.9856298956812232 
ch00_p1-pl3-sample10-sperm2.tif 0 4 0.8562437641933008 
ch00_p1-pl3-sample12-sperm1.tif 0 4 0.9928597405125748 
ch00_p1-pl3-sample16-sperm10.tif 0 4 0.8629247920207105 
ch00_p1-pl3-sample17-sperm3.tif 0 4 0.8916119035806668 
ch00_p1-pl3-sample2-sperm7.tif 0 0 0.9984077842883032 
ch00_p1-pl3-sample24-sperm4.tif 0 4 0.9999952291326104 
ch00_p1-pl3-sample6-sperm11.tif 0 2 0.7187078732353697 
ch00_p3-pl1-sample1-sperm1.tif 0 4 0.9973007220791211 
ch00_p3-pl1-sample14-sperm5.tif 0 4 0.9866365980576742 
ch00_p3-pl1-sample17-sperm7.tif 0 4 0.9166685146355114 
ch00_p3-pl1-sample25-sperm3.tif 0 4 0.9999999164699779 
ch00_p4-pl1-sample1-sperm13.tif 0 4 0.8041350952647548 
ch00_p4-pl1-sample1-sperm3.tif 0 0 0.5471504341173061 
ch00_p4-pl1-sample10-sperm9.tif 0 4 0.9999998075399357 
ch00_p4-pl1-sample14-sperm1.tif 0 4 0.9916061610731925 
ch00_p4-pl1-sample14-sperm2.tif 0 0 0.8017883717325969 
ch00_p4-pl1-sample15-sperm6.tif 0 4 0.8187390690706979 
ch00_p4-pl1-sample19-sperm12.tif 0 4 0.9945469007669699 
ch00_p4-pl1-sample20-sperm7.tif 0 4 0.9861637083003616 
ch00_p4-pl1-sample9-sperm3.tif 0 4 0.9730973318403012 
ch00_p4-pl2-sample8-sperm5.tif 0 4 0.871275261375698 
ch00_p5-pl1-sample8-sperm7.tif 0 0 0.99507895581739 
ch00_p1-pl2-sample1-sperm6.tif 1 0 0.8807824389502389 
ch00_p1-pl2-sample10-sperm5.tif 1 4 0.9895285911363243 
ch00_p1-pl2-sample11-sperm12.tif 1 1 0.9994151246407776 
ch00_p1-pl2-sample13-sperm7.tif 1 4 0.9999933147001437 
ch00_p1-pl2-sample15-sperm3.tif 1 1 0.4845704673226638 
ch00_p1-pl2-sample17-sperm7.tif 1 1 0.9999273242222186 
ch00_p1-pl2-sample18-sperm1.tif 1 2 0.658175241038574 
ch00_p1-pl2-sample19-sperm14.tif 1 2 0.8921682037216132 
ch00_p1-pl2-sample20-sperm7.tif 1 4 0.9999936258794969 
ch00_p1-pl2-sample21-sperm6.tif 1 4 0.9915865071085788 
ch00_p1-pl2-sample21-sperm8.tif 1 4 0.9438540805692393 
ch00_p1-pl2-sample22-sperm1.tif 1 1 0.9999604207201285 
ch00_p1-pl2-sample22-sperm3.tif 1 2 0.9885402273685882 
ch00_p1-pl2-sample24-sperm6.tif 1 2 0.9004825021391046 
ch00_p1-pl2-sample25-sperm2.tif 1 4 0.9813320986643963 
ch00_p1-pl2-sample25-sperm8.tif 1 4 0.558473064127895 
ch00_p1-pl2-sample29-sperm6.tif 1 4 0.7017658956453654 
ch00_p1-pl2-sample30-sperm5.tif 1 1 0.998421514873423 
ch00_p1-pl2-sample30-sperm7.tif 1 4 0.9877499690745979 
ch00_p1-pl2-sample35-sperm2.tif 1 4 0.991656620074959 
ch00_p1-pl2-sample35-sperm7.tif 1 4 0.8246421052827538 
ch00_p1-pl2-sample4-sperm11.tif 1 2 0.9259074836323584 
ch00_p1-pl2-sample4-sperm5.tif 1 1 0.9973604200700552 
ch00_p1-pl2-sample7-sperm9.tif 1 2 0.8798255940514197 
ch00_p1-pl2-sample9-sperm13.tif 1 4 0.5896971435241476 
ch00_p1-pl2-sample9-sperm2.tif 1 1 0.8901886647882319 
ch00_p1-pl3-sample1-sperm5.tif 1 1 0.9657731382368598 
ch00_p1-pl3-sample10-sperm6.tif 1 1 0.9998607683509418 
ch00_p1-pl3-sample11-sperm10.tif 1 1 0.6580560358586275 
ch00_p1-pl3-sample12-sperm5.tif 1 1 0.9776111782539445 
ch00_p1-pl3-sample12-sperm7.tif 1 2 0.8308134287535935 
ch00_p1-pl3-sample14-sperm8.tif 1 4 0.928359926458249 
ch00_p1-pl3-sample16-sperm14.tif 1 1 0.9767748415035077 
ch00_p1-pl3-sample24-sperm17.tif 1 2 0.9939643543649598 
ch00_p1-pl3-sample5-sperm2.tif 1 4 0.6105277616047877 
ch00_p1-pl3-sample7-sperm12.tif 1 4 0.8332947780554564 
ch00_p3-pl1-sample10-sperm6.tif 1 1 0.9998003159061286 
ch00_p3-pl1-sample11-sperm2.tif 1 4 0.9999999788206431 
ch00_p3-pl1-sample12-sperm5.tif 1 4 0.5145262634050132 
ch00_p3-pl1-sample17-sperm2.tif 1 1 0.8838219162140188 
ch00_p3-pl1-sample17-sperm3.tif 1 4 0.9999982553771787 
ch00_p3-pl1-sample17-sperm4.tif 1 4 0.9999995462879794 
ch00_p3-pl1-sample18-sperm1.tif 1 4 0.9620615537345054 
ch00_p3-pl1-sample18-sperm3.tif 1 1 0.9998275472549637 
ch00_p3-pl1-sample19-sperm6.tif 1 4 0.6380239499787197 
ch00_p3-pl1-sample23-sperm4.tif 1 1 0.9998569625700873 
ch00_p3-pl1-sample26-sperm2.tif 1 4 0.8248969154962451 
ch00_p3-pl1-sample5-sperm1.tif 1 4 0.948739371548777 
ch00_p3-pl1-sample5-sperm6.tif 1 1 0.9999513635741943 
ch00_p3-pl1-sample6-sperm5.tif 1 1 0.5894853413193607 
ch00_p3-pl1-sample7-sperm14.tif 1 1 0.9891308410021011 
ch00_p4-pl1-sample1-sperm2.tif 1 4 0.7420602427088174 
ch00_p4-pl1-sample11-sperm10.tif 1 1 0.9997483874531583 
ch00_p4-pl1-sample12-sperm5.tif 1 4 0.6110717348661922 
ch00_p4-pl1-sample19-sperm3.tif 1 4 0.5846630450465494 
ch00_p4-pl1-sample3-sperm4.tif 1 1 0.8577503253588195 
ch00_p4-pl1-sample3-sperm8.tif 1 2 0.9934639161174071 
ch00_p4-pl1-sample7-sperm16.tif 1 1 0.8368586409563191 
ch00_p4-pl1-sample9-sperm16.tif 1 1 0.8399999461513864 
ch00_p4-pl2-sample11-sperm1.tif 1 4 0.7735712343591041 
ch00_p4-pl2-sample5-sperm7.tif 1 4 0.5481338721728152 
ch00_p4-pl2-sample8-sperm6.tif 1 4 0.9874534825814434 
ch00_p5-pl1-sample20-sperm3.tif 1 1 0.9989130580327091 
ch00_p5-pl1-sample5-sperm20.tif 1 1 0.9974810992125611 
ch00_p5-pl1-sample6-sperm13.tif 1 1 0.9996245401662318 
ch00_p5-pl1-sample6-sperm16.tif 1 1 0.9997185580115908 
ch00_p5-pl1-sample7-sperm10.tif 1 4 0.9865259493292067 
ch00_p5-pl1-sample8-sperm5.tif 1 1 0.9999278465768833 
ch00_p1-pl2-sample14-sperm5.tif 2 4 0.7576805781652998 
ch00_p1-pl2-sample17-sperm10.tif 2 2 0.9717555658681424 
ch00_p1-pl2-sample2-sperm6.tif 2 2 0.9514914141049746 
ch00_p1-pl2-sample2-sperm9.tif 2 2 0.9314509369155693 
ch00_p1-pl2-sample34-sperm5.tif 2 2 0.9704884337105749 
ch00_p1-pl2-sample6-sperm2.tif 2 2 0.9824094928665281 
ch00_p1-pl3-sample15-sperm14.tif 2 2 0.8492202172285713 
ch00_p1-pl3-sample17-sperm9.tif 2 2 0.9984118831051629 
ch00_p1-pl3-sample6-sperm9.tif 2 0 0.8929051282577435 
ch00_p1-pl3-sample7-sperm5.tif 2 4 0.5974207232328509 
ch00_p1-pl3-sample9-sperm4.tif 2 2 0.999611547852038 
ch00_p3-pl1-sample14-sperm8.tif 2 4 0.981447013803402 
ch00_p3-pl1-sample28-sperm5.tif 2 2 0.9139293293917388 
ch00_p4-pl1-sample12-sperm4.tif 2 1 0.4905415936657442 
ch00_p4-pl1-sample13-sperm4.tif 2 4 0.9448308294162744 
ch00_p4-pl1-sample14-sperm14.tif 2 4 0.980777522908251 
ch00_p4-pl1-sample19-sperm7.tif 2 4 0.4171216571166333 
ch00_p4-pl1-sample3-sperm10.tif 2 2 0.9976192784981083 
ch00_p4-pl1-sample3-sperm7.tif 2 2 0.5194849776294849 
ch00_p4-pl1-sample4-sperm6.tif 2 4 0.7710248530507574 
ch00_p4-pl1-sample5-sperm5.tif 2 4 0.9999984912564296 
ch00_p4-pl2-sample11-sperm5.tif 2 4 0.9999984564824702 
ch00_p1-pl2-sample11-sperm3.tif 3 4 0.9999990951024043 
ch00_p1-pl2-sample15-sperm6.tif 3 4 0.48620111107733255 
ch00_p1-pl2-sample17-sperm8.tif 3 4 0.6259913679176826 
ch00_p1-pl2-sample5-sperm11.tif 3 3 0.9703426504535703 
ch00_p1-pl2-sample7-sperm4.tif 3 4 0.9977361395398039 
ch00_p1-pl3-sample13-sperm12.tif 3 4 0.998509219474718 
ch00_p1-pl3-sample16-sperm16.tif 3 4 0.7556954654411829 
ch00_p1-pl3-sample23-sperm7.tif 3 4 0.9223926835239518 
ch00_p1-pl3-sample24-sperm1.tif 3 3 0.9996616126399 
ch00_p1-pl3-sample4-sperm4.tif 3 4 0.9506949015616463 
ch00_p1-pl3-sample5-sperm10.tif 3 4 0.9768895780802179 
ch00_p1-pl3-sample9-sperm6.tif 3 4 0.9999968726153399 
ch00_p3-pl1-sample12-sperm3.tif 3 3 0.9999989130653267 
ch00_p3-pl1-sample14-sperm6.tif 3 4 0.9999999855144689 
ch00_p3-pl1-sample28-sperm2.tif 3 4 0.9817505213615226 
ch00_p4-pl1-sample11-sperm3.tif 3 3 0.8807141303372472 
ch00_p4-pl1-sample20-sperm4.tif 3 4 0.9986611261560918 
ch00_p4-pl1-sample9-sperm14.tif 3 4 0.63974881189509 
ch00_p4-pl2-sample8-sperm3.tif 3 4 0.9848113961673012 
ch00_p5-pl1-sample1-sperm4.tif 3 4 0.999999973974051 
ch00_p5-pl1-sample10-sperm3.tif 3 4 0.992523130916315 
ch00_p1-pl2-sample1-sperm1.tif 4 4 0.9999999986630318 
ch00_p1-pl2-sample1-sperm12.tif 4 4 0.9316019437870102 
ch00_p1-pl2-sample1-sperm2.tif 4 4 0.9999999998972253 
ch00_p1-pl2-sample10-sperm15.tif 4 4 0.9370818874782325 
ch00_p1-pl2-sample11-sperm11.tif 4 2 0.9955742045440622 
ch00_p1-pl2-sample12-sperm10.tif 4 4 0.9999937150449757 
ch00_p1-pl2-sample12-sperm2.tif 4 4 0.9893973194617172 
ch00_p1-pl2-sample13-sperm1.tif 4 4 0.9976445745443381 
ch00_p1-pl2-sample13-sperm5.tif 4 4 0.9737259707309485 
ch00_p1-pl2-sample14-sperm3.tif 4 4 0.9999998468605102 
ch00_p1-pl2-sample16-sperm7.tif 4 4 0.9982317509562842 
ch00_p1-pl2-sample2-sperm11.tif 4 4 0.9727697890837202 
ch00_p1-pl2-sample23-sperm13.tif 4 4 0.9999978316138244 
ch00_p1-pl2-sample23-sperm17.tif 4 4 0.9846014920967792 
ch00_p1-pl2-sample24-sperm10.tif 4 4 0.8784846394884709 
ch00_p1-pl2-sample24-sperm13.tif 4 1 0.9998939673349113 
ch00_p1-pl2-sample26-sperm4.tif 4 4 0.6357811377859515 
ch00_p1-pl2-sample28-sperm8.tif 4 2 0.5680396946591482 
ch00_p1-pl2-sample3-sperm6.tif 4 2 0.9998855634340902 
ch00_p1-pl2-sample30-sperm6.tif 4 1 0.8429428822638979 
ch00_p1-pl2-sample31-sperm3.tif 4 4 0.9836245551947923 
ch00_p1-pl2-sample32-sperm1.tif 4 2 0.919424603378545 
ch00_p1-pl2-sample32-sperm5.tif 4 2 0.5889731420553231 
ch00_p1-pl2-sample32-sperm8.tif 4 4 0.9768765333373781 
ch00_p1-pl2-sample33-sperm3.tif 4 4 0.9962027883194389 
ch00_p1-pl2-sample33-sperm4.tif 4 4 0.9827839724055479 
ch00_p1-pl2-sample33-sperm7.tif 4 4 0.963648065846106 
ch00_p1-pl2-sample35-sperm10.tif 4 1 0.9820144014186903 
ch00_p1-pl2-sample35-sperm12.tif 4 0 0.9502362116715692 
ch00_p1-pl2-sample4-sperm16.tif 4 4 0.9740142968634301 
ch00_p1-pl2-sample5-sperm12.tif 4 2 0.6751592420461779 
ch00_p1-pl2-sample5-sperm13.tif 4 4 0.9782206234899516 
ch00_p1-pl2-sample5-sperm7.tif 4 4 0.9939409342265523 
ch00_p1-pl2-sample7-sperm1.tif 4 2 0.8729229239927432 
ch00_p1-pl2-sample7-sperm5.tif 4 4 0.9526251044374251 
ch00_p1-pl2-sample8-sperm5.tif 4 4 0.9999995514282554 
ch00_p1-pl3-sample12-sperm10.tif 4 1 0.9471132022309888 
ch00_p1-pl3-sample12-sperm14.tif 4 4 0.8059109545334686 
ch00_p1-pl3-sample12-sperm17.tif 4 4 0.9999999983166418 
ch00_p1-pl3-sample12-sperm20.tif 4 4 0.6717929524990632 
ch00_p1-pl3-sample12-sperm3.tif 4 4 0.6819653573541132 
ch00_p1-pl3-sample13-sperm5.tif 4 2 0.6438715577325426 
ch00_p1-pl3-sample14-sperm11.tif 4 4 0.8440267419772755 
ch00_p1-pl3-sample14-sperm13.tif 4 1 0.9820800927352095 
ch00_p1-pl3-sample14-sperm7.tif 4 4 0.9916937413864935 
ch00_p1-pl3-sample15-sperm12.tif 4 4 0.8909475179562234 
ch00_p1-pl3-sample15-sperm20.tif 4 0 0.9900645914578404 
ch00_p1-pl3-sample15-sperm3.tif 4 3 0.7608117899842051 
ch00_p1-pl3-sample15-sperm5.tif 4 4 0.9999997608302752 
ch00_p1-pl3-sample15-sperm7.tif 4 4 0.9919170847978075 
ch00_p1-pl3-sample15-sperm9.tif 4 1 0.9142653210131991 
ch00_p1-pl3-sample18-sperm6.tif 4 2 0.9638636227376143 
ch00_p1-pl3-sample19-sperm2.tif 4 4 0.9528762176723896 
ch00_p1-pl3-sample2-sperm12.tif 4 2 0.9941538370343895 
ch00_p1-pl3-sample2-sperm14.tif 4 1 0.5874933027253196 
ch00_p1-pl3-sample20-sperm12.tif 4 4 0.9978034647291214 
ch00_p1-pl3-sample20-sperm8.tif 4 4 0.7916884425149857 
ch00_p1-pl3-sample21-sperm4.tif 4 4 0.9999992986652709 
ch00_p1-pl3-sample21-sperm5.tif 4 4 0.9985068700639661 
ch00_p1-pl3-sample21-sperm6.tif 4 0 0.9994329888703137 
ch00_p1-pl3-sample22-sperm3.tif 4 4 0.9942866415573229 
ch00_p1-pl3-sample22-sperm6.tif 4 3 0.999498488495404 
ch00_p1-pl3-sample22-sperm9.tif 4 4 0.879452167578552 
ch00_p1-pl3-sample23-sperm11.tif 4 2 0.9912058680710869 
ch00_p1-pl3-sample23-sperm2.tif 4 4 0.9999998371317649 
ch00_p1-pl3-sample23-sperm3.tif 4 4 0.9888596505036363 
ch00_p1-pl3-sample24-sperm22.tif 4 0 0.5441606855338966 
ch00_p1-pl3-sample24-sperm8.tif 4 4 0.9999995844562474 
ch00_p1-pl3-sample24-sperm9.tif 4 2 0.8619840302851371 
ch00_p1-pl3-sample25-sperm1.tif 4 4 0.39784590339565656 
ch00_p1-pl3-sample25-sperm11.tif 4 0 0.9100322616578704 
ch00_p1-pl3-sample3-sperm4.tif 4 1 0.9032453929053612 
ch00_p1-pl3-sample3-sperm5.tif 4 4 0.981250110902703 
ch00_p1-pl3-sample4-sperm8.tif 4 4 0.9891134534800803 
ch00_p1-pl3-sample5-sperm14.tif 4 4 0.9999999999076599 
ch00_p1-pl3-sample7-sperm3.tif 4 4 0.999999998493715 
ch00_p1-pl3-sample8-sperm17.tif 4 4 0.8911835395480731 
ch00_p1-pl3-sample8-sperm6.tif 4 4 0.9890737122216586 
ch00_p1-pl3-sample9-sperm5.tif 4 4 0.9999928770566889 
ch00_p3-pl1-sample11-sperm5.tif 4 4 0.9293131287945012 
ch00_p3-pl1-sample15-sperm4.tif 4 4 0.9975947678727591 
ch00_p3-pl1-sample19-sperm3.tif 4 4 0.9999976374546455 
ch00_p3-pl1-sample19-sperm8.tif 4 4 0.9931370898584966 
ch00_p3-pl1-sample2-sperm6.tif 4 4 0.9999999317623656 
ch00_p3-pl1-sample23-sperm2.tif 4 4 0.9999999408313157 
ch00_p3-pl1-sample25-sperm2.tif 4 4 0.9999997573978674 
ch00_p3-pl1-sample26-sperm7.tif 4 4 0.9977828544418266 
ch00_p3-pl1-sample29-sperm4.tif 4 4 0.9999999917780715 
ch00_p3-pl1-sample3-sperm9.tif 4 1 0.8709778919268796 
ch00_p3-pl1-sample30-sperm4.tif 4 4 0.9999996848176128 
ch00_p3-pl1-sample30-sperm5.tif 4 1 0.7421202042274787 
ch00_p3-pl1-sample31-sperm7.tif 4 4 0.9924800850374074 
ch00_p3-pl1-sample32-sperm2.tif 4 4 0.9999999998354175 
ch00_p3-pl1-sample32-sperm6.tif 4 4 0.9999998197746764 
ch00_p3-pl1-sample7-sperm1.tif 4 4 0.9999994593592785 
ch00_p3-pl1-sample7-sperm11.tif 4 4 0.996772647459953 
ch00_p3-pl1-sample7-sperm13.tif 4 4 0.5890516444838522 
ch00_p4-pl1-sample1-sperm1.tif 4 0 0.4732301786815047 
ch00_p4-pl1-sample1-sperm12.tif 4 4 0.8606304074957637 
ch00_p4-pl1-sample10-sperm22.tif 4 1 0.41464248027669026 
ch00_p4-pl1-sample11-sperm2.tif 4 0 0.5354683557159579 
ch00_p4-pl1-sample12-sperm11.tif 4 4 0.9999991896479659 
ch00_p4-pl1-sample12-sperm3.tif 4 4 0.6997426772830659 
ch00_p4-pl1-sample12-sperm8.tif 4 4 0.9999998581019287 
ch00_p4-pl1-sample13-sperm5.tif 4 4 0.9402266585758278 
ch00_p4-pl1-sample14-sperm4.tif 4 0 0.6549036266632731 
ch00_p4-pl1-sample14-sperm7.tif 4 4 0.8071166357102323 
ch00_p4-pl1-sample16-sperm1.tif 4 1 0.9799498791808497 
ch00_p4-pl1-sample16-sperm16.tif 4 4 0.9854877032734721 
ch00_p4-pl1-sample16-sperm17.tif 4 4 0.9999992399647443 
ch00_p4-pl1-sample17-sperm5.tif 4 4 0.9280335317343025 
ch00_p4-pl1-sample18-sperm5.tif 4 4 0.9967360275024391 
ch00_p4-pl1-sample19-sperm6.tif 4 4 0.807074405393659 
ch00_p4-pl1-sample2-sperm12.tif 4 4 0.9704125790193293 
ch00_p4-pl1-sample2-sperm3.tif 4 4 0.9821108181878712 
ch00_p4-pl1-sample2-sperm9.tif 4 1 0.9888433698642096 
ch00_p4-pl1-sample20-sperm11.tif 4 4 0.9954964209359153 
ch00_p4-pl1-sample20-sperm5.tif 4 0 0.8741151103284893 
ch00_p4-pl1-sample20-sperm9.tif 4 4 0.8475609310638329 
ch00_p4-pl1-sample4-sperm10.tif 4 4 0.9897084639770857 
ch00_p4-pl1-sample4-sperm11.tif 4 4 0.9923932729236887 
ch00_p4-pl1-sample4-sperm16.tif 4 4 0.9999997065253641 
ch00_p4-pl1-sample4-sperm9.tif 4 4 0.6030783746382271 
ch00_p4-pl1-sample5-sperm1.tif 4 4 0.5546163531961983 
ch00_p4-pl1-sample5-sperm7.tif 4 4 0.9180265804858868 
ch00_p4-pl1-sample5-sperm9.tif 4 4 0.7770427998422724 
ch00_p4-pl1-sample7-sperm13.tif 4 4 0.9979946496716485 
ch00_p4-pl1-sample7-sperm3.tif 4 2 0.9773586543977838 
ch00_p4-pl1-sample8-sperm12.tif 4 4 0.9917290696066197 
ch00_p4-pl1-sample8-sperm2.tif 4 0 0.9997152101269 
ch00_p4-pl1-sample8-sperm3.tif 4 4 0.49640160688847473 
ch00_p4-pl1-sample9-sperm11.tif 4 1 0.8255479702139861 
ch00_p4-pl1-sample9-sperm17.tif 4 4 0.9568538861272667 
ch00_p4-pl2-sample1-sperm1.tif 4 4 0.9999973810602794 
ch00_p4-pl2-sample10-sperm11.tif 4 4 0.999992097361005 
ch00_p4-pl2-sample10-sperm5.tif 4 0 0.5295186677254128 
ch00_p4-pl2-sample10-sperm7.tif 4 4 0.9974202089540987 
ch00_p4-pl2-sample11-sperm2.tif 4 4 0.9767070919431005 
ch00_p4-pl2-sample11-sperm4.tif 4 4 0.9947200362399868 
ch00_p4-pl2-sample12-sperm10.tif 4 4 0.6626339234677602 
ch00_p4-pl2-sample12-sperm11.tif 4 4 0.9749462398485893 
ch00_p4-pl2-sample12-sperm4.tif 4 4 0.7810128187518794 
ch00_p4-pl2-sample12-sperm9.tif 4 4 0.5385339797892548 
ch00_p4-pl2-sample13-sperm5.tif 4 4 0.8742391781222555 
ch00_p4-pl2-sample14-sperm10.tif 4 0 0.9995058506310862 
ch00_p4-pl2-sample14-sperm6.tif 4 4 0.9962503338589592 
ch00_p4-pl2-sample14-sperm8.tif 4 4 0.6126429656011232 
ch00_p4-pl2-sample14-sperm9.tif 4 4 0.9973646604896839 
ch00_p4-pl2-sample15-sperm7.tif 4 4 0.9999957184396878 
ch00_p4-pl2-sample16-sperm7.tif 4 4 0.9999932133329018 
ch00_p4-pl2-sample16-sperm8.tif 4 4 0.9943773697192203 
ch00_p4-pl2-sample18-sperm3.tif 4 4 0.9965623146855778 
ch00_p4-pl2-sample18-sperm8.tif 4 4 0.42568933444066953 
ch00_p4-pl2-sample18-sperm9.tif 4 4 0.9999999531029917 
ch00_p4-pl2-sample19-sperm4.tif 4 0 0.850153164364497 
ch00_p4-pl2-sample19-sperm8.tif 4 4 0.9928754116634051 
ch00_p4-pl2-sample2-sperm1.tif 4 4 0.9999999988419987 
ch00_p4-pl2-sample2-sperm10.tif 4 4 0.9978788533150661 
ch00_p4-pl2-sample2-sperm2.tif 4 0 0.4685081810666563 
ch00_p4-pl2-sample2-sperm3.tif 4 4 0.9930928247167817 
ch00_p4-pl2-sample20-sperm2.tif 4 4 0.9717778410836783 
ch00_p4-pl2-sample20-sperm3.tif 4 4 0.9965367403239932 
ch00_p4-pl2-sample3-sperm2.tif 4 4 0.993468859699705 
ch00_p4-pl2-sample3-sperm3.tif 4 4 0.9981835328325898 
ch00_p4-pl2-sample3-sperm6.tif 4 1 0.9922053315395376 
ch00_p4-pl2-sample5-sperm5.tif 4 3 0.998145152729852 
ch00_p4-pl2-sample6-sperm2.tif 4 3 0.8690690705986911 
ch00_p4-pl2-sample6-sperm5.tif 4 4 0.9999988694412709 
ch00_p4-pl2-sample6-sperm6.tif 4 4 0.985228492497177 
ch00_p4-pl2-sample7-sperm3.tif 4 0 0.9020056912118609 
ch00_p4-pl2-sample7-sperm5.tif 4 4 0.9521649256001171 
ch00_p4-pl2-sample7-sperm7.tif 4 1 0.97116630664069 
ch00_p5-pl1-sample1-sperm12.tif 4 1 0.5190201872355266 
ch00_p5-pl1-sample1-sperm13.tif 4 4 0.9293001954011688 
ch00_p5-pl1-sample1-sperm15.tif 4 4 0.9973241290708432 
ch00_p5-pl1-sample1-sperm7.tif 4 4 0.9887862603707349 
ch00_p5-pl1-sample10-sperm7.tif 4 4 0.9999931697290875 
ch00_p5-pl1-sample12-sperm13.tif 4 4 0.9713160645010496 
ch00_p5-pl1-sample15-sperm2.tif 4 1 0.7827049768095498 
ch00_p5-pl1-sample15-sperm3.tif 4 4 0.9938874740784758 
ch00_p5-pl1-sample17-sperm13.tif 4 4 0.9999932965999744 
ch00_p5-pl1-sample17-sperm17.tif 4 4 0.9895493887387322 
ch00_p5-pl1-sample17-sperm2.tif 4 4 0.9818194795768305 
ch00_p5-pl1-sample17-sperm5.tif 4 4 0.994953481123733 
ch00_p5-pl1-sample17-sperm9.tif 4 1 0.9994619773459338 
ch00_p5-pl1-sample18-sperm3.tif 4 4 0.9999990992400701 
ch00_p5-pl1-sample19-sperm2.tif 4 4 0.9026527009770214 
ch00_p5-pl1-sample2-sperm13.tif 4 4 0.985694699252883 
ch00_p5-pl1-sample20-sperm2.tif 4 4 0.9981494130648316 
ch00_p5-pl1-sample20-sperm6.tif 4 4 0.8989034260147749 
ch00_p5-pl1-sample3-sperm13.tif 4 4 0.8782172909199992 
ch00_p5-pl1-sample3-sperm21.tif 4 4 0.9999967318632212 
ch00_p5-pl1-sample5-sperm18.tif 4 4 0.9069053456137774 
ch00_p5-pl1-sample5-sperm9.tif 4 4 0.8196506014153931 
ch00_p5-pl1-sample6-sperm9.tif 4 1 0.9670849215022314 
ch00_p5-pl1-sample9-sperm4.tif 4 4 0.9999981754610677 
