ch00_p1-pl2-sample1-sperm10.tif 0 0 0.8187971271765382 
ch00_p1-pl2-sample1-sperm5.tif 0 3 0.5876062351710798 
ch00_p1-pl2-sample13-sperm11.tif 0 0 0.9970335185606989 
ch00_p1-pl2-sample19-sperm7.tif 0 0 0.9994274360249498 
ch00_p1-pl2-sample3-sperm12.tif 0 4 0.9999999906832161 
ch00_p1-pl2-sample3-sperm4.tif 0 4 0.7775157846249465 
ch00_p1-pl2-sample34-sperm9.tif 0 4 0.9999999831126712 
ch00_p1-pl2-sample35-sperm1.tif 0 0 0.9802599391939528 
ch00_p1-pl2-sample4-sperm15.tif 0 4 0.9967235572224412 
ch00_p1-pl3-sample1-sperm17.tif 0 4 0.7399598860968037 
ch00_p1-pl3-sample1-sperm2.tif 0 0 0.9756252152456723 
ch00_p1-pl3-sample1-sperm3.tif 0 4 0.9314467793135047 
ch00_p1-pl3-sample13-sperm14.tif 0 4 0.9999999912799915 
ch00_p1-pl3-sample14-sperm3.tif 0 4 0.6119948414323193 
ch00_p1-pl3-sample15-sperm10.tif 0 4 0.9935942766533815 
ch00_p1-pl3-sample15-sperm22.tif 0 3 0.9969792858079866 
ch00_p3-pl1-sample14-sperm5.tif 0 3 0.955241265393069 
ch00_p3-pl1-sample17-sperm7.tif 0 0 0.9997883633419395 
ch00_p3-pl1-sample19-sperm2.tif 0 0 0.5547157366274998 
ch00_p3-pl1-sample25-sperm12.tif 0 0 0.9696309638543117 
ch00_p4-pl1-sample10-sperm7.tif 0 0 0.6579401149716183 
ch00_p4-pl1-sample15-sperm4.tif 0 4 0.9928938157782711 
ch00_p4-pl1-sample17-sperm2.tif 0 0 0.9788177461694115 
ch00_p4-pl1-sample18-sperm8.tif 0 4 0.8228919412487632 
ch00_p4-pl1-sample19-sperm12.tif 0 4 0.9999999999998559 
ch00_p4-pl2-sample17-sperm5.tif 0 4 0.9999999882512364 
ch00_p4-pl2-sample5-sperm6.tif 0 4 0.7961555929442836 
ch00_p5-pl1-sample2-sperm9.tif 0 3 0.9999800168565284 
ch00_p5-pl1-sample5-sperm3.tif 0 4 0.9829245208710645 
ch00_p5-pl1-sample8-sperm7.tif 0 3 0.9475585114679327 
ch00_p1-pl2-sample11-sperm10.tif 1 4 0.9999997927749337 
ch00_p1-pl2-sample12-sperm3.tif 1 1 0.9987334665189534 
ch00_p1-pl2-sample12-sperm4.tif 1 2 0.6454902131926453 
ch00_p1-pl2-sample13-sperm7.tif 1 4 0.9999999994123258 
ch00_p1-pl2-sample14-sperm13.tif 1 3 0.4001741778690609 
ch00_p1-pl2-sample19-sperm11.tif 1 1 0.9999893375390434 
ch00_p1-pl2-sample19-sperm4.tif 1 1 0.9966751798476874 
ch00_p1-pl2-sample19-sperm9.tif 1 1 0.9936517204947536 
ch00_p1-pl2-sample20-sperm7.tif 1 4 0.9999999999993868 
ch00_p1-pl2-sample21-sperm8.tif 1 0 0.7869738942801395 
ch00_p1-pl2-sample22-sperm3.tif 1 1 0.9987011561797772 
ch00_p1-pl2-sample25-sperm8.tif 1 4 0.9986516686295318 
ch00_p1-pl2-sample26-sperm5.tif 1 1 0.8864954431333795 
ch00_p1-pl2-sample27-sperm2.tif 1 1 0.6674637249805042 
ch00_p1-pl2-sample29-sperm8.tif 1 1 0.9999935594081641 
ch00_p1-pl2-sample33-sperm12.tif 1 1 0.9999955516755185 
ch00_p1-pl2-sample35-sperm2.tif 1 4 0.8588130337536629 
ch00_p1-pl2-sample4-sperm11.tif 1 2 0.9201356567337933 
ch00_p1-pl2-sample4-sperm3.tif 1 4 0.9781156992220539 
ch00_p1-pl2-sample6-sperm7.tif 1 1 0.8901679791440001 
ch00_p1-pl2-sample8-sperm1.tif 1 4 0.9999999997767874 
ch00_p1-pl2-sample8-sperm2.tif 1 1 0.7497956959434956 
ch00_p1-pl2-sample9-sperm14.tif 1 1 0.9999937962612424 
ch00_p1-pl2-sample9-sperm15.tif 1 4 0.9999999938778483 
ch00_p1-pl2-sample9-sperm2.tif 1 4 0.995737918660826 
ch00_p1-pl3-sample10-sperm4.tif 1 4 0.9983943835633471 
ch00_p1-pl3-sample10-sperm6.tif 1 1 0.9999989195047947 
ch00_p1-pl3-sample11-sperm9.tif 1 1 0.9999374826629432 
ch00_p1-pl3-sample12-sperm19.tif 1 1 0.9772431238798273 
ch00_p1-pl3-sample12-sperm5.tif 1 4 0.9999996357163641 
ch00_p1-pl3-sample13-sperm4.tif 1 4 0.9999999878809736 
ch00_p1-pl3-sample14-sperm10.tif 1 4 0.9999999906402204 
ch00_p1-pl3-sample14-sperm8.tif 1 2 0.9850537748694403 
ch00_p1-pl3-sample15-sperm6.tif 1 4 0.9999997527053978 
ch00_p1-pl3-sample16-sperm14.tif 1 4 0.8469911228305074 
ch00_p1-pl3-sample18-sperm4.tif 1 1 0.9999998008652992 
ch00_p1-pl3-sample19-sperm4.tif 1 1 0.8398842683576893 
ch00_p1-pl3-sample19-sperm7.tif 1 4 0.9999997500259504 
ch00_p1-pl3-sample7-sperm10.tif 1 1 0.998851389871548 
ch00_p1-pl3-sample7-sperm12.tif 1 1 0.7400385121680749 
ch00_p1-pl3-sample7-sperm6.tif 1 1 0.9999348841405257 
ch00_p1-pl3-sample9-sperm7.tif 1 1 0.9999745576143398 
ch00_p3-pl1-sample10-sperm6.tif 1 1 0.9999437930558017 
ch00_p3-pl1-sample11-sperm2.tif 1 4 0.9789305282454689 
ch00_p3-pl1-sample12-sperm5.tif 1 1 0.9987262157575885 
ch00_p3-pl1-sample14-sperm2.tif 1 4 0.999999745917582 
ch00_p3-pl1-sample15-sperm9.tif 1 4 0.9393428381977784 
ch00_p3-pl1-sample17-sperm4.tif 1 1 0.9740884572024511 
ch00_p3-pl1-sample19-sperm5.tif 1 1 0.9999998368302605 
ch00_p3-pl1-sample19-sperm6.tif 1 4 0.9999999814207386 
ch00_p3-pl1-sample22-sperm1.tif 1 4 0.9999999973659962 
ch00_p3-pl1-sample22-sperm2.tif 1 4 0.9999999999991598 
ch00_p3-pl1-sample26-sperm6.tif 1 4 0.7365333127528811 
ch00_p3-pl1-sample28-sperm7.tif 1 4 0.9999999974635866 
ch00_p3-pl1-sample3-sperm10.tif 1 1 0.9999478710951866 
ch00_p3-pl1-sample32-sperm5.tif 1 1 0.9999996133998539 
ch00_p3-pl1-sample4-sperm2.tif 1 1 0.9999721352675307 
ch00_p3-pl1-sample6-sperm5.tif 1 1 0.7163668008108616 
ch00_p3-pl1-sample7-sperm14.tif 1 4 0.5803271810056428 
ch00_p4-pl1-sample1-sperm4.tif 1 1 0.9999657004779928 
ch00_p4-pl1-sample20-sperm13.tif 1 1 0.9913411887117191 
ch00_p4-pl2-sample10-sperm2.tif 1 1 0.9965331034019383 
ch00_p4-pl2-sample4-sperm3.tif 1 4 0.9999999999907299 
ch00_p5-pl1-sample17-sperm15.tif 1 1 0.999901027750688 
ch00_p5-pl1-sample5-sperm16.tif 1 4 0.9233017485943473 
ch00_p5-pl1-sample5-sperm20.tif 1 1 0.8332578928284716 
ch00_p5-pl1-sample6-sperm13.tif 1 1 0.9999910182058614 
ch00_p5-pl1-sample7-sperm7.tif 1 1 0.9997302024198575 
ch00_p1-pl2-sample14-sperm5.tif 2 2 0.9996994373311963 
ch00_p1-pl2-sample2-sperm15.tif 2 4 0.9999963978785923 
ch00_p1-pl2-sample2-sperm9.tif 2 2 0.99661004584873 
ch00_p1-pl2-sample27-sperm7.tif 2 2 0.9971619445825637 
ch00_p1-pl2-sample34-sperm5.tif 2 2 0.9937944457006144 
ch00_p1-pl2-sample9-sperm17.tif 2 4 0.9669015505569599 
ch00_p1-pl3-sample17-sperm9.tif 2 2 0.9997686924385388 
ch00_p1-pl3-sample20-sperm4.tif 2 2 0.999505645370612 
ch00_p1-pl3-sample21-sperm10.tif 2 2 0.9997315396560251 
ch00_p1-pl3-sample6-sperm17.tif 2 2 0.9998678266472842 
ch00_p1-pl3-sample6-sperm9.tif 2 4 0.5474034476599615 
ch00_p3-pl1-sample25-sperm7.tif 2 2 0.6212806520898462 
ch00_p4-pl1-sample13-sperm4.tif 2 2 0.9989106086524437 
ch00_p4-pl1-sample14-sperm14.tif 2 4 0.9999999988100922 
ch00_p4-pl1-sample16-sperm4.tif 2 4 0.9882036440317109 
ch00_p4-pl1-sample17-sperm4.tif 2 1 0.9137613539518783 
ch00_p4-pl1-sample3-sperm10.tif 2 2 0.9996894876330719 
ch00_p4-pl1-sample3-sperm7.tif 2 3 0.9684452196976361 
ch00_p4-pl1-sample5-sperm3.tif 2 0 0.5654276076894698 
ch00_p4-pl1-sample5-sperm5.tif 2 4 0.9963158658994536 
ch00_p4-pl1-sample7-sperm15.tif 2 4 0.9965923517978887 
ch00_p4-pl2-sample17-sperm6.tif 2 4 0.999999937742733 
ch00_p1-pl2-sample21-sperm5.tif 3 0 0.9718918496109933 
ch00_p1-pl2-sample21-sperm7.tif 3 4 0.9440905660062425 
ch00_p1-pl2-sample22-sperm10.tif 3 4 0.6155125298926308 
ch00_p1-pl2-sample22-sperm2.tif 3 3 0.9654398043366507 
ch00_p1-pl2-sample23-sperm11.tif 3 4 0.9999999999998264 
ch00_p1-pl2-sample24-sperm3.tif 3 4 0.9999999998977986 
ch00_p1-pl2-sample25-sperm9.tif 3 4 0.5513473802707423 
ch00_p1-pl2-sample5-sperm11.tif 3 3 0.9977143836904583 
ch00_p1-pl2-sample5-sperm15.tif 3 3 0.9955584494985553 
ch00_p1-pl3-sample10-sperm9.tif 3 4 0.9999980686664589 
ch00_p1-pl3-sample16-sperm16.tif 3 4 0.9999999999751834 
ch00_p1-pl3-sample17-sperm4.tif 3 3 0.9996240726875647 
ch00_p1-pl3-sample2-sperm13.tif 3 1 0.9995894319364852 
ch00_p1-pl3-sample23-sperm7.tif 3 3 0.975946975439533 
ch00_p1-pl3-sample4-sperm4.tif 3 4 0.98165587328269 
ch00_p1-pl3-sample9-sperm6.tif 3 4 0.9999999999998476 
ch00_p1-pl3-sample9-sperm9.tif 3 4 0.9809238678345623 
ch00_p3-pl1-sample31-sperm3.tif 3 4 0.9999999999998981 
ch00_p4-pl1-sample10-sperm2.tif 3 4 0.9935717467726012 
ch00_p4-pl1-sample4-sperm13.tif 3 3 0.9932378357460301 
ch00_p5-pl1-sample1-sperm4.tif 3 3 0.999692613691156 
ch00_p1-pl2-sample11-sperm9.tif 4 4 0.9999999999970486 
ch00_p1-pl2-sample12-sperm11.tif 4 4 0.9999999999999019 
ch00_p1-pl2-sample13-sperm16.tif 4 4 0.9251439107557459 
ch00_p1-pl2-sample14-sperm1.tif 4 1 0.9919507330216055 
ch00_p1-pl2-sample14-sperm11.tif 4 4 0.9999999997405387 
ch00_p1-pl2-sample14-sperm4.tif 4 4 0.9976113306965101 
ch00_p1-pl2-sample2-sperm11.tif 4 4 0.999999999992436 
ch00_p1-pl2-sample2-sperm17.tif 4 4 0.7934039069153234 
ch00_p1-pl2-sample2-sperm8.tif 4 4 0.999999999999559 
ch00_p1-pl2-sample23-sperm16.tif 4 4 0.9999999999999013 
ch00_p1-pl2-sample26-sperm1.tif 4 3 0.9984293178445798 
ch00_p1-pl2-sample26-sperm12.tif 4 4 0.9999999999999024 
ch00_p1-pl2-sample26-sperm4.tif 4 4 0.9988386607899625 
ch00_p1-pl2-sample27-sperm8.tif 4 4 0.9957748895653529 
ch00_p1-pl2-sample28-sperm10.tif 4 4 0.9999999958925895 
ch00_p1-pl2-sample28-sperm11.tif 4 1 0.998770190929548 
ch00_p1-pl2-sample28-sperm3.tif 4 4 0.999999999993384 
ch00_p1-pl2-sample3-sperm14.tif 4 4 0.9999988132097293 
ch00_p1-pl2-sample3-sperm8.tif 4 4 0.9880292112107755 
ch00_p1-pl2-sample30-sperm4.tif 4 4 0.9999999928317921 
ch00_p1-pl2-sample31-sperm11.tif 4 4 0.9656405262648199 
ch00_p1-pl2-sample32-sperm1.tif 4 4 0.5277996545577619 
ch00_p1-pl2-sample32-sperm5.tif 4 3 0.9437790459203531 
ch00_p1-pl2-sample34-sperm10.tif 4 4 0.9999999989130278 
ch00_p1-pl2-sample34-sperm8.tif 4 4 0.991875963114013 
ch00_p1-pl2-sample35-sperm5.tif 4 4 0.9999998886318859 
ch00_p1-pl2-sample35-sperm9.tif 4 3 0.9839647713426507 
ch00_p1-pl2-sample7-sperm1.tif 4 4 0.9999975271645883 
ch00_p1-pl2-sample7-sperm10.tif 4 4 0.9949772004729271 
ch00_p1-pl2-sample7-sperm13.tif 4 4 0.9842618808446281 
ch00_p1-pl3-sample1-sperm7.tif 4 4 0.9999986318314703 
ch00_p1-pl3-sample10-sperm7.tif 4 4 0.9999999715701345 
ch00_p1-pl3-sample11-sperm5.tif 4 1 0.961117066809031 
ch00_p1-pl3-sample11-sperm8.tif 4 4 0.9999999994008121 
ch00_p1-pl3-sample12-sperm10.tif 4 4 0.9979458274424725 
ch00_p1-pl3-sample12-sperm20.tif 4 4 0.9499467882253579 
ch00_p1-pl3-sample12-sperm3.tif 4 4 0.9974329154789573 
ch00_p1-pl3-sample12-sperm6.tif 4 0 0.8404971543659866 
ch00_p1-pl3-sample13-sperm8.tif 4 0 0.9663260033947074 
ch00_p1-pl3-sample13-sperm9.tif 4 2 0.9409925341948142 
ch00_p1-pl3-sample14-sperm1.tif 4 4 0.9974749214211398 
ch00_p1-pl3-sample15-sperm12.tif 4 4 0.9883876203242625 
ch00_p1-pl3-sample15-sperm2.tif 4 4 0.9999999999742444 
ch00_p1-pl3-sample15-sperm24.tif 4 4 0.9999960539198812 
ch00_p1-pl3-sample15-sperm8.tif 4 4 0.9705074690945162 
ch00_p1-pl3-sample17-sperm2.tif 4 4 0.7996871558282796 
ch00_p1-pl3-sample19-sperm1.tif 4 4 0.9999999999998699 
ch00_p1-pl3-sample19-sperm2.tif 4 4 0.9999999854999002 
ch00_p1-pl3-sample19-sperm8.tif 4 0 0.6016259141816642 
ch00_p1-pl3-sample20-sperm7.tif 4 4 0.5972123020787495 
ch00_p1-pl3-sample21-sperm6.tif 4 4 0.9999999886169784 
ch00_p1-pl3-sample22-sperm3.tif 4 4 0.9798391606346137 
ch00_p1-pl3-sample22-sperm6.tif 4 3 0.9998238479691146 
ch00_p1-pl3-sample22-sperm9.tif 4 4 0.9999998256382824 
ch00_p1-pl3-sample23-sperm11.tif 4 1 0.910133620909298 
ch00_p1-pl3-sample23-sperm12.tif 4 4 0.9999993950156243 
ch00_p1-pl3-sample24-sperm10.tif 4 3 0.9997875790175229 
ch00_p1-pl3-sample24-sperm20.tif 4 4 0.999999823423175 
ch00_p1-pl3-sample24-sperm21.tif 4 2 0.9255987521249127 
ch00_p1-pl3-sample24-sperm22.tif 4 4 0.7338457042119318 
ch00_p1-pl3-sample24-sperm24.tif 4 4 0.9999999851137895 
ch00_p1-pl3-sample24-sperm7.tif 4 3 0.998619434188676 
ch00_p1-pl3-sample24-sperm8.tif 4 0 0.5376047503215169 
ch00_p1-pl3-sample25-sperm11.tif 4 4 0.989775539394881 
ch00_p1-pl3-sample25-sperm2.tif 4 4 0.9999999994609897 
ch00_p1-pl3-sample25-sperm9.tif 4 3 0.8866873472891124 
ch00_p1-pl3-sample3-sperm1.tif 4 1 0.6507840411980308 
ch00_p1-pl3-sample3-sperm7.tif 4 1 0.9800931137591677 
ch00_p1-pl3-sample5-sperm6.tif 4 1 0.9998376127370209 
ch00_p1-pl3-sample5-sperm7.tif 4 2 0.987757632587593 
ch00_p1-pl3-sample7-sperm11.tif 4 1 0.9647688255660873 
ch00_p1-pl3-sample7-sperm2.tif 4 4 0.9999999999998921 
ch00_p1-pl3-sample7-sperm3.tif 4 3 0.9619270141330832 
ch00_p1-pl3-sample8-sperm9.tif 4 4 0.9663340904849144 
ch00_p1-pl3-sample9-sperm5.tif 4 4 0.9798525564313463 
ch00_p3-pl1-sample11-sperm5.tif 4 4 0.9999999982352732 
ch00_p3-pl1-sample13-sperm6.tif 4 4 0.9999999998903168 
ch00_p3-pl1-sample14-sperm9.tif 4 4 0.9017638129341143 
ch00_p3-pl1-sample15-sperm4.tif 4 4 0.6609835922631839 
ch00_p3-pl1-sample16-sperm1.tif 4 4 0.9999999999998961 
ch00_p3-pl1-sample16-sperm3.tif 4 4 0.9999999999044407 
ch00_p3-pl1-sample16-sperm4.tif 4 4 0.9999999999998905 
ch00_p3-pl1-sample22-sperm4.tif 4 4 0.9999999999998834 
ch00_p3-pl1-sample23-sperm2.tif 4 4 0.9999999999987101 
ch00_p3-pl1-sample23-sperm6.tif 4 4 0.999999737355333 
ch00_p3-pl1-sample23-sperm9.tif 4 4 0.7938770189927246 
ch00_p3-pl1-sample25-sperm5.tif 4 4 0.9999999975545372 
ch00_p3-pl1-sample26-sperm4.tif 4 4 0.9909861145845883 
ch00_p3-pl1-sample26-sperm5.tif 4 4 0.9999999491188097 
ch00_p3-pl1-sample27-sperm3.tif 4 3 0.9999128972685813 
ch00_p3-pl1-sample29-sperm8.tif 4 4 0.949330130902342 
ch00_p3-pl1-sample3-sperm6.tif 4 4 0.9999999999998962 
ch00_p3-pl1-sample30-sperm4.tif 4 4 0.4918135201039048 
ch00_p3-pl1-sample4-sperm1.tif 4 4 0.9645195207180804 
ch00_p3-pl1-sample5-sperm2.tif 4 4 0.9999999802249208 
ch00_p3-pl1-sample5-sperm3.tif 4 4 0.9983832548478859 
ch00_p3-pl1-sample7-sperm1.tif 4 4 0.9999999999997423 
ch00_p3-pl1-sample7-sperm11.tif 4 4 0.9999999999998879 
ch00_p3-pl1-sample7-sperm8.tif 4 4 0.9999999999997307 
ch00_p3-pl1-sample9-sperm5.tif 4 4 0.9999973061030303 
ch00_p3-pl1-sample9-sperm9.tif 4 4 0.993416199360516 
ch00_p4-pl1-sample1-sperm12.tif 4 4 0.9559920296439711 
ch00_p4-pl1-sample1-sperm6.tif 4 4 0.9999999999974872 
ch00_p4-pl1-sample1-sperm7.tif 4 4 0.999999996561976 
ch00_p4-pl1-sample1-sperm9.tif 4 4 0.9294679353829447 
ch00_p4-pl1-sample10-sperm15.tif 4 4 0.9999996865357089 
ch00_p4-pl1-sample10-sperm5.tif 4 4 0.9887212276167477 
ch00_p4-pl1-sample11-sperm12.tif 4 2 0.9996817125455171 
ch00_p4-pl1-sample12-sperm2.tif 4 4 0.5632098338474674 
ch00_p4-pl1-sample12-sperm9.tif 4 4 0.999999999353101 
ch00_p4-pl1-sample13-sperm2.tif 4 4 0.9556610917799383 
ch00_p4-pl1-sample13-sperm3.tif 4 4 0.7037807695783914 
ch00_p4-pl1-sample13-sperm5.tif 4 4 0.9999994829501629 
ch00_p4-pl1-sample13-sperm8.tif 4 4 0.9999988201245121 
ch00_p4-pl1-sample14-sperm12.tif 4 4 0.9999999999939048 
ch00_p4-pl1-sample14-sperm3.tif 4 4 0.9811659736087691 
ch00_p4-pl1-sample15-sperm10.tif 4 1 0.9997495136620728 
ch00_p4-pl1-sample16-sperm10.tif 4 1 0.5674523093517463 
ch00_p4-pl1-sample16-sperm16.tif 4 4 0.9999999999970126 
ch00_p4-pl1-sample16-sperm17.tif 4 4 0.9999999999998883 
ch00_p4-pl1-sample19-sperm6.tif 4 4 0.8974793104180795 
ch00_p4-pl1-sample19-sperm9.tif 4 4 0.8747386477853456 
ch00_p4-pl1-sample2-sperm10.tif 4 4 0.9999999334363214 
ch00_p4-pl1-sample20-sperm3.tif 4 4 0.9999999999998821 
ch00_p4-pl1-sample20-sperm6.tif 4 1 0.70807483556428 
ch00_p4-pl1-sample20-sperm9.tif 4 4 0.9999999541770012 
ch00_p4-pl1-sample3-sperm3.tif 4 0 0.9589021276491065 
ch00_p4-pl1-sample3-sperm9.tif 4 4 0.9999999999762585 
ch00_p4-pl1-sample4-sperm11.tif 4 4 0.9999999985293204 
ch00_p4-pl1-sample4-sperm12.tif 4 4 0.984079118136351 
ch00_p4-pl1-sample4-sperm3.tif 4 1 0.6569179243827856 
ch00_p4-pl1-sample5-sperm1.tif 4 2 0.8682497273459969 
ch00_p4-pl1-sample5-sperm4.tif 4 4 0.9999995160743387 
ch00_p4-pl1-sample5-sperm9.tif 4 4 0.9999998978626545 
ch00_p4-pl1-sample6-sperm4.tif 4 4 0.9999994545595211 
ch00_p4-pl1-sample6-sperm7.tif 4 4 0.9999999875542602 
ch00_p4-pl1-sample6-sperm8.tif 4 4 0.9743094611393059 
ch00_p4-pl1-sample7-sperm10.tif 4 4 0.9999999994251316 
ch00_p4-pl1-sample7-sperm6.tif 4 4 0.9999999999997481 
ch00_p4-pl1-sample8-sperm1.tif 4 4 0.5302117086094132 
ch00_p4-pl1-sample8-sperm10.tif 4 2 0.7039857726662151 
ch00_p4-pl1-sample8-sperm12.tif 4 4 0.9999995668052518 
ch00_p4-pl1-sample8-sperm2.tif 4 4 0.9962271532532933 
ch00_p4-pl1-sample8-sperm3.tif 4 4 0.9976762986847524 
ch00_p4-pl1-sample9-sperm15.tif 4 4 0.4278969824277145 
ch00_p4-pl1-sample9-sperm17.tif 4 1 0.728322727316845 
ch00_p4-pl1-sample9-sperm2.tif 4 3 0.7989315578968557 
ch00_p4-pl1-sample9-sperm9.tif 4 4 0.7473821924758616 
ch00_p4-pl2-sample10-sperm1.tif 4 4 0.6389232789774654 
ch00_p4-pl2-sample10-sperm5.tif 4 4 0.9999999999999019 
ch00_p4-pl2-sample10-sperm8.tif 4 4 0.7128329997737624 
ch00_p4-pl2-sample13-sperm2.tif 4 4 0.9999999988943657 
ch00_p4-pl2-sample13-sperm7.tif 4 0 0.6732197367587681 
ch00_p4-pl2-sample14-sperm10.tif 4 0 0.9787599383094043 
ch00_p4-pl2-sample14-sperm9.tif 4 1 0.9413811410575217 
ch00_p4-pl2-sample15-sperm1.tif 4 4 0.9999999563989118 
ch00_p4-pl2-sample15-sperm7.tif 4 4 0.9999999975552448 
ch00_p4-pl2-sample17-sperm2.tif 4 4 0.9999994860682458 
ch00_p4-pl2-sample19-sperm1.tif 4 4 0.9999999886523211 
ch00_p4-pl2-sample19-sperm3.tif 4 4 0.757243811621491 
ch00_p4-pl2-sample2-sperm6.tif 4 4 0.9999999349371722 
ch00_p4-pl2-sample3-sperm2.tif 4 4 0.9999999999997742 
ch00_p4-pl2-sample3-sperm3.tif 4 4 0.9999999999998881 
ch00_p4-pl2-sample3-sperm5.tif 4 4 0.9999999999999045 
ch00_p4-pl2-sample3-sperm6.tif 4 4 0.8300297545456348 
ch00_p4-pl2-sample4-sperm4.tif 4 4 0.9824081306719138 
ch00_p4-pl2-sample4-sperm7.tif 4 4 0.9999999999999036 
ch00_p4-pl2-sample7-sperm10.tif 4 4 0.9999999999998959 
ch00_p4-pl2-sample7-sperm5.tif 4 4 0.9999999944633212 
ch00_p4-pl2-sample7-sperm9.tif 4 4 0.9999999999791224 
ch00_p4-pl2-sample8-sperm2.tif 4 4 0.9999976480734357 
ch00_p4-pl2-sample9-sperm4.tif 4 4 0.6018891834270111 
ch00_p5-pl1-sample1-sperm5.tif 4 4 0.9999999999974171 
ch00_p5-pl1-sample10-sperm18.tif 4 3 0.9974417540944795 
ch00_p5-pl1-sample10-sperm6.tif 4 4 0.9999999553374446 
ch00_p5-pl1-sample10-sperm7.tif 4 4 0.9999999999856284 
ch00_p5-pl1-sample12-sperm15.tif 4 0 0.5727645197801157 
ch00_p5-pl1-sample12-sperm6.tif 4 1 0.5393280010389517 
ch00_p5-pl1-sample12-sperm7.tif 4 0 0.46162367764756923 
ch00_p5-pl1-sample13-sperm6.tif 4 0 0.9807027788994952 
ch00_p5-pl1-sample15-sperm2.tif 4 4 0.6681697302397798 
ch00_p5-pl1-sample16-sperm3.tif 4 4 0.9999999521583531 
ch00_p5-pl1-sample17-sperm13.tif 4 3 0.962791527568633 
ch00_p5-pl1-sample17-sperm2.tif 4 4 0.999999280394951 
ch00_p5-pl1-sample18-sperm3.tif 4 4 0.6753750876439331 
ch00_p5-pl1-sample2-sperm10.tif 4 4 0.999999995668519 
ch00_p5-pl1-sample20-sperm12.tif 4 4 0.9999999970469807 
ch00_p5-pl1-sample20-sperm5.tif 4 3 0.9986466895881634 
ch00_p5-pl1-sample4-sperm2.tif 4 3 0.9438119981671469 
ch00_p5-pl1-sample4-sperm5.tif 4 4 0.8770817654334581 
ch00_p5-pl1-sample5-sperm10.tif 4 3 0.9132213437143326 
ch00_p5-pl1-sample5-sperm18.tif 4 3 0.994209849153607 
ch00_p5-pl1-sample6-sperm4.tif 4 3 0.9979394856719743 
ch00_p5-pl1-sample7-sperm5.tif 4 3 0.8193409120113307 
ch00_p5-pl1-sample8-sperm4.tif 4 4 0.9479968027578315 
ch00_p5-pl1-sample9-sperm5.tif 4 3 0.9692770466516337 
