ch00_p1-pl2-sample1-sperm10.tif 0 0 0.9987348046393587 
ch00_p1-pl2-sample1-sperm5.tif 0 0 0.9952894715129924 
ch00_p1-pl2-sample13-sperm11.tif 0 4 0.6110251729641835 
ch00_p1-pl2-sample19-sperm7.tif 0 0 0.991709264926398 
ch00_p1-pl2-sample3-sperm12.tif 0 4 0.6863999332138746 
ch00_p1-pl2-sample3-sperm4.tif 0 1 0.7642049069609208 
ch00_p1-pl2-sample34-sperm9.tif 0 0 0.7780746500916248 
ch00_p1-pl2-sample35-sperm1.tif 0 0 0.9952999809363617 
ch00_p1-pl2-sample4-sperm15.tif 0 4 0.9727905423994594 
ch00_p1-pl3-sample1-sperm17.tif 0 0 0.9492846836143913 
ch00_p1-pl3-sample1-sperm2.tif 0 4 0.5865071965795802 
ch00_p1-pl3-sample1-sperm3.tif 0 0 0.9876992018390179 
ch00_p1-pl3-sample13-sperm14.tif 0 4 0.9720381936191089 
ch00_p1-pl3-sample14-sperm3.tif 0 0 0.7233132506114318 
ch00_p1-pl3-sample15-sperm10.tif 0 4 0.912338515674797 
ch00_p1-pl3-sample15-sperm22.tif 0 0 0.9794600672855563 
ch00_p3-pl1-sample14-sperm5.tif 0 0 0.514686807181124 
ch00_p3-pl1-sample17-sperm7.tif 0 0 0.9878879782587744 
ch00_p3-pl1-sample19-sperm2.tif 0 0 0.9766543696820644 
ch00_p3-pl1-sample25-sperm12.tif 0 0 0.9966090341101556 
ch00_p4-pl1-sample10-sperm7.tif 0 0 0.9673965534565659 
ch00_p4-pl1-sample15-sperm4.tif 0 0 0.8843220288432737 
ch00_p4-pl1-sample17-sperm2.tif 0 0 0.8869850767412956 
ch00_p4-pl1-sample18-sperm8.tif 0 2 0.9068971598743495 
ch00_p4-pl1-sample19-sperm12.tif 0 4 0.9999999934980583 
ch00_p4-pl2-sample17-sperm5.tif 0 4 0.9619132912536932 
ch00_p4-pl2-sample5-sperm6.tif 0 0 0.9494377531282718 
ch00_p5-pl1-sample2-sperm9.tif 0 3 0.9816008714092268 
ch00_p5-pl1-sample5-sperm3.tif 0 4 0.9738923267360222 
ch00_p5-pl1-sample8-sperm7.tif 0 3 0.9994558715234287 
ch00_p1-pl2-sample11-sperm10.tif 1 1 0.801701119257091 
ch00_p1-pl2-sample12-sperm3.tif 1 1 0.9991828396716992 
ch00_p1-pl2-sample12-sperm4.tif 1 2 0.9119947627341035 
ch00_p1-pl2-sample13-sperm7.tif 1 4 0.9959489015758133 
ch00_p1-pl2-sample14-sperm13.tif 1 1 0.9832608236218058 
ch00_p1-pl2-sample19-sperm11.tif 1 1 0.9999552087988142 
ch00_p1-pl2-sample19-sperm4.tif 1 1 0.9946299608205855 
ch00_p1-pl2-sample19-sperm9.tif 1 1 0.7899881592543315 
ch00_p1-pl2-sample20-sperm7.tif 1 4 0.9930557054989897 
ch00_p1-pl2-sample21-sperm8.tif 1 4 0.8016077716751024 
ch00_p1-pl2-sample22-sperm3.tif 1 1 0.9994601688071255 
ch00_p1-pl2-sample25-sperm8.tif 1 1 0.7823302766576301 
ch00_p1-pl2-sample26-sperm5.tif 1 4 0.9177245018575544 
ch00_p1-pl2-sample27-sperm2.tif 1 1 0.9965942902142283 
ch00_p1-pl2-sample29-sperm8.tif 1 1 0.9971198719414903 
ch00_p1-pl2-sample33-sperm12.tif 1 1 0.9999194999082791 
ch00_p1-pl2-sample35-sperm2.tif 1 4 0.9411872072489234 
ch00_p1-pl2-sample4-sperm11.tif 1 1 0.9726243248563698 
ch00_p1-pl2-sample4-sperm3.tif 1 4 0.8887137656866253 
ch00_p1-pl2-sample6-sperm7.tif 1 1 0.9997126389125923 
ch00_p1-pl2-sample8-sperm1.tif 1 4 0.9820577725014735 
ch00_p1-pl2-sample8-sperm2.tif 1 4 0.7661332157852807 
ch00_p1-pl2-sample9-sperm14.tif 1 1 0.9999224943914329 
ch00_p1-pl2-sample9-sperm15.tif 1 4 0.979988994372609 
ch00_p1-pl2-sample9-sperm2.tif 1 1 0.9991879276329478 
ch00_p1-pl3-sample10-sperm4.tif 1 4 0.9968808240311339 
ch00_p1-pl3-sample10-sperm6.tif 1 1 0.9999117836250581 
ch00_p1-pl3-sample11-sperm9.tif 1 1 0.9999297617670717 
ch00_p1-pl3-sample12-sperm19.tif 1 1 0.9937083137563116 
ch00_p1-pl3-sample12-sperm5.tif 1 4 0.9863237947625616 
ch00_p1-pl3-sample13-sperm4.tif 1 4 0.9937938480547344 
ch00_p1-pl3-sample14-sperm10.tif 1 4 0.5143050696411887 
ch00_p1-pl3-sample14-sperm8.tif 1 4 0.9715247626661299 
ch00_p1-pl3-sample15-sperm6.tif 1 0 0.9712450594383479 
ch00_p1-pl3-sample16-sperm14.tif 1 1 0.9992717163150155 
ch00_p1-pl3-sample18-sperm4.tif 1 1 0.965577805034616 
ch00_p1-pl3-sample19-sperm4.tif 1 1 0.7343700936324772 
ch00_p1-pl3-sample19-sperm7.tif 1 4 0.8320645940603155 
ch00_p1-pl3-sample7-sperm10.tif 1 1 0.9978317917525393 
ch00_p1-pl3-sample7-sperm12.tif 1 1 0.9944325328745947 
ch00_p1-pl3-sample7-sperm6.tif 1 1 0.9998811659476581 
ch00_p1-pl3-sample9-sperm7.tif 1 1 0.993187816414394 
ch00_p3-pl1-sample10-sperm6.tif 1 1 0.9935858097068925 
ch00_p3-pl1-sample11-sperm2.tif 1 4 0.5353807096893967 
ch00_p3-pl1-sample12-sperm5.tif 1 1 0.9998323164105132 
ch00_p3-pl1-sample14-sperm2.tif 1 4 0.9384759314046002 
ch00_p3-pl1-sample15-sperm9.tif 1 1 0.5120833777467251 
ch00_p3-pl1-sample17-sperm4.tif 1 1 0.9906298254010618 
ch00_p3-pl1-sample19-sperm5.tif 1 1 0.9999581963460435 
ch00_p3-pl1-sample19-sperm6.tif 1 4 0.9723524983924241 
ch00_p3-pl1-sample22-sperm1.tif 1 1 0.6079434178431273 
ch00_p3-pl1-sample22-sperm2.tif 1 1 0.7999439125023032 
ch00_p3-pl1-sample26-sperm6.tif 1 1 0.9954590128280321 
ch00_p3-pl1-sample28-sperm7.tif 1 4 0.9999994858623091 
ch00_p3-pl1-sample3-sperm10.tif 1 1 0.9999198655509243 
ch00_p3-pl1-sample32-sperm5.tif 1 1 0.999964097570122 
ch00_p3-pl1-sample4-sperm2.tif 1 1 0.9999521984640451 
ch00_p3-pl1-sample6-sperm5.tif 1 1 0.516178798810685 
ch00_p3-pl1-sample7-sperm14.tif 1 1 0.9078696683104706 
ch00_p4-pl1-sample1-sperm4.tif 1 1 0.9991556089335407 
ch00_p4-pl1-sample20-sperm13.tif 1 1 0.9997159430067466 
ch00_p4-pl2-sample10-sperm2.tif 1 1 0.9968268222226048 
ch00_p4-pl2-sample4-sperm3.tif 1 4 0.9768922581672788 
ch00_p5-pl1-sample17-sperm15.tif 1 1 0.997734536139868 
ch00_p5-pl1-sample5-sperm16.tif 1 1 0.5771555147692463 
ch00_p5-pl1-sample5-sperm20.tif 1 4 0.5170454381245692 
ch00_p5-pl1-sample6-sperm13.tif 1 1 0.7179731217727776 
ch00_p5-pl1-sample7-sperm7.tif 1 1 0.9986716933211586 
ch00_p1-pl2-sample14-sperm5.tif 2 2 0.99831825630029 
ch00_p1-pl2-sample2-sperm15.tif 2 4 0.9978567600723564 
ch00_p1-pl2-sample2-sperm9.tif 2 2 0.982666095830101 
ch00_p1-pl2-sample27-sperm7.tif 2 2 0.9971510740909996 
ch00_p1-pl2-sample34-sperm5.tif 2 1 0.9998343673674214 
ch00_p1-pl2-sample9-sperm17.tif 2 2 0.8497154621723935 
ch00_p1-pl3-sample17-sperm9.tif 2 2 0.9999264670849584 
ch00_p1-pl3-sample20-sperm4.tif 2 4 0.7422543543386492 
ch00_p1-pl3-sample21-sperm10.tif 2 2 0.9998493303484699 
ch00_p1-pl3-sample6-sperm17.tif 2 2 0.9861388791031417 
ch00_p1-pl3-sample6-sperm9.tif 2 4 0.9999975087018864 
ch00_p3-pl1-sample25-sperm7.tif 2 1 0.9995965582086148 
ch00_p4-pl1-sample13-sperm4.tif 2 2 0.9980630126825866 
ch00_p4-pl1-sample14-sperm14.tif 2 4 0.9892318049217476 
ch00_p4-pl1-sample16-sperm4.tif 2 4 0.9322766735949983 
ch00_p4-pl1-sample17-sperm4.tif 2 1 0.9666875611548422 
ch00_p4-pl1-sample3-sperm10.tif 2 2 0.6622255364615063 
ch00_p4-pl1-sample3-sperm7.tif 2 3 0.972669514047644 
ch00_p4-pl1-sample5-sperm3.tif 2 4 0.6574474445754145 
ch00_p4-pl1-sample5-sperm5.tif 2 0 0.5522200103837409 
ch00_p4-pl1-sample7-sperm15.tif 2 4 0.9990706613253729 
ch00_p4-pl2-sample17-sperm6.tif 2 4 0.7202007859987617 
ch00_p1-pl2-sample21-sperm5.tif 3 4 0.6539596170379692 
ch00_p1-pl2-sample21-sperm7.tif 3 4 0.968776041258223 
ch00_p1-pl2-sample22-sperm10.tif 3 4 0.9914953705351823 
ch00_p1-pl2-sample22-sperm2.tif 3 4 0.9992250004384018 
ch00_p1-pl2-sample23-sperm11.tif 3 4 0.9989389278838711 
ch00_p1-pl2-sample24-sperm3.tif 3 4 0.9999970390831555 
ch00_p1-pl2-sample25-sperm9.tif 3 0 0.9767443960319029 
ch00_p1-pl2-sample5-sperm11.tif 3 3 0.809031079315345 
ch00_p1-pl2-sample5-sperm15.tif 3 3 0.9994283071798844 
ch00_p1-pl3-sample10-sperm9.tif 3 0 0.9870144068694457 
ch00_p1-pl3-sample16-sperm16.tif 3 4 0.9975054083491341 
ch00_p1-pl3-sample17-sperm4.tif 3 3 0.9997455242460741 
ch00_p1-pl3-sample2-sperm13.tif 3 1 0.9983886656191803 
ch00_p1-pl3-sample23-sperm7.tif 3 1 0.4005105647897724 
ch00_p1-pl3-sample4-sperm4.tif 3 3 0.817837959172644 
ch00_p1-pl3-sample9-sperm6.tif 3 4 0.9792206496194 
ch00_p1-pl3-sample9-sperm9.tif 3 1 0.5298864319338755 
ch00_p3-pl1-sample31-sperm3.tif 3 4 0.9983023563445368 
ch00_p4-pl1-sample10-sperm2.tif 3 4 0.912657544118867 
ch00_p4-pl1-sample4-sperm13.tif 3 3 0.9972396617643716 
ch00_p5-pl1-sample1-sperm4.tif 3 3 0.9998244575792485 
ch00_p1-pl2-sample11-sperm9.tif 4 4 0.9999998679699914 
ch00_p1-pl2-sample12-sperm11.tif 4 4 0.9981416301067814 
ch00_p1-pl2-sample13-sperm16.tif 4 0 0.9902299868259539 
ch00_p1-pl2-sample14-sperm1.tif 4 4 0.9227657636842038 
ch00_p1-pl2-sample14-sperm11.tif 4 4 0.9999978496790637 
ch00_p1-pl2-sample14-sperm4.tif 4 4 0.970625823912267 
ch00_p1-pl2-sample2-sperm11.tif 4 4 0.9999993065818586 
ch00_p1-pl2-sample2-sperm17.tif 4 0 0.9634790231374253 
ch00_p1-pl2-sample2-sperm8.tif 4 4 0.9999997284238709 
ch00_p1-pl2-sample23-sperm16.tif 4 4 0.999997747852321 
ch00_p1-pl2-sample26-sperm1.tif 4 3 0.9531840965080651 
ch00_p1-pl2-sample26-sperm12.tif 4 4 0.9970995881460102 
ch00_p1-pl2-sample26-sperm4.tif 4 4 0.45205536319061906 
ch00_p1-pl2-sample27-sperm8.tif 4 4 0.8593966625893711 
ch00_p1-pl2-sample28-sperm10.tif 4 4 0.9961807699887522 
ch00_p1-pl2-sample28-sperm11.tif 4 1 0.8782515327093251 
ch00_p1-pl2-sample28-sperm3.tif 4 4 0.7613416375173151 
ch00_p1-pl2-sample3-sperm14.tif 4 1 0.9512254580598029 
ch00_p1-pl2-sample3-sperm8.tif 4 4 0.8524405407025654 
ch00_p1-pl2-sample30-sperm4.tif 4 4 0.9961809491250048 
ch00_p1-pl2-sample31-sperm11.tif 4 2 0.9859489997536814 
ch00_p1-pl2-sample32-sperm1.tif 4 2 0.7198727268844314 
ch00_p1-pl2-sample32-sperm5.tif 4 0 0.6677338466131736 
ch00_p1-pl2-sample34-sperm10.tif 4 4 0.999999010961597 
ch00_p1-pl2-sample34-sperm8.tif 4 4 0.997713692519878 
ch00_p1-pl2-sample35-sperm5.tif 4 4 0.996712938369439 
ch00_p1-pl2-sample35-sperm9.tif 4 3 0.99020280779788 
ch00_p1-pl2-sample7-sperm1.tif 4 4 0.9963368272431049 
ch00_p1-pl2-sample7-sperm10.tif 4 4 0.956414631279443 
ch00_p1-pl2-sample7-sperm13.tif 4 4 0.9999990784561392 
ch00_p1-pl3-sample1-sperm7.tif 4 4 0.9999994172486955 
ch00_p1-pl3-sample10-sperm7.tif 4 4 0.8523999170135423 
ch00_p1-pl3-sample11-sperm5.tif 4 1 0.9909728626875594 
ch00_p1-pl3-sample11-sperm8.tif 4 4 0.9976566854883059 
ch00_p1-pl3-sample12-sperm10.tif 4 4 0.5540447762570783 
ch00_p1-pl3-sample12-sperm20.tif 4 4 0.8941233757394496 
ch00_p1-pl3-sample12-sperm3.tif 4 4 0.5284769695192827 
ch00_p1-pl3-sample12-sperm6.tif 4 0 0.9915190963186162 
ch00_p1-pl3-sample13-sperm8.tif 4 0 0.9100238162199871 
ch00_p1-pl3-sample13-sperm9.tif 4 4 0.781259998689851 
ch00_p1-pl3-sample14-sperm1.tif 4 4 0.9240324278188274 
ch00_p1-pl3-sample15-sperm12.tif 4 4 0.5044449684779889 
ch00_p1-pl3-sample15-sperm2.tif 4 4 0.9986133924172849 
ch00_p1-pl3-sample15-sperm24.tif 4 0 0.4978538570006158 
ch00_p1-pl3-sample15-sperm8.tif 4 4 0.83310022264824 
ch00_p1-pl3-sample17-sperm2.tif 4 4 0.9937348358044199 
ch00_p1-pl3-sample19-sperm1.tif 4 4 0.9999997092384987 
ch00_p1-pl3-sample19-sperm2.tif 4 4 0.9979826449110137 
ch00_p1-pl3-sample19-sperm8.tif 4 4 0.6249162439457466 
ch00_p1-pl3-sample20-sperm7.tif 4 4 0.9606318497228875 
ch00_p1-pl3-sample21-sperm6.tif 4 4 0.9959399133142736 
ch00_p1-pl3-sample22-sperm3.tif 4 1 0.7661199532404779 
ch00_p1-pl3-sample22-sperm6.tif 4 3 0.9985023895184093 
ch00_p1-pl3-sample22-sperm9.tif 4 4 0.999996827481791 
ch00_p1-pl3-sample23-sperm11.tif 4 1 0.9998589363477279 
ch00_p1-pl3-sample23-sperm12.tif 4 4 0.9951752067202153 
ch00_p1-pl3-sample24-sperm10.tif 4 4 0.8518926533407017 
ch00_p1-pl3-sample24-sperm20.tif 4 4 0.6816889179272758 
ch00_p1-pl3-sample24-sperm21.tif 4 4 0.9573953138331867 
ch00_p1-pl3-sample24-sperm22.tif 4 4 0.9999969263538415 
ch00_p1-pl3-sample24-sperm24.tif 4 4 0.9889242096385306 
ch00_p1-pl3-sample24-sperm7.tif 4 3 0.9990373897543398 
ch00_p1-pl3-sample24-sperm8.tif 4 4 0.9896494225726685 
ch00_p1-pl3-sample25-sperm11.tif 4 4 0.843219207725758 
ch00_p1-pl3-sample25-sperm2.tif 4 4 0.9771260482852833 
ch00_p1-pl3-sample25-sperm9.tif 4 4 0.9758128511857749 
ch00_p1-pl3-sample3-sperm1.tif 4 4 0.686452050030354 
ch00_p1-pl3-sample3-sperm7.tif 4 1 0.9081149657233362 
ch00_p1-pl3-sample5-sperm6.tif 4 1 0.9987627831702894 
ch00_p1-pl3-sample5-sperm7.tif 4 4 0.9169110756157564 
ch00_p1-pl3-sample7-sperm11.tif 4 1 0.9979773103523801 
ch00_p1-pl3-sample7-sperm2.tif 4 4 0.9988524773890876 
ch00_p1-pl3-sample7-sperm3.tif 4 4 0.9975633646757128 
ch00_p1-pl3-sample8-sperm9.tif 4 4 0.5982754170211969 
ch00_p1-pl3-sample9-sperm5.tif 4 4 0.5330160441450142 
ch00_p3-pl1-sample11-sperm5.tif 4 1 0.5145517640138163 
ch00_p3-pl1-sample13-sperm6.tif 4 4 0.9159395575242782 
ch00_p3-pl1-sample14-sperm9.tif 4 1 0.9998157459639068 
ch00_p3-pl1-sample15-sperm4.tif 4 4 0.9897296384939203 
ch00_p3-pl1-sample16-sperm1.tif 4 4 0.9990723766865753 
ch00_p3-pl1-sample16-sperm3.tif 4 4 0.9999999822988213 
ch00_p3-pl1-sample16-sperm4.tif 4 4 0.9999998936411008 
ch00_p3-pl1-sample22-sperm4.tif 4 4 0.9999987005762047 
ch00_p3-pl1-sample23-sperm2.tif 4 4 0.9989372483489521 
ch00_p3-pl1-sample23-sperm6.tif 4 4 0.8701005691389879 
ch00_p3-pl1-sample23-sperm9.tif 4 4 0.9690274875281304 
ch00_p3-pl1-sample25-sperm5.tif 4 4 0.7642603833141856 
ch00_p3-pl1-sample26-sperm4.tif 4 0 0.9171963052171276 
ch00_p3-pl1-sample26-sperm5.tif 4 4 0.8282524308581468 
ch00_p3-pl1-sample27-sperm3.tif 4 3 0.9981518623895027 
ch00_p3-pl1-sample29-sperm8.tif 4 4 0.9301668955430288 
ch00_p3-pl1-sample3-sperm6.tif 4 4 0.9871140647476907 
ch00_p3-pl1-sample30-sperm4.tif 4 4 0.9999990695793364 
ch00_p3-pl1-sample4-sperm1.tif 4 1 0.8080725015875841 
ch00_p3-pl1-sample5-sperm2.tif 4 4 0.9484191289227484 
ch00_p3-pl1-sample5-sperm3.tif 4 4 0.8504788115361617 
ch00_p3-pl1-sample7-sperm1.tif 4 4 0.9999994061524963 
ch00_p3-pl1-sample7-sperm11.tif 4 4 0.9999988603137245 
ch00_p3-pl1-sample7-sperm8.tif 4 4 0.9990836944616703 
ch00_p3-pl1-sample9-sperm5.tif 4 3 0.6654042269127658 
ch00_p3-pl1-sample9-sperm9.tif 4 4 0.9527882380543189 
ch00_p4-pl1-sample1-sperm12.tif 4 1 0.9836725172137368 
ch00_p4-pl1-sample1-sperm6.tif 4 4 0.9984411865295867 
ch00_p4-pl1-sample1-sperm7.tif 4 4 0.9979014546319587 
ch00_p4-pl1-sample1-sperm9.tif 4 4 0.4344564556431266 
ch00_p4-pl1-sample10-sperm15.tif 4 2 0.968566124209067 
ch00_p4-pl1-sample10-sperm5.tif 4 4 0.8760923507967571 
ch00_p4-pl1-sample11-sperm12.tif 4 2 0.9981171831683284 
ch00_p4-pl1-sample12-sperm2.tif 4 2 0.9858747642512481 
ch00_p4-pl1-sample12-sperm9.tif 4 4 0.9218598065745691 
ch00_p4-pl1-sample13-sperm2.tif 4 4 0.9964860154022133 
ch00_p4-pl1-sample13-sperm3.tif 4 1 0.7422488734327806 
ch00_p4-pl1-sample13-sperm5.tif 4 4 0.9703507077640213 
ch00_p4-pl1-sample13-sperm8.tif 4 4 0.9841614984221175 
ch00_p4-pl1-sample14-sperm12.tif 4 4 0.9999996431410304 
ch00_p4-pl1-sample14-sperm3.tif 4 4 0.9525916835128595 
ch00_p4-pl1-sample15-sperm10.tif 4 1 0.9996823300992611 
ch00_p4-pl1-sample16-sperm10.tif 4 2 0.9982202546161988 
ch00_p4-pl1-sample16-sperm16.tif 4 0 0.5018513660724303 
ch00_p4-pl1-sample16-sperm17.tif 4 4 0.9999999423087047 
ch00_p4-pl1-sample19-sperm6.tif 4 2 0.8962701306435682 
ch00_p4-pl1-sample19-sperm9.tif 4 4 0.9848211307058744 
ch00_p4-pl1-sample2-sperm10.tif 4 4 0.9888429620899888 
ch00_p4-pl1-sample20-sperm3.tif 4 4 0.6293361464138697 
ch00_p4-pl1-sample20-sperm6.tif 4 1 0.8008784601354915 
ch00_p4-pl1-sample20-sperm9.tif 4 4 0.9991676780235124 
ch00_p4-pl1-sample3-sperm3.tif 4 0 0.9896005008911262 
ch00_p4-pl1-sample3-sperm9.tif 4 4 0.9983152633944167 
ch00_p4-pl1-sample4-sperm11.tif 4 4 0.9988734794794389 
ch00_p4-pl1-sample4-sperm12.tif 4 4 0.9393627062818887 
ch00_p4-pl1-sample4-sperm3.tif 4 4 0.8566419638412833 
ch00_p4-pl1-sample5-sperm1.tif 4 2 0.6631031455026691 
ch00_p4-pl1-sample5-sperm4.tif 4 0 0.4655127789546722 
ch00_p4-pl1-sample5-sperm9.tif 4 1 0.6407909305416248 
ch00_p4-pl1-sample6-sperm4.tif 4 4 0.9946786050143138 
ch00_p4-pl1-sample6-sperm7.tif 4 4 0.9987381623011028 
ch00_p4-pl1-sample6-sperm8.tif 4 4 0.9282184146420638 
ch00_p4-pl1-sample7-sperm10.tif 4 4 0.9999999467003937 
ch00_p4-pl1-sample7-sperm6.tif 4 4 0.9999998571392632 
ch00_p4-pl1-sample8-sperm1.tif 4 1 0.9983261805627817 
ch00_p4-pl1-sample8-sperm10.tif 4 2 0.4354250600500003 
ch00_p4-pl1-sample8-sperm12.tif 4 2 0.9621191720208476 
ch00_p4-pl1-sample8-sperm2.tif 4 0 0.9900864941102016 
ch00_p4-pl1-sample8-sperm3.tif 4 4 0.8572579040244622 
ch00_p4-pl1-sample9-sperm15.tif 4 3 0.9312260449484208 
ch00_p4-pl1-sample9-sperm17.tif 4 1 0.7292542767467735 
ch00_p4-pl1-sample9-sperm2.tif 4 4 0.9963802059972353 
ch00_p4-pl1-sample9-sperm9.tif 4 4 0.8130377688551849 
ch00_p4-pl2-sample10-sperm1.tif 4 0 0.41765075855943484 
ch00_p4-pl2-sample10-sperm5.tif 4 4 0.9999999731595657 
ch00_p4-pl2-sample10-sperm8.tif 4 4 0.610178753454046 
ch00_p4-pl2-sample13-sperm2.tif 4 4 0.9889596862997048 
ch00_p4-pl2-sample13-sperm7.tif 4 0 0.5885970209681973 
ch00_p4-pl2-sample14-sperm10.tif 4 0 0.9980392900414263 
ch00_p4-pl2-sample14-sperm9.tif 4 1 0.9985061217354233 
ch00_p4-pl2-sample15-sperm1.tif 4 4 0.9986880883281806 
ch00_p4-pl2-sample15-sperm7.tif 4 4 0.735305410790364 
ch00_p4-pl2-sample17-sperm2.tif 4 4 0.7534509574630006 
ch00_p4-pl2-sample19-sperm1.tif 4 0 0.9892626575271565 
ch00_p4-pl2-sample19-sperm3.tif 4 1 0.9972250189575752 
ch00_p4-pl2-sample2-sperm6.tif 4 4 0.9999999315869232 
ch00_p4-pl2-sample3-sperm2.tif 4 4 0.9990998056754513 
ch00_p4-pl2-sample3-sperm3.tif 4 4 0.9974944858135395 
ch00_p4-pl2-sample3-sperm5.tif 4 4 0.9999997834398056 
ch00_p4-pl2-sample3-sperm6.tif 4 2 0.7281046497756354 
ch00_p4-pl2-sample4-sperm4.tif 4 1 0.9220737045400967 
ch00_p4-pl2-sample4-sperm7.tif 4 4 0.9993100121788178 
ch00_p4-pl2-sample7-sperm10.tif 4 4 0.9968866745663841 
ch00_p4-pl2-sample7-sperm5.tif 4 4 0.939644553803422 
ch00_p4-pl2-sample7-sperm9.tif 4 4 0.5410778058860077 
ch00_p4-pl2-sample8-sperm2.tif 4 0 0.8449282980988667 
ch00_p4-pl2-sample9-sperm4.tif 4 4 0.7833318357307646 
ch00_p5-pl1-sample1-sperm5.tif 4 4 0.9762480248188219 
ch00_p5-pl1-sample10-sperm18.tif 4 3 0.9971699013601999 
ch00_p5-pl1-sample10-sperm6.tif 4 4 0.8253016213633597 
ch00_p5-pl1-sample10-sperm7.tif 4 4 0.9992076390723302 
ch00_p5-pl1-sample12-sperm15.tif 4 0 0.9954110089925253 
ch00_p5-pl1-sample12-sperm6.tif 4 1 0.586771698470552 
ch00_p5-pl1-sample12-sperm7.tif 4 4 0.899016748109031 
ch00_p5-pl1-sample13-sperm6.tif 4 0 0.9888420072068144 
ch00_p5-pl1-sample15-sperm2.tif 4 4 0.6875755529728989 
ch00_p5-pl1-sample16-sperm3.tif 4 4 0.9940449190865817 
ch00_p5-pl1-sample17-sperm13.tif 4 4 0.6032953695965094 
ch00_p5-pl1-sample17-sperm2.tif 4 4 0.9985471126195907 
ch00_p5-pl1-sample18-sperm3.tif 4 4 0.9974529367939412 
ch00_p5-pl1-sample2-sperm10.tif 4 4 0.9454418499309233 
ch00_p5-pl1-sample20-sperm12.tif 4 4 0.9942418014619675 
ch00_p5-pl1-sample20-sperm5.tif 4 3 0.9952132116719387 
ch00_p5-pl1-sample4-sperm2.tif 4 3 0.9847164436132597 
ch00_p5-pl1-sample4-sperm5.tif 4 4 0.9849455875333138 
ch00_p5-pl1-sample5-sperm10.tif 4 1 0.9920494008145244 
ch00_p5-pl1-sample5-sperm18.tif 4 4 0.9577957133208355 
ch00_p5-pl1-sample6-sperm4.tif 4 3 0.9983065664672367 
ch00_p5-pl1-sample7-sperm5.tif 4 4 0.9592557818902019 
ch00_p5-pl1-sample8-sperm4.tif 4 4 0.9775513248952264 
ch00_p5-pl1-sample9-sperm5.tif 4 3 0.9859051087340416 
