ch00_p1-pl2-sample3-sperm12.tif 0 0 0.6608891467193142 
ch00_p1-pl2-sample34-sperm9.tif 0 0 0.9847731947989341 
ch00_p1-pl2-sample35-sperm1.tif 0 1 0.5847774846285627 
ch00_p1-pl3-sample10-sperm2.tif 0 4 0.9456805175217544 
ch00_p1-pl3-sample13-sperm3.tif 0 4 0.72589299139772 
ch00_p1-pl3-sample15-sperm10.tif 0 4 0.936436069908508 
ch00_p1-pl3-sample15-sperm22.tif 0 3 0.6696230712520101 
ch00_p1-pl3-sample16-sperm10.tif 0 0 0.6285841913778938 
ch00_p1-pl3-sample17-sperm3.tif 0 0 0.7551272596964742 
ch00_p1-pl3-sample2-sperm3.tif 0 4 0.8819025184222332 
ch00_p1-pl3-sample6-sperm11.tif 0 4 0.7748320118349825 
ch00_p3-pl1-sample16-sperm2.tif 0 4 0.9668720309312857 
ch00_p3-pl1-sample17-sperm7.tif 0 4 0.8930888894374913 
ch00_p3-pl1-sample19-sperm2.tif 0 0 0.5806879286065192 
ch00_p3-pl1-sample25-sperm13.tif 0 3 0.5860750155254173 
ch00_p3-pl1-sample30-sperm6.tif 0 0 0.8777515101558432 
ch00_p3-pl1-sample4-sperm4.tif 0 0 0.6281009729374233 
ch00_p4-pl1-sample1-sperm13.tif 0 4 0.6305715070735028 
ch00_p4-pl1-sample1-sperm3.tif 0 4 0.7210072781729793 
ch00_p4-pl1-sample10-sperm9.tif 0 0 0.9647868484000153 
ch00_p4-pl1-sample13-sperm6.tif 0 0 0.8351719430299529 
ch00_p4-pl1-sample15-sperm7.tif 0 0 0.9144293332457908 
ch00_p4-pl1-sample18-sperm4.tif 0 0 0.852622697972264 
ch00_p4-pl1-sample20-sperm7.tif 0 4 0.9794719788470367 
ch00_p4-pl1-sample9-sperm3.tif 0 0 0.8069579671902953 
ch00_p4-pl1-sample9-sperm5.tif 0 4 0.6692161857536422 
ch00_p4-pl2-sample5-sperm6.tif 0 4 0.9763330713210129 
ch00_p5-pl1-sample2-sperm9.tif 0 0 0.6939858909505853 
ch00_p5-pl1-sample5-sperm3.tif 0 3 0.6270987839057038 
ch00_p5-pl1-sample8-sperm7.tif 0 3 0.831527618942354 
ch00_p1-pl2-sample11-sperm2.tif 1 1 0.9459350859730428 
ch00_p1-pl2-sample11-sperm4.tif 1 1 0.9482977883634093 
ch00_p1-pl2-sample12-sperm3.tif 1 1 0.578790745040904 
ch00_p1-pl2-sample19-sperm10.tif 1 4 0.6544906970628808 
ch00_p1-pl2-sample19-sperm11.tif 1 1 0.7011735466534711 
ch00_p1-pl2-sample19-sperm14.tif 1 2 0.8732934411124166 
ch00_p1-pl2-sample2-sperm12.tif 1 1 0.8117986550635711 
ch00_p1-pl2-sample20-sperm7.tif 1 4 0.9111094994464803 
ch00_p1-pl2-sample21-sperm9.tif 1 1 0.8745856068143187 
ch00_p1-pl2-sample22-sperm6.tif 1 4 0.8027406934240494 
ch00_p1-pl2-sample25-sperm8.tif 1 4 0.8980050372428242 
ch00_p1-pl2-sample26-sperm5.tif 1 1 0.8406281293241304 
ch00_p1-pl2-sample29-sperm6.tif 1 4 0.8938404444922228 
ch00_p1-pl2-sample3-sperm17.tif 1 1 0.6273805900364676 
ch00_p1-pl2-sample3-sperm3.tif 1 4 0.6293693697620348 
ch00_p1-pl2-sample30-sperm7.tif 1 1 0.9823303416072388 
ch00_p1-pl2-sample35-sperm7.tif 1 1 0.9441800500518348 
ch00_p1-pl2-sample4-sperm8.tif 1 4 0.9552749325393683 
ch00_p1-pl2-sample5-sperm5.tif 1 1 0.8461317610412626 
ch00_p1-pl2-sample6-sperm10.tif 1 1 0.9749439271265898 
ch00_p1-pl2-sample7-sperm11.tif 1 1 0.8307635120150657 
ch00_p1-pl2-sample7-sperm3.tif 1 1 0.9151809153288399 
ch00_p1-pl2-sample8-sperm1.tif 1 4 0.9808309176777242 
ch00_p1-pl2-sample9-sperm11.tif 1 1 0.9757508078090771 
ch00_p1-pl2-sample9-sperm12.tif 1 1 0.4251559238878331 
ch00_p1-pl2-sample9-sperm15.tif 1 4 0.8096420966117096 
ch00_p1-pl2-sample9-sperm2.tif 1 4 0.8789003455979568 
ch00_p1-pl2-sample9-sperm8.tif 1 1 0.983880568310506 
ch00_p1-pl3-sample1-sperm5.tif 1 4 0.7877352850149812 
ch00_p1-pl3-sample10-sperm4.tif 1 4 0.7199191601092307 
ch00_p1-pl3-sample11-sperm9.tif 1 1 0.9849750497538242 
ch00_p1-pl3-sample12-sperm19.tif 1 1 0.988105367154031 
ch00_p1-pl3-sample15-sperm6.tif 1 4 0.7168018930341216 
ch00_p1-pl3-sample17-sperm8.tif 1 4 0.5318589132765494 
ch00_p1-pl3-sample18-sperm3.tif 1 1 0.9471740561553966 
ch00_p1-pl3-sample19-sperm4.tif 1 4 0.5250422352596253 
ch00_p1-pl3-sample5-sperm2.tif 1 4 0.9043377202917073 
ch00_p1-pl3-sample7-sperm12.tif 1 1 0.9761173265711881 
ch00_p3-pl1-sample10-sperm2.tif 1 1 0.9776863110937865 
ch00_p3-pl1-sample12-sperm4.tif 1 1 0.9674175326121084 
ch00_p3-pl1-sample17-sperm4.tif 1 4 0.6016951270948782 
ch00_p3-pl1-sample18-sperm1.tif 1 1 0.7268460037011107 
ch00_p3-pl1-sample21-sperm7.tif 1 1 0.9891210286985219 
ch00_p3-pl1-sample23-sperm11.tif 1 1 0.9877710370633529 
ch00_p3-pl1-sample23-sperm4.tif 1 4 0.5686417307471966 
ch00_p3-pl1-sample27-sperm2.tif 1 1 0.845559272469546 
ch00_p3-pl1-sample29-sperm6.tif 1 1 0.9586576424141027 
ch00_p3-pl1-sample30-sperm2.tif 1 1 0.9792407817145472 
ch00_p3-pl1-sample31-sperm6.tif 1 1 0.9885510368879866 
ch00_p3-pl1-sample6-sperm5.tif 1 4 0.910304559045495 
ch00_p3-pl1-sample7-sperm14.tif 1 1 0.8452474204227939 
ch00_p4-pl1-sample1-sperm11.tif 1 1 0.7242019510163313 
ch00_p4-pl1-sample1-sperm4.tif 1 1 0.9443577256129219 
ch00_p4-pl1-sample19-sperm3.tif 1 1 0.7363272145302311 
ch00_p4-pl1-sample2-sperm7.tif 1 1 0.7789716884476865 
ch00_p4-pl1-sample3-sperm8.tif 1 1 0.7528780659939884 
ch00_p4-pl1-sample9-sperm16.tif 1 1 0.9948883906347995 
ch00_p4-pl2-sample10-sperm2.tif 1 1 0.5617047977968069 
ch00_p4-pl2-sample11-sperm1.tif 1 4 0.9551817446817565 
ch00_p5-pl1-sample11-sperm2.tif 1 1 0.9708407499093907 
ch00_p5-pl1-sample14-sperm5.tif 1 1 0.8514038485342361 
ch00_p5-pl1-sample18-sperm11.tif 1 4 0.5847856764165077 
ch00_p5-pl1-sample2-sperm2.tif 1 1 0.9933714195717884 
ch00_p5-pl1-sample20-sperm11.tif 1 1 0.9378959601038324 
ch00_p5-pl1-sample4-sperm9.tif 1 3 0.7422602445987302 
ch00_p5-pl1-sample6-sperm13.tif 1 1 0.8660507379770384 
ch00_p5-pl1-sample7-sperm10.tif 1 1 0.9762489733738867 
ch00_p5-pl1-sample8-sperm2.tif 1 4 0.7383008290081066 
ch00_p1-pl2-sample10-sperm7.tif 2 4 0.7830357479634428 
ch00_p1-pl2-sample17-sperm10.tif 2 4 0.48727831267159355 
ch00_p1-pl2-sample17-sperm12.tif 2 4 0.9782348946219566 
ch00_p1-pl2-sample24-sperm4.tif 2 4 0.6657491129584173 
ch00_p1-pl2-sample31-sperm2.tif 2 1 0.3972411508057889 
ch00_p1-pl2-sample35-sperm14.tif 2 1 0.9702370601186319 
ch00_p1-pl2-sample9-sperm17.tif 2 2 0.6031632508638088 
ch00_p1-pl3-sample1-sperm15.tif 2 4 0.906760302737334 
ch00_p1-pl3-sample10-sperm5.tif 2 2 0.9372218973866553 
ch00_p1-pl3-sample11-sperm6.tif 2 1 0.7684394758318926 
ch00_p1-pl3-sample17-sperm9.tif 2 2 0.9924238717604001 
ch00_p1-pl3-sample5-sperm12.tif 2 4 0.9110946105583294 
ch00_p1-pl3-sample7-sperm5.tif 2 2 0.9112570980168773 
ch00_p1-pl3-sample9-sperm4.tif 2 2 0.9832283895648574 
ch00_p4-pl1-sample10-sperm10.tif 2 1 0.8449924690164172 
ch00_p4-pl1-sample12-sperm15.tif 2 4 0.9449162743438847 
ch00_p4-pl1-sample13-sperm4.tif 2 2 0.8956540962273171 
ch00_p4-pl1-sample19-sperm7.tif 2 2 0.9404333194560692 
ch00_p4-pl1-sample3-sperm10.tif 2 1 0.9745100812489437 
ch00_p4-pl2-sample11-sperm5.tif 2 2 0.9524834598049532 
ch00_p4-pl2-sample17-sperm6.tif 2 4 0.8920055298081379 
ch00_p4-pl2-sample3-sperm10.tif 2 4 0.7066693023577814 
ch00_p1-pl2-sample13-sperm13.tif 3 3 0.7848627802521441 
ch00_p1-pl2-sample15-sperm6.tif 3 1 0.5418434753254051 
ch00_p1-pl2-sample18-sperm4.tif 3 4 0.46519501626688964 
ch00_p1-pl2-sample22-sperm10.tif 3 4 0.8747954268698485 
ch00_p1-pl2-sample28-sperm2.tif 3 3 0.7844946620724821 
ch00_p1-pl2-sample7-sperm4.tif 3 4 0.967303214610318 
ch00_p1-pl3-sample12-sperm9.tif 3 4 0.9776234145040152 
ch00_p1-pl3-sample15-sperm11.tif 3 3 0.8678949759824854 
ch00_p1-pl3-sample16-sperm11.tif 3 3 0.553120170202936 
ch00_p1-pl3-sample16-sperm16.tif 3 4 0.6427522022182415 
ch00_p1-pl3-sample23-sperm13.tif 3 4 0.9612794645588258 
ch00_p1-pl3-sample24-sperm1.tif 3 0 0.7196238689286776 
ch00_p1-pl3-sample25-sperm14.tif 3 3 0.5832489447836621 
ch00_p1-pl3-sample5-sperm10.tif 3 4 0.7496664106066738 
ch00_p1-pl3-sample9-sperm6.tif 3 3 0.6799267801186173 
ch00_p3-pl1-sample31-sperm3.tif 3 4 0.9585222480578932 
ch00_p3-pl1-sample32-sperm1.tif 3 0 0.6148618636392981 
ch00_p4-pl1-sample4-sperm13.tif 3 3 0.8507598475644512 
ch00_p4-pl1-sample9-sperm14.tif 3 3 0.6931525699961135 
ch00_p4-pl2-sample8-sperm3.tif 3 4 0.798095789605796 
ch00_p5-pl1-sample18-sperm1.tif 3 4 0.8674739797723687 
ch00_p1-pl2-sample1-sperm12.tif 4 4 0.9840710261094355 
ch00_p1-pl2-sample1-sperm4.tif 4 1 0.9898602551319144 
ch00_p1-pl2-sample10-sperm12.tif 4 4 0.9236486160706437 
ch00_p1-pl2-sample10-sperm8.tif 4 4 0.9006600273020504 
ch00_p1-pl2-sample12-sperm1.tif 4 4 0.969404177127673 
ch00_p1-pl2-sample12-sperm2.tif 4 1 0.5140510125881457 
ch00_p1-pl2-sample12-sperm5.tif 4 4 0.9556011832434739 
ch00_p1-pl2-sample12-sperm7.tif 4 1 0.9265701190620929 
ch00_p1-pl2-sample13-sperm1.tif 4 4 0.7735282814721115 
ch00_p1-pl2-sample13-sperm5.tif 4 4 0.9137794328057071 
ch00_p1-pl2-sample14-sperm1.tif 4 4 0.9766122137523134 
ch00_p1-pl2-sample14-sperm11.tif 4 1 0.680368748817647 
ch00_p1-pl2-sample14-sperm14.tif 4 2 0.47051436245475803 
ch00_p1-pl2-sample14-sperm2.tif 4 4 0.5584694975585286 
ch00_p1-pl2-sample15-sperm5.tif 4 0 0.9621216203293861 
ch00_p1-pl2-sample16-sperm5.tif 4 4 0.9556458534181222 
ch00_p1-pl2-sample17-sperm2.tif 4 1 0.9793277539691835 
ch00_p1-pl2-sample18-sperm2.tif 4 4 0.9087386238224519 
ch00_p1-pl2-sample2-sperm11.tif 4 4 0.5536660427790387 
ch00_p1-pl2-sample20-sperm10.tif 4 4 0.5850593960714326 
ch00_p1-pl2-sample25-sperm3.tif 4 4 0.9788878863048043 
ch00_p1-pl2-sample26-sperm1.tif 4 3 0.5145135624223848 
ch00_p1-pl2-sample26-sperm12.tif 4 4 0.9924786581770463 
ch00_p1-pl2-sample27-sperm5.tif 4 4 0.987443188824633 
ch00_p1-pl2-sample28-sperm1.tif 4 4 0.8647638238454101 
ch00_p1-pl2-sample28-sperm10.tif 4 4 0.878067033659044 
ch00_p1-pl2-sample29-sperm1.tif 4 4 0.9982892197565442 
ch00_p1-pl2-sample3-sperm8.tif 4 4 0.8647755356872072 
ch00_p1-pl2-sample30-sperm1.tif 4 4 0.7141411018638335 
ch00_p1-pl2-sample30-sperm6.tif 4 4 0.9570081700122053 
ch00_p1-pl2-sample31-sperm3.tif 4 4 0.9431089583224828 
ch00_p1-pl2-sample31-sperm6.tif 4 4 0.9168073271840099 
ch00_p1-pl2-sample32-sperm1.tif 4 4 0.558289586297173 
ch00_p1-pl2-sample32-sperm9.tif 4 4 0.9673306877377076 
ch00_p1-pl2-sample33-sperm2.tif 4 4 0.9920833436252847 
ch00_p1-pl2-sample34-sperm8.tif 4 2 0.764794367046173 
ch00_p1-pl2-sample35-sperm10.tif 4 1 0.9963318859373129 
ch00_p1-pl2-sample4-sperm16.tif 4 4 0.9432578816705979 
ch00_p1-pl2-sample7-sperm13.tif 4 4 0.8955757740262749 
ch00_p1-pl2-sample9-sperm18.tif 4 0 0.550596073962776 
ch00_p1-pl3-sample10-sperm7.tif 4 4 0.8831929118430792 
ch00_p1-pl3-sample12-sperm6.tif 4 0 0.3865595624988867 
ch00_p1-pl3-sample12-sperm8.tif 4 4 0.7574769068354075 
ch00_p1-pl3-sample14-sperm1.tif 4 4 0.9845460649992097 
ch00_p1-pl3-sample14-sperm16.tif 4 4 0.6641457708340935 
ch00_p1-pl3-sample14-sperm6.tif 4 4 0.9901882109893725 
ch00_p1-pl3-sample14-sperm7.tif 4 1 0.9314776864495716 
ch00_p1-pl3-sample15-sperm12.tif 4 4 0.4975776690151713 
ch00_p1-pl3-sample15-sperm20.tif 4 3 0.5845281365244303 
ch00_p1-pl3-sample15-sperm5.tif 4 4 0.8493600936363422 
ch00_p1-pl3-sample15-sperm9.tif 4 4 0.5271996626800804 
ch00_p1-pl3-sample17-sperm2.tif 4 4 0.7598283485031876 
ch00_p1-pl3-sample19-sperm8.tif 4 4 0.9429682282459636 
ch00_p1-pl3-sample20-sperm7.tif 4 1 0.9550366443831091 
ch00_p1-pl3-sample20-sperm8.tif 4 4 0.9816134978329369 
ch00_p1-pl3-sample21-sperm11.tif 4 1 0.7692382735576886 
ch00_p1-pl3-sample21-sperm3.tif 4 4 0.8737103172544002 
ch00_p1-pl3-sample21-sperm4.tif 4 4 0.735778232821343 
ch00_p1-pl3-sample21-sperm6.tif 4 4 0.677837082847497 
ch00_p1-pl3-sample23-sperm18.tif 4 4 0.9792861040059869 
ch00_p1-pl3-sample23-sperm19.tif 4 4 0.9961007542221882 
ch00_p1-pl3-sample23-sperm2.tif 4 4 0.9749436014626365 
ch00_p1-pl3-sample24-sperm11.tif 4 4 0.4945661130629187 
ch00_p1-pl3-sample24-sperm14.tif 4 4 0.7677413948232977 
ch00_p1-pl3-sample24-sperm24.tif 4 4 0.7407519071940875 
ch00_p1-pl3-sample25-sperm11.tif 4 4 0.9949724423116344 
ch00_p1-pl3-sample3-sperm5.tif 4 4 0.9700300719301114 
ch00_p1-pl3-sample3-sperm8.tif 4 4 0.6652342995065339 
ch00_p1-pl3-sample4-sperm3.tif 4 3 0.9603340316652451 
ch00_p1-pl3-sample4-sperm8.tif 4 4 0.8907892640625795 
ch00_p1-pl3-sample4-sperm9.tif 4 2 0.7715491162787751 
ch00_p1-pl3-sample5-sperm13.tif 4 4 0.5155979451143222 
ch00_p1-pl3-sample5-sperm4.tif 4 4 0.9981417403607893 
ch00_p1-pl3-sample5-sperm9.tif 4 1 0.9608062706947073 
ch00_p1-pl3-sample6-sperm4.tif 4 3 0.9824300252895154 
ch00_p1-pl3-sample6-sperm5.tif 4 4 0.9626068711045819 
ch00_p1-pl3-sample8-sperm6.tif 4 4 0.8028525444373326 
ch00_p1-pl3-sample9-sperm12.tif 4 4 0.9620686378707427 
ch00_p1-pl3-sample9-sperm14.tif 4 4 0.9966342188550446 
ch00_p3-pl1-sample1-sperm5.tif 4 1 0.8677296136588911 
ch00_p3-pl1-sample11-sperm7.tif 4 1 0.918996807246409 
ch00_p3-pl1-sample12-sperm7.tif 4 4 0.9097802847701021 
ch00_p3-pl1-sample13-sperm1.tif 4 1 0.5256606674073668 
ch00_p3-pl1-sample16-sperm4.tif 4 4 0.9956170860894921 
ch00_p3-pl1-sample19-sperm3.tif 4 1 0.7525333147169231 
ch00_p3-pl1-sample19-sperm4.tif 4 4 0.9974894789977576 
ch00_p3-pl1-sample19-sperm9.tif 4 3 0.798718084848977 
ch00_p3-pl1-sample20-sperm4.tif 4 1 0.9966212195438847 
ch00_p3-pl1-sample21-sperm4.tif 4 0 0.5505322113225639 
ch00_p3-pl1-sample23-sperm2.tif 4 4 0.9964306450235467 
ch00_p3-pl1-sample23-sperm7.tif 4 4 0.9080132401203469 
ch00_p3-pl1-sample25-sperm10.tif 4 1 0.9845749307390433 
ch00_p3-pl1-sample25-sperm2.tif 4 4 0.5572948909890272 
ch00_p3-pl1-sample26-sperm3.tif 4 1 0.9276540897847235 
ch00_p3-pl1-sample3-sperm2.tif 4 3 0.7471915684381889 
ch00_p3-pl1-sample3-sperm6.tif 4 4 0.9611746835711267 
ch00_p3-pl1-sample3-sperm9.tif 4 4 0.5720265085826923 
ch00_p3-pl1-sample32-sperm4.tif 4 1 0.5675846758671447 
ch00_p3-pl1-sample32-sperm7.tif 4 1 0.9437598476957365 
ch00_p3-pl1-sample4-sperm1.tif 4 4 0.7024307387290847 
ch00_p3-pl1-sample6-sperm3.tif 4 1 0.8407978732607222 
ch00_p3-pl1-sample7-sperm13.tif 4 0 0.9487274797411033 
ch00_p3-pl1-sample7-sperm6.tif 4 4 0.9544687826738999 
ch00_p3-pl1-sample7-sperm8.tif 4 4 0.9609366065347232 
ch00_p3-pl1-sample8-sperm3.tif 4 1 0.9841438052268698 
ch00_p4-pl1-sample1-sperm1.tif 4 0 0.9522913086909124 
ch00_p4-pl1-sample1-sperm8.tif 4 4 0.9428952217091443 
ch00_p4-pl1-sample10-sperm12.tif 4 3 0.976456886871825 
ch00_p4-pl1-sample10-sperm16.tif 4 4 0.6591708288154506 
ch00_p4-pl1-sample10-sperm20.tif 4 2 0.9422373932424049 
ch00_p4-pl1-sample11-sperm8.tif 4 0 0.8082331765027829 
ch00_p4-pl1-sample12-sperm6.tif 4 4 0.5281829362844913 
ch00_p4-pl1-sample13-sperm3.tif 4 4 0.9294631599650687 
ch00_p4-pl1-sample13-sperm8.tif 4 4 0.9530614016526565 
ch00_p4-pl1-sample14-sperm13.tif 4 4 0.9928588251826752 
ch00_p4-pl1-sample14-sperm4.tif 4 4 0.9512683025615165 
ch00_p4-pl1-sample14-sperm5.tif 4 1 0.8850002830263339 
ch00_p4-pl1-sample16-sperm13.tif 4 4 0.9065689001268243 
ch00_p4-pl1-sample16-sperm17.tif 4 4 0.9667072361270809 
ch00_p4-pl1-sample16-sperm7.tif 4 4 0.777844956585461 
ch00_p4-pl1-sample18-sperm1.tif 4 4 0.9956953199559555 
ch00_p4-pl1-sample19-sperm6.tif 4 2 0.931734683595879 
ch00_p4-pl1-sample2-sperm1.tif 4 4 0.7481861528112663 
ch00_p4-pl1-sample20-sperm10.tif 4 4 0.8637146252214393 
ch00_p4-pl1-sample3-sperm11.tif 4 1 0.5970998453813114 
ch00_p4-pl1-sample3-sperm6.tif 4 2 0.9895991938368857 
ch00_p4-pl1-sample3-sperm9.tif 4 4 0.782456326999888 
ch00_p4-pl1-sample4-sperm10.tif 4 4 0.8923701230452882 
ch00_p4-pl1-sample4-sperm12.tif 4 1 0.8797809200077803 
ch00_p4-pl1-sample4-sperm14.tif 4 4 0.9355255043301227 
ch00_p4-pl1-sample4-sperm16.tif 4 4 0.9301126090286531 
ch00_p4-pl1-sample5-sperm1.tif 4 4 0.9910114207850357 
ch00_p4-pl1-sample5-sperm7.tif 4 4 0.8198655054365956 
ch00_p4-pl1-sample6-sperm3.tif 4 3 0.6829343163394239 
ch00_p4-pl1-sample6-sperm7.tif 4 4 0.8680912816814116 
ch00_p4-pl1-sample6-sperm9.tif 4 2 0.8525448992432337 
ch00_p4-pl1-sample7-sperm13.tif 4 3 0.8496163842296349 
ch00_p4-pl1-sample7-sperm2.tif 4 4 0.9790671334617702 
ch00_p4-pl1-sample8-sperm1.tif 4 1 0.7455996041574618 
ch00_p4-pl1-sample8-sperm7.tif 4 2 0.8231471598218164 
ch00_p4-pl1-sample8-sperm9.tif 4 4 0.5592627324207339 
ch00_p4-pl1-sample9-sperm15.tif 4 1 0.8509511391772806 
ch00_p4-pl1-sample9-sperm2.tif 4 3 0.9343139003468168 
ch00_p4-pl1-sample9-sperm4.tif 4 4 0.9721665141515783 
ch00_p4-pl1-sample9-sperm6.tif 4 4 0.9013124381046068 
ch00_p4-pl2-sample10-sperm1.tif 4 0 0.792438323926591 
ch00_p4-pl2-sample11-sperm2.tif 4 1 0.9820004855215989 
ch00_p4-pl2-sample12-sperm10.tif 4 4 0.7663574445801272 
ch00_p4-pl2-sample12-sperm9.tif 4 4 0.7759709390812609 
ch00_p4-pl2-sample13-sperm10.tif 4 4 0.9965885933913035 
ch00_p4-pl2-sample13-sperm2.tif 4 4 0.5116966370110412 
ch00_p4-pl2-sample13-sperm7.tif 4 4 0.5081671183479874 
ch00_p4-pl2-sample14-sperm10.tif 4 0 0.9694942689129157 
ch00_p4-pl2-sample14-sperm8.tif 4 2 0.6424093754118879 
ch00_p4-pl2-sample15-sperm1.tif 4 4 0.780027692507359 
ch00_p4-pl2-sample17-sperm3.tif 4 4 0.9541343269312529 
ch00_p4-pl2-sample18-sperm7.tif 4 4 0.8747136934275693 
ch00_p4-pl2-sample18-sperm8.tif 4 4 0.8362217086929601 
ch00_p4-pl2-sample18-sperm9.tif 4 0 0.9366153538969244 
ch00_p4-pl2-sample19-sperm1.tif 4 4 0.9455947623216474 
ch00_p4-pl2-sample19-sperm4.tif 4 4 0.9375651220525143 
ch00_p4-pl2-sample19-sperm7.tif 4 2 0.6327042229876051 
ch00_p4-pl2-sample2-sperm5.tif 4 4 0.9926591350226672 
ch00_p4-pl2-sample20-sperm2.tif 4 4 0.9196789286651702 
ch00_p4-pl2-sample20-sperm5.tif 4 4 0.986607426010199 
ch00_p4-pl2-sample20-sperm8.tif 4 4 0.9525967538384894 
ch00_p4-pl2-sample5-sperm1.tif 4 4 0.975519264437663 
ch00_p4-pl2-sample5-sperm5.tif 4 0 0.7566068585005777 
ch00_p4-pl2-sample6-sperm6.tif 4 4 0.6905855719562821 
ch00_p4-pl2-sample7-sperm5.tif 4 3 0.423991478891227 
ch00_p4-pl2-sample7-sperm6.tif 4 4 0.5970389848309109 
ch00_p4-pl2-sample8-sperm9.tif 4 4 0.9935214367210852 
ch00_p5-pl1-sample1-sperm3.tif 4 4 0.9732804196080753 
ch00_p5-pl1-sample1-sperm5.tif 4 4 0.9339318364733179 
ch00_p5-pl1-sample1-sperm6.tif 4 4 0.5260401907163743 
ch00_p5-pl1-sample12-sperm13.tif 4 4 0.821249713305183 
ch00_p5-pl1-sample12-sperm14.tif 4 4 0.8925307660601505 
ch00_p5-pl1-sample15-sperm4.tif 4 4 0.8893416769856634 
ch00_p5-pl1-sample15-sperm7.tif 4 4 0.6321847392086075 
ch00_p5-pl1-sample16-sperm3.tif 4 4 0.5927153621497816 
ch00_p5-pl1-sample17-sperm13.tif 4 0 0.625763939060841 
ch00_p5-pl1-sample18-sperm6.tif 4 4 0.8753753727953094 
ch00_p5-pl1-sample2-sperm10.tif 4 4 0.9385252517093305 
ch00_p5-pl1-sample2-sperm13.tif 4 3 0.512678970740369 
ch00_p5-pl1-sample2-sperm6.tif 4 4 0.988745441315726 
ch00_p5-pl1-sample20-sperm6.tif 4 4 0.7760550192779219 
ch00_p5-pl1-sample3-sperm15.tif 4 4 0.9169127154015032 
ch00_p5-pl1-sample3-sperm23.tif 4 2 0.758819553319778 
ch00_p5-pl1-sample3-sperm5.tif 4 4 0.6677506729757041 
ch00_p5-pl1-sample3-sperm7.tif 4 1 0.7154678345731307 
ch00_p5-pl1-sample4-sperm5.tif 4 4 0.9397372012156702 
ch00_p5-pl1-sample5-sperm15.tif 4 4 0.9025243843333104 
ch00_p5-pl1-sample6-sperm9.tif 4 3 0.6415100068340353 
ch00_p5-pl1-sample9-sperm1.tif 4 4 0.9767391464052868 
ch00_p5-pl1-sample9-sperm4.tif 4 4 0.6193935307174644 
ch00_p5-pl1-sample9-sperm5.tif 4 3 0.9964831257875274 
