ch00_p1-pl2-sample3-sperm12.tif 0 0 0.9842517173969247 
ch00_p1-pl2-sample34-sperm9.tif 0 0 0.9973216350295416 
ch00_p1-pl2-sample35-sperm1.tif 0 1 0.850305551130385 
ch00_p1-pl3-sample10-sperm2.tif 0 4 0.9999986661230632 
ch00_p1-pl3-sample13-sperm3.tif 0 2 0.5374256060742996 
ch00_p1-pl3-sample15-sperm10.tif 0 4 0.9893261735342204 
ch00_p1-pl3-sample15-sperm22.tif 0 0 0.8537021540953827 
ch00_p1-pl3-sample16-sperm10.tif 0 0 0.9584161955617787 
ch00_p1-pl3-sample17-sperm3.tif 0 0 0.5658999843231187 
ch00_p1-pl3-sample2-sperm3.tif 0 4 0.9234632417349664 
ch00_p1-pl3-sample6-sperm11.tif 0 2 0.7675951519993948 
ch00_p3-pl1-sample16-sperm2.tif 0 4 0.9274996921833776 
ch00_p3-pl1-sample17-sperm7.tif 0 4 0.9926281840266292 
ch00_p3-pl1-sample19-sperm2.tif 0 0 0.8155290280462444 
ch00_p3-pl1-sample25-sperm13.tif 0 0 0.4307509751251678 
ch00_p3-pl1-sample30-sperm6.tif 0 0 0.6523598768420767 
ch00_p3-pl1-sample4-sperm4.tif 0 0 0.9662603682880111 
ch00_p4-pl1-sample1-sperm13.tif 0 4 0.8454915426066043 
ch00_p4-pl1-sample1-sperm3.tif 0 0 0.65711232688375 
ch00_p4-pl1-sample10-sperm9.tif 0 0 0.9890051129741985 
ch00_p4-pl1-sample13-sperm6.tif 0 0 0.9993746024058356 
ch00_p4-pl1-sample15-sperm7.tif 0 0 0.9777816431253917 
ch00_p4-pl1-sample18-sperm4.tif 0 4 0.9999995915802271 
ch00_p4-pl1-sample20-sperm7.tif 0 4 0.9956260359101521 
ch00_p4-pl1-sample9-sperm3.tif 0 4 0.9805854718011362 
ch00_p4-pl1-sample9-sperm5.tif 0 4 0.9999999287675045 
ch00_p4-pl2-sample5-sperm6.tif 0 4 0.999999999966984 
ch00_p5-pl1-sample2-sperm9.tif 0 4 0.9950317316641378 
ch00_p5-pl1-sample5-sperm3.tif 0 4 0.7844938551896097 
ch00_p5-pl1-sample8-sperm7.tif 0 4 0.9348209619496359 
ch00_p1-pl2-sample11-sperm2.tif 1 1 0.9997735466243942 
ch00_p1-pl2-sample11-sperm4.tif 1 4 0.6488716337511238 
ch00_p1-pl2-sample12-sperm3.tif 1 1 0.9968655182310893 
ch00_p1-pl2-sample19-sperm10.tif 1 4 0.9243544764320171 
ch00_p1-pl2-sample19-sperm11.tif 1 1 0.9999116996274926 
ch00_p1-pl2-sample19-sperm14.tif 1 1 0.9876635897961868 
ch00_p1-pl2-sample2-sperm12.tif 1 1 0.9532223886767884 
ch00_p1-pl2-sample20-sperm7.tif 1 4 0.9933041630475639 
ch00_p1-pl2-sample21-sperm9.tif 1 1 0.998834895439042 
ch00_p1-pl2-sample22-sperm6.tif 1 4 0.9315753469824298 
ch00_p1-pl2-sample25-sperm8.tif 1 1 0.5476388868236447 
ch00_p1-pl2-sample26-sperm5.tif 1 1 0.9999358257845448 
ch00_p1-pl2-sample29-sperm6.tif 1 4 0.9356618019687416 
ch00_p1-pl2-sample3-sperm17.tif 1 1 0.5500083912660082 
ch00_p1-pl2-sample3-sperm3.tif 1 1 0.9964004088106959 
ch00_p1-pl2-sample30-sperm7.tif 1 1 0.9871157754127293 
ch00_p1-pl2-sample35-sperm7.tif 1 1 0.9963462749648846 
ch00_p1-pl2-sample4-sperm8.tif 1 1 0.9946658834494538 
ch00_p1-pl2-sample5-sperm5.tif 1 4 0.9362281245318709 
ch00_p1-pl2-sample6-sperm10.tif 1 1 0.9998617868287566 
ch00_p1-pl2-sample7-sperm11.tif 1 1 0.999868586962759 
ch00_p1-pl2-sample7-sperm3.tif 1 1 0.9433204919322508 
ch00_p1-pl2-sample8-sperm1.tif 1 4 0.9999999998707682 
ch00_p1-pl2-sample9-sperm11.tif 1 1 0.9998933815288832 
ch00_p1-pl2-sample9-sperm12.tif 1 1 0.6283767430055245 
ch00_p1-pl2-sample9-sperm15.tif 1 1 0.9998377428861378 
ch00_p1-pl2-sample9-sperm2.tif 1 4 0.5306412262471745 
ch00_p1-pl2-sample9-sperm8.tif 1 1 0.9911869167905202 
ch00_p1-pl3-sample1-sperm5.tif 1 4 0.8745059457896067 
ch00_p1-pl3-sample10-sperm4.tif 1 4 0.9898134779153889 
ch00_p1-pl3-sample11-sperm9.tif 1 1 0.999933302280432 
ch00_p1-pl3-sample12-sperm19.tif 1 1 0.9520770587928601 
ch00_p1-pl3-sample15-sperm6.tif 1 0 0.3066241238280831 
ch00_p1-pl3-sample17-sperm8.tif 1 4 0.9350589767366589 
ch00_p1-pl3-sample18-sperm3.tif 1 1 0.8624743359991499 
ch00_p1-pl3-sample19-sperm4.tif 1 4 0.9999994359937581 
ch00_p1-pl3-sample5-sperm2.tif 1 4 0.84226912136465 
ch00_p1-pl3-sample7-sperm12.tif 1 1 0.9979534536390612 
ch00_p3-pl1-sample10-sperm2.tif 1 1 0.9902827753368747 
ch00_p3-pl1-sample12-sperm4.tif 1 1 0.9999466174482383 
ch00_p3-pl1-sample17-sperm4.tif 1 1 0.9860190418095044 
ch00_p3-pl1-sample18-sperm1.tif 1 4 0.7941094086880571 
ch00_p3-pl1-sample21-sperm7.tif 1 1 0.9989120208600232 
ch00_p3-pl1-sample23-sperm11.tif 1 1 0.9956157803336005 
ch00_p3-pl1-sample23-sperm4.tif 1 1 0.9985564927832958 
ch00_p3-pl1-sample27-sperm2.tif 1 1 0.9997415834183268 
ch00_p3-pl1-sample29-sperm6.tif 1 1 0.9999917340476933 
ch00_p3-pl1-sample30-sperm2.tif 1 1 0.9998860728336284 
ch00_p3-pl1-sample31-sperm6.tif 1 1 0.9914230493607012 
ch00_p3-pl1-sample6-sperm5.tif 1 1 0.9996081292880148 
ch00_p3-pl1-sample7-sperm14.tif 1 1 0.9998809513925564 
ch00_p4-pl1-sample1-sperm11.tif 1 4 0.9604556555938703 
ch00_p4-pl1-sample1-sperm4.tif 1 4 0.5294408134558088 
ch00_p4-pl1-sample19-sperm3.tif 1 4 0.9999999532934509 
ch00_p4-pl1-sample2-sperm7.tif 1 4 0.8905571673250072 
ch00_p4-pl1-sample3-sperm8.tif 1 1 0.9970138460627402 
ch00_p4-pl1-sample9-sperm16.tif 1 4 0.9286396462639996 
ch00_p4-pl2-sample10-sperm2.tif 1 1 0.8279215438486016 
ch00_p4-pl2-sample11-sperm1.tif 1 4 0.9801777963689401 
ch00_p5-pl1-sample11-sperm2.tif 1 1 0.9999292060307765 
ch00_p5-pl1-sample14-sperm5.tif 1 1 0.9988109286511891 
ch00_p5-pl1-sample18-sperm11.tif 1 0 0.6998695925134829 
ch00_p5-pl1-sample2-sperm2.tif 1 1 0.9948473910855827 
ch00_p5-pl1-sample20-sperm11.tif 1 1 0.6908941571601881 
ch00_p5-pl1-sample4-sperm9.tif 1 4 0.9857274946082368 
ch00_p5-pl1-sample6-sperm13.tif 1 1 0.999930398878659 
ch00_p5-pl1-sample7-sperm10.tif 1 4 0.5435662265373429 
ch00_p5-pl1-sample8-sperm2.tif 1 1 0.9997065952064704 
ch00_p1-pl2-sample10-sperm7.tif 2 4 0.9742962025359068 
ch00_p1-pl2-sample17-sperm10.tif 2 2 0.8190671177429019 
ch00_p1-pl2-sample17-sperm12.tif 2 4 0.7853639831293481 
ch00_p1-pl2-sample24-sperm4.tif 2 2 0.8089414699331728 
ch00_p1-pl2-sample31-sperm2.tif 2 2 0.9746836520127019 
ch00_p1-pl2-sample35-sperm14.tif 2 1 0.9595902002046692 
ch00_p1-pl2-sample9-sperm17.tif 2 4 0.9999987509701755 
ch00_p1-pl3-sample1-sperm15.tif 2 4 0.5231230816424873 
ch00_p1-pl3-sample10-sperm5.tif 2 4 0.9260442251236144 
ch00_p1-pl3-sample11-sperm6.tif 2 2 0.8477541829526207 
ch00_p1-pl3-sample17-sperm9.tif 2 2 0.9804000118162299 
ch00_p1-pl3-sample5-sperm12.tif 2 2 0.6380608166296853 
ch00_p1-pl3-sample7-sperm5.tif 2 4 0.9951747798130447 
ch00_p1-pl3-sample9-sperm4.tif 2 2 0.9490958085707013 
ch00_p4-pl1-sample10-sperm10.tif 2 4 0.7965992619084565 
ch00_p4-pl1-sample12-sperm15.tif 2 4 0.6242931869757935 
ch00_p4-pl1-sample13-sperm4.tif 2 4 0.9969994213427109 
ch00_p4-pl1-sample19-sperm7.tif 2 2 0.8484152258859754 
ch00_p4-pl1-sample3-sperm10.tif 2 1 0.49645848249829466 
ch00_p4-pl2-sample11-sperm5.tif 2 4 0.9999980294491871 
ch00_p4-pl2-sample17-sperm6.tif 2 4 0.9999994236675636 
ch00_p4-pl2-sample3-sperm10.tif 2 2 0.5564645306676299 
ch00_p1-pl2-sample13-sperm13.tif 3 3 0.6257384076572515 
ch00_p1-pl2-sample15-sperm6.tif 3 3 0.651555742554295 
ch00_p1-pl2-sample18-sperm4.tif 3 0 0.9859675367091757 
ch00_p1-pl2-sample22-sperm10.tif 3 4 0.9503600211179303 
ch00_p1-pl2-sample28-sperm2.tif 3 3 0.4223108926130317 
ch00_p1-pl2-sample7-sperm4.tif 3 4 0.9869011942958108 
ch00_p1-pl3-sample12-sperm9.tif 3 4 0.6479514138211376 
ch00_p1-pl3-sample15-sperm11.tif 3 4 0.9331725753359613 
ch00_p1-pl3-sample16-sperm11.tif 3 3 0.7151515380225348 
ch00_p1-pl3-sample16-sperm16.tif 3 3 0.9808972412129394 
ch00_p1-pl3-sample23-sperm13.tif 3 4 0.9999997320315921 
ch00_p1-pl3-sample24-sperm1.tif 3 3 0.4934535974558736 
ch00_p1-pl3-sample25-sperm14.tif 3 3 0.9402269597460481 
ch00_p1-pl3-sample5-sperm10.tif 3 4 0.365195889003983 
ch00_p1-pl3-sample9-sperm6.tif 3 4 0.9807024116765096 
ch00_p3-pl1-sample31-sperm3.tif 3 4 0.7619385788744578 
ch00_p3-pl1-sample32-sperm1.tif 3 0 0.41977654272094117 
ch00_p4-pl1-sample4-sperm13.tif 3 3 0.7030341291746031 
ch00_p4-pl1-sample9-sperm14.tif 3 3 0.9082366396879278 
ch00_p4-pl2-sample8-sperm3.tif 3 4 0.9971712467816702 
ch00_p5-pl1-sample18-sperm1.tif 3 4 0.9999999993569127 
ch00_p1-pl2-sample1-sperm12.tif 4 4 0.9960138452632915 
ch00_p1-pl2-sample1-sperm4.tif 4 1 0.9992277443414918 
ch00_p1-pl2-sample10-sperm12.tif 4 4 0.9843788747816482 
ch00_p1-pl2-sample10-sperm8.tif 4 4 0.9362429908508221 
ch00_p1-pl2-sample12-sperm1.tif 4 4 0.9999999587062528 
ch00_p1-pl2-sample12-sperm2.tif 4 4 0.9999972408633788 
ch00_p1-pl2-sample12-sperm5.tif 4 4 0.9999990158293174 
ch00_p1-pl2-sample12-sperm7.tif 4 1 0.6114238132139219 
ch00_p1-pl2-sample13-sperm1.tif 4 4 0.9999983825059664 
ch00_p1-pl2-sample13-sperm5.tif 4 4 0.9818087157928701 
ch00_p1-pl2-sample14-sperm1.tif 4 4 0.9999993014447057 
ch00_p1-pl2-sample14-sperm11.tif 4 4 0.9987683930183516 
ch00_p1-pl2-sample14-sperm14.tif 4 4 0.9948998666914751 
ch00_p1-pl2-sample14-sperm2.tif 4 4 0.9860852612371227 
ch00_p1-pl2-sample15-sperm5.tif 4 4 0.9968506382847684 
ch00_p1-pl2-sample16-sperm5.tif 4 4 0.983006846384102 
ch00_p1-pl2-sample17-sperm2.tif 4 1 0.7966648130915928 
ch00_p1-pl2-sample18-sperm2.tif 4 4 0.7725112148868102 
ch00_p1-pl2-sample2-sperm11.tif 4 4 0.9934503992288571 
ch00_p1-pl2-sample20-sperm10.tif 4 0 0.9966998250958066 
ch00_p1-pl2-sample25-sperm3.tif 4 3 0.9085627300144565 
ch00_p1-pl2-sample26-sperm1.tif 4 3 0.5036082939428338 
ch00_p1-pl2-sample26-sperm12.tif 4 4 0.9438663442201585 
ch00_p1-pl2-sample27-sperm5.tif 4 4 0.9788142054454041 
ch00_p1-pl2-sample28-sperm1.tif 4 2 0.4510882792018439 
ch00_p1-pl2-sample28-sperm10.tif 4 1 0.7863536928085157 
ch00_p1-pl2-sample29-sperm1.tif 4 4 0.9999999996662127 
ch00_p1-pl2-sample3-sperm8.tif 4 4 0.6755457369477214 
ch00_p1-pl2-sample30-sperm1.tif 4 1 0.7141206512844985 
ch00_p1-pl2-sample30-sperm6.tif 4 4 0.9832600926609316 
ch00_p1-pl2-sample31-sperm3.tif 4 1 0.997411835371599 
ch00_p1-pl2-sample31-sperm6.tif 4 1 0.9938389667655083 
ch00_p1-pl2-sample32-sperm1.tif 4 2 0.7217804043037418 
ch00_p1-pl2-sample32-sperm9.tif 4 4 0.9605959996882397 
ch00_p1-pl2-sample33-sperm2.tif 4 4 0.9999981799330507 
ch00_p1-pl2-sample34-sperm8.tif 4 4 0.9446954940485424 
ch00_p1-pl2-sample35-sperm10.tif 4 1 0.9244023353283276 
ch00_p1-pl2-sample4-sperm16.tif 4 4 0.9182562763461233 
ch00_p1-pl2-sample7-sperm13.tif 4 1 0.9890696738953738 
ch00_p1-pl2-sample9-sperm18.tif 4 4 0.9411221423479095 
ch00_p1-pl3-sample10-sperm7.tif 4 4 0.9971518606928623 
ch00_p1-pl3-sample12-sperm6.tif 4 4 0.9347620913281612 
ch00_p1-pl3-sample12-sperm8.tif 4 4 0.9999995156562886 
ch00_p1-pl3-sample14-sperm1.tif 4 2 0.8092756071050824 
ch00_p1-pl3-sample14-sperm16.tif 4 4 0.6738055239526458 
ch00_p1-pl3-sample14-sperm6.tif 4 4 0.9915171671001958 
ch00_p1-pl3-sample14-sperm7.tif 4 4 0.6461720395191795 
ch00_p1-pl3-sample15-sperm12.tif 4 4 0.9874827645279302 
ch00_p1-pl3-sample15-sperm20.tif 4 0 0.3405640363181427 
ch00_p1-pl3-sample15-sperm5.tif 4 4 0.9820421341752542 
ch00_p1-pl3-sample15-sperm9.tif 4 4 0.9999998868133656 
ch00_p1-pl3-sample17-sperm2.tif 4 4 0.8926850656586928 
ch00_p1-pl3-sample19-sperm8.tif 4 0 0.857334843004999 
ch00_p1-pl3-sample20-sperm7.tif 4 1 0.9949507491040127 
ch00_p1-pl3-sample20-sperm8.tif 4 4 0.987889525120999 
ch00_p1-pl3-sample21-sperm11.tif 4 4 0.9105281531993212 
ch00_p1-pl3-sample21-sperm3.tif 4 4 0.598741913922558 
ch00_p1-pl3-sample21-sperm4.tif 4 1 0.9819173914009529 
ch00_p1-pl3-sample21-sperm6.tif 4 4 0.8333225956574715 
ch00_p1-pl3-sample23-sperm18.tif 4 4 0.9999996126917537 
ch00_p1-pl3-sample23-sperm19.tif 4 4 0.9812793879405468 
ch00_p1-pl3-sample23-sperm2.tif 4 4 0.9999997249846863 
ch00_p1-pl3-sample24-sperm11.tif 4 4 0.5673711668128885 
ch00_p1-pl3-sample24-sperm14.tif 4 4 0.9883145665544005 
ch00_p1-pl3-sample24-sperm24.tif 4 4 0.6543949387227393 
ch00_p1-pl3-sample25-sperm11.tif 4 0 0.8795706352405309 
ch00_p1-pl3-sample3-sperm5.tif 4 4 0.7981995469642303 
ch00_p1-pl3-sample3-sperm8.tif 4 3 0.9626210375777765 
ch00_p1-pl3-sample4-sperm3.tif 4 4 0.5936790955280377 
ch00_p1-pl3-sample4-sperm8.tif 4 4 0.9999997964251159 
ch00_p1-pl3-sample4-sperm9.tif 4 2 0.811638031549902 
ch00_p1-pl3-sample5-sperm13.tif 4 3 0.7652735048746623 
ch00_p1-pl3-sample5-sperm4.tif 4 4 0.9999999409537672 
ch00_p1-pl3-sample5-sperm9.tif 4 4 0.7093709919256309 
ch00_p1-pl3-sample6-sperm4.tif 4 3 0.9995394920447871 
ch00_p1-pl3-sample6-sperm5.tif 4 1 0.7888079881429759 
ch00_p1-pl3-sample8-sperm6.tif 4 4 0.9825138773860229 
ch00_p1-pl3-sample9-sperm12.tif 4 4 0.9424418274424892 
ch00_p1-pl3-sample9-sperm14.tif 4 4 0.9098804088557367 
ch00_p3-pl1-sample1-sperm5.tif 4 1 0.999117359564991 
ch00_p3-pl1-sample11-sperm7.tif 4 1 0.9520958836122623 
ch00_p3-pl1-sample12-sperm7.tif 4 4 0.9999983668221648 
ch00_p3-pl1-sample13-sperm1.tif 4 1 0.999776834837319 
ch00_p3-pl1-sample16-sperm4.tif 4 4 0.9999999999929622 
ch00_p3-pl1-sample19-sperm3.tif 4 1 0.9995721306286155 
ch00_p3-pl1-sample19-sperm4.tif 4 4 0.9999996352204737 
ch00_p3-pl1-sample19-sperm9.tif 4 4 0.9954559811588143 
ch00_p3-pl1-sample20-sperm4.tif 4 1 0.9999441954927083 
ch00_p3-pl1-sample21-sperm4.tif 4 4 0.6644215268693762 
ch00_p3-pl1-sample23-sperm2.tif 4 4 0.9999992578171616 
ch00_p3-pl1-sample23-sperm7.tif 4 4 0.9999999999659592 
ch00_p3-pl1-sample25-sperm10.tif 4 1 0.987647754320838 
ch00_p3-pl1-sample25-sperm2.tif 4 4 0.9915947168889339 
ch00_p3-pl1-sample26-sperm3.tif 4 4 0.9978379287999747 
ch00_p3-pl1-sample3-sperm2.tif 4 3 0.9998639873717329 
ch00_p3-pl1-sample3-sperm6.tif 4 4 0.9999984562408437 
ch00_p3-pl1-sample3-sperm9.tif 4 1 0.9990719489307665 
ch00_p3-pl1-sample32-sperm4.tif 4 4 0.9968883192023076 
ch00_p3-pl1-sample32-sperm7.tif 4 1 0.99975621116882 
ch00_p3-pl1-sample4-sperm1.tif 4 1 0.9993172431006405 
ch00_p3-pl1-sample6-sperm3.tif 4 4 0.9915010572310572 
ch00_p3-pl1-sample7-sperm13.tif 4 4 0.9693893619245665 
ch00_p3-pl1-sample7-sperm6.tif 4 4 0.9944510461271351 
ch00_p3-pl1-sample7-sperm8.tif 4 4 0.9999993341668154 
ch00_p3-pl1-sample8-sperm3.tif 4 4 0.7786322294191967 
ch00_p4-pl1-sample1-sperm1.tif 4 0 0.7223087456942044 
ch00_p4-pl1-sample1-sperm8.tif 4 4 0.9981308820213723 
ch00_p4-pl1-sample10-sperm12.tif 4 3 0.5783274699334011 
ch00_p4-pl1-sample10-sperm16.tif 4 4 0.9698111686894757 
ch00_p4-pl1-sample10-sperm20.tif 4 4 0.918839361896898 
ch00_p4-pl1-sample11-sperm8.tif 4 0 0.9869539053484339 
ch00_p4-pl1-sample12-sperm6.tif 4 4 0.9999999996180012 
ch00_p4-pl1-sample13-sperm3.tif 4 4 0.9864146539288153 
ch00_p4-pl1-sample13-sperm8.tif 4 4 0.9760955719194898 
ch00_p4-pl1-sample14-sperm13.tif 4 4 0.9759536154574755 
ch00_p4-pl1-sample14-sperm4.tif 4 0 0.998640145301965 
ch00_p4-pl1-sample14-sperm5.tif 4 4 0.9999999803755352 
ch00_p4-pl1-sample16-sperm13.tif 4 4 0.999999061483626 
ch00_p4-pl1-sample16-sperm17.tif 4 4 0.9999999995539043 
ch00_p4-pl1-sample16-sperm7.tif 4 4 0.9999999541007838 
ch00_p4-pl1-sample18-sperm1.tif 4 4 0.9909471474846904 
ch00_p4-pl1-sample19-sperm6.tif 4 2 0.9575596378466882 
ch00_p4-pl1-sample2-sperm1.tif 4 4 0.634169909647751 
ch00_p4-pl1-sample20-sperm10.tif 4 4 0.4981538213035199 
ch00_p4-pl1-sample3-sperm11.tif 4 4 0.5650621354262686 
ch00_p4-pl1-sample3-sperm6.tif 4 2 0.8358818097150282 
ch00_p4-pl1-sample3-sperm9.tif 4 3 0.8448453941377602 
ch00_p4-pl1-sample4-sperm10.tif 4 4 0.9950024640230226 
ch00_p4-pl1-sample4-sperm12.tif 4 4 0.9971979611525914 
ch00_p4-pl1-sample4-sperm14.tif 4 0 0.7369255004538621 
ch00_p4-pl1-sample4-sperm16.tif 4 4 0.9999997674427169 
ch00_p4-pl1-sample5-sperm1.tif 4 4 0.9952524168622328 
ch00_p4-pl1-sample5-sperm7.tif 4 4 0.999999974661429 
ch00_p4-pl1-sample6-sperm3.tif 4 3 0.9962165130892876 
ch00_p4-pl1-sample6-sperm7.tif 4 4 0.9958492047675908 
ch00_p4-pl1-sample6-sperm9.tif 4 4 0.9999999940055101 
ch00_p4-pl1-sample7-sperm13.tif 4 4 0.9999999869637206 
ch00_p4-pl1-sample7-sperm2.tif 4 4 0.9999999985997678 
ch00_p4-pl1-sample8-sperm1.tif 4 4 0.9772743935590099 
ch00_p4-pl1-sample8-sperm7.tif 4 4 0.9829052265864824 
ch00_p4-pl1-sample8-sperm9.tif 4 4 0.9970857727119412 
ch00_p4-pl1-sample9-sperm15.tif 4 4 0.979078344573029 
ch00_p4-pl1-sample9-sperm2.tif 4 4 0.9999999999968451 
ch00_p4-pl1-sample9-sperm4.tif 4 4 0.9716903080339009 
ch00_p4-pl1-sample9-sperm6.tif 4 4 0.897619370614529 
ch00_p4-pl2-sample10-sperm1.tif 4 4 0.9429863909150263 
ch00_p4-pl2-sample11-sperm2.tif 4 4 0.9999999914911105 
ch00_p4-pl2-sample12-sperm10.tif 4 4 0.9974896888607802 
ch00_p4-pl2-sample12-sperm9.tif 4 4 0.9068135654663871 
ch00_p4-pl2-sample13-sperm10.tif 4 4 0.9912193260977523 
ch00_p4-pl2-sample13-sperm2.tif 4 4 0.9773452278103739 
ch00_p4-pl2-sample13-sperm7.tif 4 4 0.5137221032103728 
ch00_p4-pl2-sample14-sperm10.tif 4 0 0.7483325122268168 
ch00_p4-pl2-sample14-sperm8.tif 4 4 0.8423725687963148 
ch00_p4-pl2-sample15-sperm1.tif 4 4 0.9986345252844065 
ch00_p4-pl2-sample17-sperm3.tif 4 4 0.9989281419282695 
ch00_p4-pl2-sample18-sperm7.tif 4 4 0.9999995312674076 
ch00_p4-pl2-sample18-sperm8.tif 4 4 0.960171288457285 
ch00_p4-pl2-sample18-sperm9.tif 4 4 0.9982103353709345 
ch00_p4-pl2-sample19-sperm1.tif 4 4 0.9560183770274875 
ch00_p4-pl2-sample19-sperm4.tif 4 4 0.999999765449453 
ch00_p4-pl2-sample19-sperm7.tif 4 4 0.999999999974554 
ch00_p4-pl2-sample2-sperm5.tif 4 4 0.9999999970635842 
ch00_p4-pl2-sample20-sperm2.tif 4 4 0.9999999964919466 
ch00_p4-pl2-sample20-sperm5.tif 4 4 0.9713471047180531 
ch00_p4-pl2-sample20-sperm8.tif 4 4 0.9958206494443163 
ch00_p4-pl2-sample5-sperm1.tif 4 4 0.962700460277474 
ch00_p4-pl2-sample5-sperm5.tif 4 4 0.7725496587815384 
ch00_p4-pl2-sample6-sperm6.tif 4 2 0.701956638293973 
ch00_p4-pl2-sample7-sperm5.tif 4 4 0.9999998333319512 
ch00_p4-pl2-sample7-sperm6.tif 4 4 0.7356510569496871 
ch00_p4-pl2-sample8-sperm9.tif 4 4 0.9999999999998476 
ch00_p5-pl1-sample1-sperm3.tif 4 4 0.9927723291035928 
ch00_p5-pl1-sample1-sperm5.tif 4 4 0.9999981112733998 
ch00_p5-pl1-sample1-sperm6.tif 4 4 0.9371674983011213 
ch00_p5-pl1-sample12-sperm13.tif 4 4 0.9999997563207808 
ch00_p5-pl1-sample12-sperm14.tif 4 4 0.9954564931965021 
ch00_p5-pl1-sample15-sperm4.tif 4 4 0.9999997852358484 
ch00_p5-pl1-sample15-sperm7.tif 4 1 0.9650470709317602 
ch00_p5-pl1-sample16-sperm3.tif 4 4 0.878673405644876 
ch00_p5-pl1-sample17-sperm13.tif 4 4 0.9950376298857093 
ch00_p5-pl1-sample18-sperm6.tif 4 4 0.9999999470241822 
ch00_p5-pl1-sample2-sperm10.tif 4 4 0.9999998742778001 
ch00_p5-pl1-sample2-sperm13.tif 4 4 0.999999941239306 
ch00_p5-pl1-sample2-sperm6.tif 4 4 0.9999999991827327 
ch00_p5-pl1-sample20-sperm6.tif 4 4 0.9958308585500013 
ch00_p5-pl1-sample3-sperm15.tif 4 4 0.9983262936580495 
ch00_p5-pl1-sample3-sperm23.tif 4 4 0.9813296008345421 
ch00_p5-pl1-sample3-sperm5.tif 4 4 0.6173281627250654 
ch00_p5-pl1-sample3-sperm7.tif 4 1 0.9984961773218944 
ch00_p5-pl1-sample4-sperm5.tif 4 4 0.9999997304721122 
ch00_p5-pl1-sample5-sperm15.tif 4 4 0.8059544822031268 
ch00_p5-pl1-sample6-sperm9.tif 4 0 0.4580311900248071 
ch00_p5-pl1-sample9-sperm1.tif 4 4 0.9949899425961242 
ch00_p5-pl1-sample9-sperm4.tif 4 4 0.9999979564254112 
ch00_p5-pl1-sample9-sperm5.tif 4 3 0.9999477193163369 
