ch00_p1-pl2-sample1-sperm10.tif 0 2 0.5753094307503585 
ch00_p1-pl2-sample1-sperm3.tif 0 0 0.9931976735827708 
ch00_p1-pl2-sample10-sperm4.tif 0 0 0.9269382594706339 
ch00_p1-pl2-sample13-sperm11.tif 0 0 0.9379957309858854 
ch00_p1-pl2-sample14-sperm9.tif 0 4 0.9963392254165722 
ch00_p1-pl2-sample25-sperm4.tif 0 4 0.9952084509940202 
ch00_p1-pl2-sample3-sperm12.tif 0 4 0.9824650293712994 
ch00_p1-pl2-sample3-sperm4.tif 0 0 0.9422294157126755 
ch00_p1-pl2-sample9-sperm7.tif 0 0 0.6735616100964442 
ch00_p1-pl3-sample1-sperm17.tif 0 0 0.9672325059049517 
ch00_p1-pl3-sample12-sperm1.tif 0 4 0.8753352648180848 
ch00_p1-pl3-sample13-sperm3.tif 0 4 0.957550087341173 
ch00_p1-pl3-sample15-sperm10.tif 0 0 0.5484010437725608 
ch00_p1-pl3-sample15-sperm22.tif 0 3 0.8832908325977604 
ch00_p1-pl3-sample16-sperm10.tif 0 0 0.993719025110526 
ch00_p1-pl3-sample17-sperm5.tif 0 0 0.6809682289493925 
ch00_p1-pl3-sample2-sperm7.tif 0 0 0.9995966025059676 
ch00_p1-pl3-sample6-sperm11.tif 0 4 0.6783790808039118 
ch00_p3-pl1-sample13-sperm3.tif 0 0 0.5787999379447998 
ch00_p3-pl1-sample21-sperm2.tif 0 0 0.9983452640493371 
ch00_p3-pl1-sample25-sperm12.tif 0 0 0.9984149124181755 
ch00_p3-pl1-sample3-sperm4.tif 0 0 0.9981447078404917 
ch00_p4-pl1-sample13-sperm6.tif 0 3 0.850157954151876 
ch00_p4-pl1-sample13-sperm9.tif 0 4 0.9999998941293181 
ch00_p4-pl1-sample19-sperm1.tif 0 0 0.5023151123396864 
ch00_p4-pl1-sample2-sperm11.tif 0 0 0.8795750982461643 
ch00_p4-pl1-sample20-sperm7.tif 0 4 0.9999999617590465 
ch00_p4-pl2-sample17-sperm5.tif 0 4 0.9999999321016323 
ch00_p4-pl2-sample5-sperm6.tif 0 4 0.9056396720144091 
ch00_p5-pl1-sample7-sperm9.tif 0 0 0.8574006307174972 
ch00_p1-pl2-sample11-sperm10.tif 1 4 0.8351915695432278 
ch00_p1-pl2-sample11-sperm12.tif 1 1 0.9999994912316983 
ch00_p1-pl2-sample13-sperm10.tif 1 1 0.5584478451173728 
ch00_p1-pl2-sample13-sperm18.tif 1 1 0.9932971191084121 
ch00_p1-pl2-sample15-sperm3.tif 1 1 0.938572417369469 
ch00_p1-pl2-sample19-sperm14.tif 1 1 0.7805287440377157 
ch00_p1-pl2-sample19-sperm8.tif 1 4 0.9999999779307257 
ch00_p1-pl2-sample2-sperm12.tif 1 1 0.9988355051802161 
ch00_p1-pl2-sample2-sperm4.tif 1 1 0.9908872622977108 
ch00_p1-pl2-sample20-sperm7.tif 1 4 0.999999988000346 
ch00_p1-pl2-sample22-sperm6.tif 1 4 0.9089108222021154 
ch00_p1-pl2-sample23-sperm10.tif 1 4 0.7035551596972467 
ch00_p1-pl2-sample25-sperm5.tif 1 1 0.998914473180178 
ch00_p1-pl2-sample3-sperm10.tif 1 1 0.9999951678633477 
ch00_p1-pl2-sample31-sperm4.tif 1 1 0.9999769883849373 
ch00_p1-pl2-sample32-sperm10.tif 1 1 0.998954151493853 
ch00_p1-pl2-sample35-sperm7.tif 1 1 0.99924820152329 
ch00_p1-pl2-sample4-sperm18.tif 1 1 0.9989945042303084 
ch00_p1-pl2-sample6-sperm10.tif 1 1 0.9999998095187608 
ch00_p1-pl2-sample6-sperm11.tif 1 1 0.5683025248266576 
ch00_p1-pl2-sample6-sperm3.tif 1 1 0.9988072920434911 
ch00_p1-pl2-sample7-sperm11.tif 1 1 0.999999673890987 
ch00_p1-pl2-sample7-sperm3.tif 1 4 0.9906721898671385 
ch00_p1-pl3-sample10-sperm4.tif 1 4 0.9999996991245977 
ch00_p1-pl3-sample11-sperm10.tif 1 1 0.9999265953793179 
ch00_p1-pl3-sample11-sperm9.tif 1 1 0.9999327182488166 
ch00_p1-pl3-sample12-sperm2.tif 1 4 0.9540516298579298 
ch00_p1-pl3-sample12-sperm5.tif 1 4 0.9484468783498436 
ch00_p1-pl3-sample13-sperm4.tif 1 4 0.9999984806032032 
ch00_p1-pl3-sample14-sperm10.tif 1 4 0.9651202873504393 
ch00_p1-pl3-sample18-sperm4.tif 1 1 0.9999997637965158 
ch00_p1-pl3-sample24-sperm17.tif 1 4 0.5976468888038399 
ch00_p1-pl3-sample24-sperm2.tif 1 1 0.9419707805584214 
ch00_p1-pl3-sample7-sperm6.tif 1 1 0.9896891823342195 
ch00_p1-pl3-sample8-sperm10.tif 1 4 0.7799139194875047 
ch00_p1-pl3-sample9-sperm13.tif 1 4 0.85731386141217 
ch00_p3-pl1-sample10-sperm2.tif 1 1 0.9999613236175944 
ch00_p3-pl1-sample11-sperm2.tif 1 1 0.9859917234403847 
ch00_p3-pl1-sample15-sperm9.tif 1 4 0.9159395527667786 
ch00_p3-pl1-sample17-sperm2.tif 1 1 0.9694700605271874 
ch00_p3-pl1-sample19-sperm5.tif 1 1 0.999996883841337 
ch00_p3-pl1-sample21-sperm7.tif 1 1 0.9998522131187807 
ch00_p3-pl1-sample23-sperm11.tif 1 1 0.9374836886950509 
ch00_p3-pl1-sample25-sperm11.tif 1 1 0.9999980499943356 
ch00_p3-pl1-sample26-sperm6.tif 1 1 0.9999516400358428 
ch00_p3-pl1-sample28-sperm7.tif 1 4 0.6823945070100513 
ch00_p3-pl1-sample29-sperm6.tif 1 1 0.9999998126582234 
ch00_p3-pl1-sample3-sperm10.tif 1 1 0.9999981743347858 
ch00_p3-pl1-sample31-sperm6.tif 1 1 0.9983618295110629 
ch00_p3-pl1-sample4-sperm2.tif 1 1 0.9999945103610948 
ch00_p4-pl1-sample1-sperm11.tif 1 1 0.6913395454840976 
ch00_p4-pl1-sample1-sperm2.tif 1 4 0.868378106948387 
ch00_p4-pl1-sample1-sperm4.tif 1 1 0.9880121304794051 
ch00_p4-pl1-sample12-sperm5.tif 1 4 0.9966550794283566 
ch00_p4-pl1-sample16-sperm6.tif 1 4 0.9832890411509536 
ch00_p4-pl1-sample19-sperm3.tif 1 1 0.7645026160423027 
ch00_p4-pl1-sample3-sperm4.tif 1 4 0.9605626335423202 
ch00_p4-pl1-sample6-sperm5.tif 1 1 0.9991722389968711 
ch00_p4-pl1-sample8-sperm14.tif 1 4 0.999999259553805 
ch00_p4-pl1-sample9-sperm16.tif 1 1 0.9843750049559601 
ch00_p4-pl2-sample11-sperm1.tif 1 4 0.8035975544063043 
ch00_p4-pl2-sample4-sperm3.tif 1 4 0.8084096797870496 
ch00_p4-pl2-sample5-sperm7.tif 1 1 0.8601555036865794 
ch00_p5-pl1-sample14-sperm1.tif 1 1 0.9710997974775925 
ch00_p5-pl1-sample14-sperm5.tif 1 1 0.7727698100264969 
ch00_p5-pl1-sample20-sperm9.tif 1 4 0.5644999644634183 
ch00_p5-pl1-sample5-sperm16.tif 1 1 0.787391003369549 
ch00_p5-pl1-sample6-sperm16.tif 1 4 0.888727755577293 
ch00_p1-pl2-sample10-sperm13.tif 2 4 0.9979010768456742 
ch00_p1-pl2-sample10-sperm7.tif 2 1 0.9999406255570018 
ch00_p1-pl2-sample13-sperm4.tif 2 4 0.9948764647871916 
ch00_p1-pl2-sample15-sperm2.tif 2 4 0.9680522209433059 
ch00_p1-pl2-sample17-sperm10.tif 2 4 0.7184991866751933 
ch00_p1-pl2-sample33-sperm13.tif 2 4 0.6719917809476308 
ch00_p1-pl2-sample34-sperm5.tif 2 1 0.9052156496917689 
ch00_p1-pl2-sample8-sperm4.tif 2 1 0.9931924112363493 
ch00_p1-pl3-sample18-sperm7.tif 2 4 0.7911462085028462 
ch00_p1-pl3-sample4-sperm6.tif 2 4 0.9999992827521305 
ch00_p1-pl3-sample6-sperm17.tif 2 4 0.9877916941172877 
ch00_p1-pl3-sample6-sperm9.tif 2 0 0.5365313945200265 
ch00_p3-pl1-sample14-sperm8.tif 2 4 0.9999978388242208 
ch00_p3-pl1-sample29-sperm10.tif 2 3 0.9460379762591253 
ch00_p4-pl1-sample13-sperm4.tif 2 4 0.9966853123229057 
ch00_p4-pl1-sample16-sperm4.tif 2 4 0.9999989434573319 
ch00_p4-pl1-sample17-sperm8.tif 2 1 0.9388873950385868 
ch00_p4-pl1-sample2-sperm8.tif 2 4 0.6022684374643783 
ch00_p4-pl1-sample4-sperm6.tif 2 1 0.5135205720572428 
ch00_p4-pl1-sample5-sperm10.tif 2 4 0.8263152870851457 
ch00_p4-pl1-sample5-sperm5.tif 2 4 0.9357079481493947 
ch00_p4-pl1-sample7-sperm15.tif 2 2 0.436621137123058 
ch00_p1-pl2-sample11-sperm3.tif 3 4 0.9565028131578424 
ch00_p1-pl2-sample17-sperm6.tif 3 4 0.9985847838658031 
ch00_p1-pl2-sample18-sperm4.tif 3 4 0.8323122015950545 
ch00_p1-pl2-sample21-sperm7.tif 3 3 0.5065707171916621 
ch00_p1-pl2-sample25-sperm9.tif 3 0 0.9897202116237336 
ch00_p1-pl2-sample4-sperm12.tif 3 4 0.9999999791341312 
ch00_p1-pl2-sample5-sperm15.tif 3 4 0.9864714826935954 
ch00_p1-pl2-sample5-sperm4.tif 3 4 0.9999999894289846 
ch00_p1-pl3-sample13-sperm12.tif 3 4 0.9999999999925623 
ch00_p1-pl3-sample15-sperm11.tif 3 4 0.9888315762956486 
ch00_p1-pl3-sample21-sperm8.tif 3 0 0.999491513232089 
ch00_p1-pl3-sample23-sperm13.tif 3 4 0.8600986295795625 
ch00_p1-pl3-sample23-sperm15.tif 3 4 0.9999988534431147 
ch00_p1-pl3-sample24-sperm1.tif 3 3 0.5414819101526405 
ch00_p3-pl1-sample10-sperm1.tif 3 0 0.9152932382108598 
ch00_p3-pl1-sample14-sperm6.tif 3 3 0.9982962511792952 
ch00_p3-pl1-sample30-sperm1.tif 3 3 0.9992448891354048 
ch00_p4-pl1-sample6-sperm12.tif 3 3 0.8789362903863377 
ch00_p4-pl1-sample9-sperm14.tif 3 3 0.9871174085227146 
ch00_p4-pl2-sample12-sperm8.tif 3 4 0.9999988683378319 
ch00_p5-pl1-sample1-sperm4.tif 3 4 0.9189621893985335 
ch00_p1-pl2-sample1-sperm1.tif 4 4 0.9999999996945442 
ch00_p1-pl2-sample1-sperm2.tif 4 4 0.9999999992408741 
ch00_p1-pl2-sample10-sperm12.tif 4 4 0.9999993232698019 
ch00_p1-pl2-sample10-sperm8.tif 4 1 0.5003164331119069 
ch00_p1-pl2-sample11-sperm11.tif 4 4 0.9217037192501214 
ch00_p1-pl2-sample12-sperm11.tif 4 4 0.9999965458132342 
ch00_p1-pl2-sample12-sperm12.tif 4 4 0.9984336071369169 
ch00_p1-pl2-sample12-sperm2.tif 4 4 0.9830826683268127 
ch00_p1-pl2-sample12-sperm5.tif 4 4 0.9977938126837442 
ch00_p1-pl2-sample12-sperm7.tif 4 1 0.9591839967698701 
ch00_p1-pl2-sample14-sperm3.tif 4 4 0.9999998052847515 
ch00_p1-pl2-sample14-sperm8.tif 4 4 0.5967831254645852 
ch00_p1-pl2-sample17-sperm2.tif 4 1 0.5189469529587392 
ch00_p1-pl2-sample18-sperm2.tif 4 4 0.8975912775799644 
ch00_p1-pl2-sample20-sperm10.tif 4 1 0.45422640852012086 
ch00_p1-pl2-sample21-sperm10.tif 4 4 0.9999988134342361 
ch00_p1-pl2-sample24-sperm12.tif 4 4 0.6349623741678236 
ch00_p1-pl2-sample26-sperm1.tif 4 4 0.8063202492597796 
ch00_p1-pl2-sample28-sperm11.tif 4 4 0.6869499877126356 
ch00_p1-pl2-sample28-sperm3.tif 4 4 0.9981707632624464 
ch00_p1-pl2-sample28-sperm4.tif 4 3 0.9872100974264958 
ch00_p1-pl2-sample3-sperm13.tif 4 4 0.9286428405182874 
ch00_p1-pl2-sample31-sperm9.tif 4 4 0.9846415957530756 
ch00_p1-pl2-sample34-sperm11.tif 4 4 0.7936692103787016 
ch00_p1-pl2-sample34-sperm12.tif 4 4 0.9810121179013978 
ch00_p1-pl2-sample34-sperm6.tif 4 4 0.9610724506976657 
ch00_p1-pl2-sample34-sperm8.tif 4 3 0.9027557685735689 
ch00_p1-pl2-sample35-sperm10.tif 4 1 0.6224514600326023 
ch00_p1-pl2-sample35-sperm9.tif 4 3 0.5480420851182554 
ch00_p1-pl2-sample9-sperm18.tif 4 0 0.5007642719956992 
ch00_p1-pl3-sample1-sperm13.tif 4 4 0.9999999999517415 
ch00_p1-pl3-sample10-sperm3.tif 4 4 0.9904355295317153 
ch00_p1-pl3-sample11-sperm5.tif 4 4 0.9312649804576562 
ch00_p1-pl3-sample12-sperm16.tif 4 4 0.999999976619828 
ch00_p1-pl3-sample13-sperm9.tif 4 2 0.9988512264836585 
ch00_p1-pl3-sample14-sperm13.tif 4 0 0.8466538906982868 
ch00_p1-pl3-sample14-sperm16.tif 4 4 0.7571002554971327 
ch00_p1-pl3-sample15-sperm20.tif 4 3 0.9474525260129697 
ch00_p1-pl3-sample15-sperm9.tif 4 1 0.8936729408907068 
ch00_p1-pl3-sample17-sperm7.tif 4 4 0.6918459292650914 
ch00_p1-pl3-sample18-sperm6.tif 4 4 0.9999969075796197 
ch00_p1-pl3-sample19-sperm1.tif 4 4 0.951354003726676 
ch00_p1-pl3-sample19-sperm2.tif 4 4 0.9761839011408605 
ch00_p1-pl3-sample2-sperm11.tif 4 4 0.997885635617994 
ch00_p1-pl3-sample2-sperm12.tif 4 2 0.9835479641402162 
ch00_p1-pl3-sample2-sperm4.tif 4 0 0.9798802775369347 
ch00_p1-pl3-sample20-sperm12.tif 4 4 0.9999999953967783 
ch00_p1-pl3-sample20-sperm7.tif 4 1 0.6838352841235584 
ch00_p1-pl3-sample21-sperm3.tif 4 2 0.9896516130294916 
ch00_p1-pl3-sample21-sperm4.tif 4 1 0.7899483488048314 
ch00_p1-pl3-sample21-sperm6.tif 4 0 0.7322835036568961 
ch00_p1-pl3-sample22-sperm1.tif 4 4 0.6797299265383321 
ch00_p1-pl3-sample23-sperm17.tif 4 4 0.9999969698665 
ch00_p1-pl3-sample23-sperm3.tif 4 1 0.6098016886496237 
ch00_p1-pl3-sample24-sperm23.tif 4 4 0.9954982629378845 
ch00_p1-pl3-sample24-sperm5.tif 4 1 0.5814718885301614 
ch00_p1-pl3-sample24-sperm8.tif 4 4 0.9986136886111047 
ch00_p1-pl3-sample25-sperm9.tif 4 4 0.9387826634479329 
ch00_p1-pl3-sample3-sperm5.tif 4 4 0.9964985752993875 
ch00_p1-pl3-sample3-sperm7.tif 4 4 0.746783416106329 
ch00_p1-pl3-sample4-sperm3.tif 4 3 0.876806529440525 
ch00_p1-pl3-sample4-sperm9.tif 4 4 0.9989615269311536 
ch00_p1-pl3-sample5-sperm14.tif 4 4 0.9999986457181858 
ch00_p1-pl3-sample5-sperm9.tif 4 1 0.9968195928388158 
ch00_p1-pl3-sample6-sperm5.tif 4 1 0.9218630338515296 
ch00_p1-pl3-sample7-sperm2.tif 4 4 0.9999999800296898 
ch00_p1-pl3-sample7-sperm3.tif 4 4 0.9982303451948042 
ch00_p1-pl3-sample7-sperm7.tif 4 4 0.9689011627646814 
ch00_p1-pl3-sample8-sperm6.tif 4 4 0.9974204961879707 
ch00_p1-pl3-sample9-sperm14.tif 4 4 0.9199055117749877 
ch00_p3-pl1-sample1-sperm4.tif 4 4 0.9999999850884707 
ch00_p3-pl1-sample1-sperm5.tif 4 1 0.9997814916499287 
ch00_p3-pl1-sample10-sperm4.tif 4 4 0.8878780311703184 
ch00_p3-pl1-sample11-sperm7.tif 4 1 0.9876076093040468 
ch00_p3-pl1-sample12-sperm7.tif 4 4 0.7761249146023671 
ch00_p3-pl1-sample13-sperm1.tif 4 4 0.9703557815552696 
ch00_p3-pl1-sample18-sperm2.tif 4 4 0.5660199232090131 
ch00_p3-pl1-sample19-sperm3.tif 4 4 0.8378745631525987 
ch00_p3-pl1-sample2-sperm6.tif 4 4 0.9999999999998915 
ch00_p3-pl1-sample20-sperm4.tif 4 1 0.9241092362176819 
ch00_p3-pl1-sample21-sperm8.tif 4 3 0.9953023799206802 
ch00_p3-pl1-sample22-sperm8.tif 4 0 0.9975410016824178 
ch00_p3-pl1-sample23-sperm2.tif 4 4 0.6074137038086518 
ch00_p3-pl1-sample23-sperm7.tif 4 4 0.9999996687831485 
ch00_p3-pl1-sample24-sperm2.tif 4 4 0.9999996706047531 
ch00_p3-pl1-sample25-sperm10.tif 4 1 0.9994883467442542 
ch00_p3-pl1-sample25-sperm5.tif 4 1 0.5198759982687575 
ch00_p3-pl1-sample25-sperm8.tif 4 4 0.9999993516505667 
ch00_p3-pl1-sample26-sperm1.tif 4 4 0.9999999958426394 
ch00_p3-pl1-sample27-sperm3.tif 4 4 0.5481604305244215 
ch00_p3-pl1-sample29-sperm9.tif 4 4 0.9737088140755716 
ch00_p3-pl1-sample31-sperm7.tif 4 4 0.9999999121316417 
ch00_p3-pl1-sample32-sperm7.tif 4 1 0.9993616352813125 
ch00_p3-pl1-sample5-sperm3.tif 4 1 0.8554613682525746 
ch00_p3-pl1-sample5-sperm5.tif 4 4 0.9999999836199408 
ch00_p3-pl1-sample7-sperm6.tif 4 4 0.9999976931866019 
ch00_p4-pl1-sample1-sperm6.tif 4 4 0.999996519185653 
ch00_p4-pl1-sample1-sperm7.tif 4 4 0.9999999446060589 
ch00_p4-pl1-sample1-sperm9.tif 4 2 0.722969179636233 
ch00_p4-pl1-sample10-sperm15.tif 4 4 0.9426856938429278 
ch00_p4-pl1-sample10-sperm17.tif 4 4 0.9579339850411871 
ch00_p4-pl1-sample10-sperm20.tif 4 4 0.9984277501320165 
ch00_p4-pl1-sample10-sperm5.tif 4 4 0.9533733103043667 
ch00_p4-pl1-sample11-sperm5.tif 4 4 0.7781363879999241 
ch00_p4-pl1-sample12-sperm1.tif 4 1 0.9739916615561158 
ch00_p4-pl1-sample12-sperm11.tif 4 4 0.6969963331822052 
ch00_p4-pl1-sample12-sperm9.tif 4 4 0.9467477402995188 
ch00_p4-pl1-sample14-sperm12.tif 4 4 0.9924479067624855 
ch00_p4-pl1-sample14-sperm3.tif 4 4 0.9192550216480361 
ch00_p4-pl1-sample14-sperm7.tif 4 4 0.999999999999825 
ch00_p4-pl1-sample16-sperm1.tif 4 1 0.9999995118949926 
ch00_p4-pl1-sample16-sperm7.tif 4 4 0.8592848216041361 
ch00_p4-pl1-sample17-sperm5.tif 4 4 0.7945426624549184 
ch00_p4-pl1-sample18-sperm6.tif 4 4 0.997832040595641 
ch00_p4-pl1-sample2-sperm10.tif 4 4 0.9999999997940417 
ch00_p4-pl1-sample2-sperm12.tif 4 4 0.9999999692941941 
ch00_p4-pl1-sample2-sperm5.tif 4 4 0.9902361192258115 
ch00_p4-pl1-sample20-sperm10.tif 4 0 0.9885636561990137 
ch00_p4-pl1-sample20-sperm11.tif 4 4 0.9933422009337329 
ch00_p4-pl1-sample20-sperm6.tif 4 1 0.9723174565931543 
ch00_p4-pl1-sample4-sperm14.tif 4 4 0.9999999877556593 
ch00_p4-pl1-sample4-sperm3.tif 4 4 0.9999999672682202 
ch00_p4-pl1-sample6-sperm11.tif 4 4 0.9999982722676994 
ch00_p4-pl1-sample6-sperm4.tif 4 4 0.9304686648374114 
ch00_p4-pl1-sample6-sperm8.tif 4 4 0.6145424384844692 
ch00_p4-pl1-sample7-sperm10.tif 4 4 0.9999999774780389 
ch00_p4-pl1-sample7-sperm17.tif 4 4 0.9980651176641777 
ch00_p4-pl1-sample7-sperm2.tif 4 4 0.9999999645369305 
ch00_p4-pl1-sample7-sperm3.tif 4 4 0.9999999580429271 
ch00_p4-pl1-sample8-sperm10.tif 4 2 0.8932959810619652 
ch00_p4-pl1-sample8-sperm2.tif 4 4 0.9953028989780671 
ch00_p4-pl1-sample9-sperm11.tif 4 1 0.5927601999053296 
ch00_p4-pl1-sample9-sperm4.tif 4 4 0.9927291594088601 
ch00_p4-pl1-sample9-sperm9.tif 4 4 0.9690964347318779 
ch00_p4-pl2-sample10-sperm10.tif 4 4 0.9889919550957172 
ch00_p4-pl2-sample10-sperm12.tif 4 4 0.9599590700691933 
ch00_p4-pl2-sample10-sperm6.tif 4 4 0.9999999885847153 
ch00_p4-pl2-sample11-sperm2.tif 4 4 0.9999952358584839 
ch00_p4-pl2-sample11-sperm3.tif 4 4 0.9999995357728517 
ch00_p4-pl2-sample12-sperm1.tif 4 4 0.9754691581310003 
ch00_p4-pl2-sample12-sperm7.tif 4 4 0.9981984803513807 
ch00_p4-pl2-sample14-sperm10.tif 4 0 0.9941354061144331 
ch00_p4-pl2-sample15-sperm1.tif 4 4 0.9858726487288924 
ch00_p4-pl2-sample15-sperm4.tif 4 3 0.9017278792570997 
ch00_p4-pl2-sample16-sperm5.tif 4 4 0.9999999999801348 
ch00_p4-pl2-sample16-sperm7.tif 4 2 0.8707874614802998 
ch00_p4-pl2-sample17-sperm2.tif 4 4 0.9985702380798497 
ch00_p4-pl2-sample17-sperm4.tif 4 1 0.8959976903310269 
ch00_p4-pl2-sample18-sperm3.tif 4 4 0.9660529586508675 
ch00_p4-pl2-sample18-sperm5.tif 4 4 0.9912373057990779 
ch00_p4-pl2-sample18-sperm6.tif 4 1 0.8969264078297174 
ch00_p4-pl2-sample18-sperm8.tif 4 1 0.71315557773164 
ch00_p4-pl2-sample19-sperm2.tif 4 4 0.6766239339023234 
ch00_p4-pl2-sample19-sperm7.tif 4 4 0.9984224755728379 
ch00_p4-pl2-sample3-sperm4.tif 4 1 0.9893214418593266 
ch00_p4-pl2-sample3-sperm5.tif 4 4 0.9999993871820176 
ch00_p4-pl2-sample3-sperm9.tif 4 4 0.99999998929032 
ch00_p4-pl2-sample4-sperm7.tif 4 4 0.9999998501720979 
ch00_p4-pl2-sample4-sperm9.tif 4 4 0.9999984390638198 
ch00_p4-pl2-sample5-sperm1.tif 4 4 0.9999993498789309 
ch00_p4-pl2-sample5-sperm5.tif 4 3 0.8232007493262783 
ch00_p4-pl2-sample6-sperm2.tif 4 4 0.8269095008785401 
ch00_p4-pl2-sample6-sperm6.tif 4 2 0.9995779002665508 
ch00_p4-pl2-sample7-sperm10.tif 4 4 0.9983894217831526 
ch00_p4-pl2-sample7-sperm6.tif 4 1 0.6039135406154813 
ch00_p4-pl2-sample7-sperm9.tif 4 4 0.9999999982319362 
ch00_p4-pl2-sample8-sperm1.tif 4 3 0.9268961195963846 
ch00_p4-pl2-sample8-sperm2.tif 4 4 0.9972012199912862 
ch00_p4-pl2-sample9-sperm7.tif 4 4 0.9356744657081358 
ch00_p5-pl1-sample1-sperm7.tif 4 4 0.7857245588506924 
ch00_p5-pl1-sample10-sperm6.tif 4 4 0.594216231819102 
ch00_p5-pl1-sample11-sperm10.tif 4 3 0.9393077858314708 
ch00_p5-pl1-sample12-sperm10.tif 4 4 0.9949988475149325 
ch00_p5-pl1-sample12-sperm13.tif 4 4 0.9918045756505297 
ch00_p5-pl1-sample12-sperm5.tif 4 4 0.9999999920662274 
ch00_p5-pl1-sample13-sperm6.tif 4 4 0.9766428731884608 
ch00_p5-pl1-sample15-sperm2.tif 4 4 0.9949128839826276 
ch00_p5-pl1-sample15-sperm3.tif 4 4 0.9999999817452864 
ch00_p5-pl1-sample15-sperm4.tif 4 4 0.9753771378982811 
ch00_p5-pl1-sample17-sperm10.tif 4 3 0.8651178441536038 
ch00_p5-pl1-sample17-sperm17.tif 4 4 0.9999998757507352 
ch00_p5-pl1-sample18-sperm3.tif 4 0 0.4721311425914087 
ch00_p5-pl1-sample18-sperm6.tif 4 4 0.9999999023369857 
ch00_p5-pl1-sample2-sperm10.tif 4 4 0.9949327333166483 
ch00_p5-pl1-sample2-sperm3.tif 4 4 0.8689059328777925 
ch00_p5-pl1-sample2-sperm6.tif 4 3 0.8852143922016306 
ch00_p5-pl1-sample20-sperm12.tif 4 4 0.9999999999641039 
ch00_p5-pl1-sample20-sperm2.tif 4 4 0.9954799990080521 
ch00_p5-pl1-sample20-sperm7.tif 4 1 0.9250757162388773 
ch00_p5-pl1-sample3-sperm13.tif 4 4 0.9914271590588679 
ch00_p5-pl1-sample3-sperm15.tif 4 4 0.9679150658509443 
ch00_p5-pl1-sample3-sperm5.tif 4 0 0.7374945313368002 
ch00_p5-pl1-sample4-sperm10.tif 4 3 0.9928154397442264 
ch00_p5-pl1-sample4-sperm7.tif 4 4 0.9879383132552112 
ch00_p5-pl1-sample5-sperm9.tif 4 1 0.9913758064379495 
ch00_p5-pl1-sample9-sperm4.tif 4 3 0.9722763372189562 
