ch00_p1-pl2-sample1-sperm10.tif 0 0 0.9942295233847365 
ch00_p1-pl2-sample1-sperm3.tif 0 0 0.9997561646231506 
ch00_p1-pl2-sample10-sperm4.tif 0 0 0.9587915419192121 
ch00_p1-pl2-sample13-sperm11.tif 0 0 0.993196465642463 
ch00_p1-pl2-sample14-sperm9.tif 0 4 0.9786579901012076 
ch00_p1-pl2-sample25-sperm4.tif 0 4 0.994669667312903 
ch00_p1-pl2-sample3-sperm12.tif 0 4 0.9955400850354614 
ch00_p1-pl2-sample3-sperm4.tif 0 4 0.9312023419685947 
ch00_p1-pl2-sample9-sperm7.tif 0 0 0.9962233396288653 
ch00_p1-pl3-sample1-sperm17.tif 0 0 0.6521737627238018 
ch00_p1-pl3-sample12-sperm1.tif 0 4 0.7990664051443146 
ch00_p1-pl3-sample13-sperm3.tif 0 4 0.9967650611871613 
ch00_p1-pl3-sample15-sperm10.tif 0 0 0.7116808249793458 
ch00_p1-pl3-sample15-sperm22.tif 0 3 0.9999985137205848 
ch00_p1-pl3-sample16-sperm10.tif 0 0 0.8199295817459961 
ch00_p1-pl3-sample17-sperm5.tif 0 0 0.6837967862920278 
ch00_p1-pl3-sample2-sperm7.tif 0 0 0.9889414760356181 
ch00_p1-pl3-sample6-sperm11.tif 0 0 0.6121105238915224 
ch00_p3-pl1-sample13-sperm3.tif 0 0 0.9964708886816089 
ch00_p3-pl1-sample21-sperm2.tif 0 0 0.9934053617706218 
ch00_p3-pl1-sample25-sperm12.tif 0 0 0.9983836775854495 
ch00_p3-pl1-sample3-sperm4.tif 0 0 0.9844074181191854 
ch00_p4-pl1-sample13-sperm6.tif 0 3 0.8364787536856004 
ch00_p4-pl1-sample13-sperm9.tif 0 4 0.9970829024042025 
ch00_p4-pl1-sample19-sperm1.tif 0 4 0.9902808434426804 
ch00_p4-pl1-sample2-sperm11.tif 0 3 0.7654070673410501 
ch00_p4-pl1-sample20-sperm7.tif 0 4 0.9964312305333852 
ch00_p4-pl2-sample17-sperm5.tif 0 4 0.987975044689913 
ch00_p4-pl2-sample5-sperm6.tif 0 0 0.5578131476659869 
ch00_p5-pl1-sample7-sperm9.tif 0 4 0.7117160205300116 
ch00_p1-pl2-sample11-sperm10.tif 1 4 0.8712280632038303 
ch00_p1-pl2-sample11-sperm12.tif 1 1 0.998269529413142 
ch00_p1-pl2-sample13-sperm10.tif 1 1 0.886815946680507 
ch00_p1-pl2-sample13-sperm18.tif 1 1 0.8755507998150809 
ch00_p1-pl2-sample15-sperm3.tif 1 1 0.9263584991890966 
ch00_p1-pl2-sample19-sperm14.tif 1 1 0.8301361758520793 
ch00_p1-pl2-sample19-sperm8.tif 1 4 0.9875512311925203 
ch00_p1-pl2-sample2-sperm12.tif 1 1 0.9916929483354476 
ch00_p1-pl2-sample2-sperm4.tif 1 1 0.9597458072522619 
ch00_p1-pl2-sample20-sperm7.tif 1 4 0.999998192567535 
ch00_p1-pl2-sample22-sperm6.tif 1 1 0.5314339327042298 
ch00_p1-pl2-sample23-sperm10.tif 1 1 0.9994710697765491 
ch00_p1-pl2-sample25-sperm5.tif 1 1 0.9845454650390236 
ch00_p1-pl2-sample3-sperm10.tif 1 1 0.9020802186448701 
ch00_p1-pl2-sample31-sperm4.tif 1 1 0.9963349019056764 
ch00_p1-pl2-sample32-sperm10.tif 1 4 0.9921442108040519 
ch00_p1-pl2-sample35-sperm7.tif 1 1 0.7678686182600732 
ch00_p1-pl2-sample4-sperm18.tif 1 1 0.9531107247490177 
ch00_p1-pl2-sample6-sperm10.tif 1 1 0.9957704128705992 
ch00_p1-pl2-sample6-sperm11.tif 1 4 0.9990653689060889 
ch00_p1-pl2-sample6-sperm3.tif 1 1 0.9586600458911455 
ch00_p1-pl2-sample7-sperm11.tif 1 1 0.9985498411074075 
ch00_p1-pl2-sample7-sperm3.tif 1 4 0.9018864273280901 
ch00_p1-pl3-sample10-sperm4.tif 1 4 0.9999990557882052 
ch00_p1-pl3-sample11-sperm10.tif 1 4 0.7839174651464674 
ch00_p1-pl3-sample11-sperm9.tif 1 1 0.9029876644312952 
ch00_p1-pl3-sample12-sperm2.tif 1 4 0.9928100982769097 
ch00_p1-pl3-sample12-sperm5.tif 1 1 0.9385652789714387 
ch00_p1-pl3-sample13-sperm4.tif 1 4 0.9918165862546043 
ch00_p1-pl3-sample14-sperm10.tif 1 4 0.99999992654372 
ch00_p1-pl3-sample18-sperm4.tif 1 1 0.9984084210182181 
ch00_p1-pl3-sample24-sperm17.tif 1 2 0.9823803121486201 
ch00_p1-pl3-sample24-sperm2.tif 1 4 0.9999997877551977 
ch00_p1-pl3-sample7-sperm6.tif 1 1 0.9958545792029985 
ch00_p1-pl3-sample8-sperm10.tif 1 1 0.5126390718277716 
ch00_p1-pl3-sample9-sperm13.tif 1 1 0.5800745906547801 
ch00_p3-pl1-sample10-sperm2.tif 1 1 0.9986387770598829 
ch00_p3-pl1-sample11-sperm2.tif 1 0 0.7634315674987067 
ch00_p3-pl1-sample15-sperm9.tif 1 4 0.9980595017057776 
ch00_p3-pl1-sample17-sperm2.tif 1 1 0.9977008397543157 
ch00_p3-pl1-sample19-sperm5.tif 1 1 0.933598883192936 
ch00_p3-pl1-sample21-sperm7.tif 1 1 0.996809767018547 
ch00_p3-pl1-sample23-sperm11.tif 1 1 0.8989785135667019 
ch00_p3-pl1-sample25-sperm11.tif 1 1 0.9873953565836628 
ch00_p3-pl1-sample26-sperm6.tif 1 1 0.9911782513240782 
ch00_p3-pl1-sample28-sperm7.tif 1 4 0.9792979146652153 
ch00_p3-pl1-sample29-sperm6.tif 1 1 0.9991736987748691 
ch00_p3-pl1-sample3-sperm10.tif 1 1 0.9981710461994872 
ch00_p3-pl1-sample31-sperm6.tif 1 4 0.9887231967213692 
ch00_p3-pl1-sample4-sperm2.tif 1 1 0.9943973705409596 
ch00_p4-pl1-sample1-sperm11.tif 1 4 0.9972236893806598 
ch00_p4-pl1-sample1-sperm2.tif 1 4 0.79246785589377 
ch00_p4-pl1-sample1-sperm4.tif 1 1 0.9927630577264259 
ch00_p4-pl1-sample12-sperm5.tif 1 4 0.7919415612431091 
ch00_p4-pl1-sample16-sperm6.tif 1 4 0.9483840126300085 
ch00_p4-pl1-sample19-sperm3.tif 1 4 0.8604827834918475 
ch00_p4-pl1-sample3-sperm4.tif 1 4 0.9999991410149972 
ch00_p4-pl1-sample6-sperm5.tif 1 1 0.9546564743942794 
ch00_p4-pl1-sample8-sperm14.tif 1 4 0.980142778565621 
ch00_p4-pl1-sample9-sperm16.tif 1 1 0.9445054282681645 
ch00_p4-pl2-sample11-sperm1.tif 1 4 0.9941721841292782 
ch00_p4-pl2-sample4-sperm3.tif 1 4 0.9999991231153165 
ch00_p4-pl2-sample5-sperm7.tif 1 1 0.9992430541130013 
ch00_p5-pl1-sample14-sperm1.tif 1 1 0.6960186894924505 
ch00_p5-pl1-sample14-sperm5.tif 1 1 0.7046684089298434 
ch00_p5-pl1-sample20-sperm9.tif 1 1 0.5776818101608232 
ch00_p5-pl1-sample5-sperm16.tif 1 4 0.9891538378068916 
ch00_p5-pl1-sample6-sperm16.tif 1 1 0.7721177651685726 
ch00_p1-pl2-sample10-sperm13.tif 2 4 0.9957571543681433 
ch00_p1-pl2-sample10-sperm7.tif 2 1 0.9874181268123965 
ch00_p1-pl2-sample13-sperm4.tif 2 4 0.5450488105528071 
ch00_p1-pl2-sample15-sperm2.tif 2 4 0.49749593155095895 
ch00_p1-pl2-sample17-sperm10.tif 2 4 0.999999988598968 
ch00_p1-pl2-sample33-sperm13.tif 2 2 0.8151386049186351 
ch00_p1-pl2-sample34-sperm5.tif 2 1 0.851132618060565 
ch00_p1-pl2-sample8-sperm4.tif 2 1 0.9847081958718774 
ch00_p1-pl3-sample18-sperm7.tif 2 2 0.9215686464749689 
ch00_p1-pl3-sample4-sperm6.tif 2 4 0.9999999066221406 
ch00_p1-pl3-sample6-sperm17.tif 2 4 0.9986163114935367 
ch00_p1-pl3-sample6-sperm9.tif 2 0 0.9509181311552158 
ch00_p3-pl1-sample14-sperm8.tif 2 4 0.9999984916603283 
ch00_p3-pl1-sample29-sperm10.tif 2 4 0.9386208418567831 
ch00_p4-pl1-sample13-sperm4.tif 2 4 0.9897090035963753 
ch00_p4-pl1-sample16-sperm4.tif 2 4 0.999999101303725 
ch00_p4-pl1-sample17-sperm8.tif 2 4 0.9984295281779348 
ch00_p4-pl1-sample2-sperm8.tif 2 4 0.9999991259697393 
ch00_p4-pl1-sample4-sperm6.tif 2 4 0.6238543899749512 
ch00_p4-pl1-sample5-sperm10.tif 2 2 0.9228644116916375 
ch00_p4-pl1-sample5-sperm5.tif 2 4 0.9883156387791668 
ch00_p4-pl1-sample7-sperm15.tif 2 4 0.9999977501824481 
ch00_p1-pl2-sample11-sperm3.tif 3 2 0.7300823914831345 
ch00_p1-pl2-sample17-sperm6.tif 3 4 0.9912317794123189 
ch00_p1-pl2-sample18-sperm4.tif 3 3 0.9927469597093337 
ch00_p1-pl2-sample21-sperm7.tif 3 3 0.9804200686422994 
ch00_p1-pl2-sample25-sperm9.tif 3 0 0.7866459752198702 
ch00_p1-pl2-sample4-sperm12.tif 3 4 0.9602563742447914 
ch00_p1-pl2-sample5-sperm15.tif 3 3 0.6675145268541025 
ch00_p1-pl2-sample5-sperm4.tif 3 3 0.9482034004037664 
ch00_p1-pl3-sample13-sperm12.tif 3 4 0.9828238490929291 
ch00_p1-pl3-sample15-sperm11.tif 3 4 0.9484645960831593 
ch00_p1-pl3-sample21-sperm8.tif 3 0 0.999101622751661 
ch00_p1-pl3-sample23-sperm13.tif 3 4 0.9195058343503487 
ch00_p1-pl3-sample23-sperm15.tif 3 4 0.9532977825432116 
ch00_p1-pl3-sample24-sperm1.tif 3 3 0.9981030334952011 
ch00_p3-pl1-sample10-sperm1.tif 3 0 0.9618189412334954 
ch00_p3-pl1-sample14-sperm6.tif 3 3 0.9993469879997187 
ch00_p3-pl1-sample30-sperm1.tif 3 3 0.9991289670869917 
ch00_p4-pl1-sample6-sperm12.tif 3 3 0.4633832773459077 
ch00_p4-pl1-sample9-sperm14.tif 3 4 0.7844816619066827 
ch00_p4-pl2-sample12-sperm8.tif 3 4 0.999146114228749 
ch00_p5-pl1-sample1-sperm4.tif 3 4 0.9880850711778987 
ch00_p1-pl2-sample1-sperm1.tif 4 4 0.992677005563022 
ch00_p1-pl2-sample1-sperm2.tif 4 4 0.9986868392020563 
ch00_p1-pl2-sample10-sperm12.tif 4 4 0.9232101988454547 
ch00_p1-pl2-sample10-sperm8.tif 4 4 0.9344429282823642 
ch00_p1-pl2-sample11-sperm11.tif 4 2 0.630712981184691 
ch00_p1-pl2-sample12-sperm11.tif 4 4 0.9978369279100504 
ch00_p1-pl2-sample12-sperm12.tif 4 4 0.999349292768179 
ch00_p1-pl2-sample12-sperm2.tif 4 4 0.9999985573515546 
ch00_p1-pl2-sample12-sperm5.tif 4 4 0.9988497190737222 
ch00_p1-pl2-sample12-sperm7.tif 4 1 0.9127078520379548 
ch00_p1-pl2-sample14-sperm3.tif 4 4 0.9977716840260545 
ch00_p1-pl2-sample14-sperm8.tif 4 4 0.5377730835014726 
ch00_p1-pl2-sample17-sperm2.tif 4 4 0.9978991903837889 
ch00_p1-pl2-sample18-sperm2.tif 4 4 0.9999999926668767 
ch00_p1-pl2-sample20-sperm10.tif 4 1 0.8006395959276128 
ch00_p1-pl2-sample21-sperm10.tif 4 4 0.997591847925803 
ch00_p1-pl2-sample24-sperm12.tif 4 4 0.752909074458802 
ch00_p1-pl2-sample26-sperm1.tif 4 3 0.9116368326117193 
ch00_p1-pl2-sample28-sperm11.tif 4 4 0.9142657368263214 
ch00_p1-pl2-sample28-sperm3.tif 4 4 0.9999995563842804 
ch00_p1-pl2-sample28-sperm4.tif 4 3 0.6294143925687303 
ch00_p1-pl2-sample3-sperm13.tif 4 4 0.9284957691612026 
ch00_p1-pl2-sample31-sperm9.tif 4 3 0.5430445149769668 
ch00_p1-pl2-sample34-sperm11.tif 4 4 0.9999999012455831 
ch00_p1-pl2-sample34-sperm12.tif 4 4 0.9751491982278284 
ch00_p1-pl2-sample34-sperm6.tif 4 4 0.9956034328541099 
ch00_p1-pl2-sample34-sperm8.tif 4 2 0.6598513266262327 
ch00_p1-pl2-sample35-sperm10.tif 4 1 0.6237803890183217 
ch00_p1-pl2-sample35-sperm9.tif 4 3 0.8303724841932354 
ch00_p1-pl2-sample9-sperm18.tif 4 4 0.8609769554732615 
ch00_p1-pl3-sample1-sperm13.tif 4 4 0.9988354904305641 
ch00_p1-pl3-sample10-sperm3.tif 4 4 0.9999998513813404 
ch00_p1-pl3-sample11-sperm5.tif 4 4 0.988205476309459 
ch00_p1-pl3-sample12-sperm16.tif 4 4 0.9986245722907704 
ch00_p1-pl3-sample13-sperm9.tif 4 2 0.9542511460493118 
ch00_p1-pl3-sample14-sperm13.tif 4 0 0.9929802971500725 
ch00_p1-pl3-sample14-sperm16.tif 4 4 0.9968563457954819 
ch00_p1-pl3-sample15-sperm20.tif 4 4 0.9910531816070819 
ch00_p1-pl3-sample15-sperm9.tif 4 4 0.9797993930326987 
ch00_p1-pl3-sample17-sperm7.tif 4 4 0.9999996988634797 
ch00_p1-pl3-sample18-sperm6.tif 4 4 0.9986905295510595 
ch00_p1-pl3-sample19-sperm1.tif 4 4 0.9983946038106605 
ch00_p1-pl3-sample19-sperm2.tif 4 2 0.7653828367679221 
ch00_p1-pl3-sample2-sperm11.tif 4 4 0.9982115596972087 
ch00_p1-pl3-sample2-sperm12.tif 4 4 0.4833808521583253 
ch00_p1-pl3-sample2-sperm4.tif 4 4 0.8713473830568013 
ch00_p1-pl3-sample20-sperm12.tif 4 4 0.9994656457526571 
ch00_p1-pl3-sample20-sperm7.tif 4 4 0.9574971637953076 
ch00_p1-pl3-sample21-sperm3.tif 4 2 0.9947098539456554 
ch00_p1-pl3-sample21-sperm4.tif 4 4 0.9956794906276717 
ch00_p1-pl3-sample21-sperm6.tif 4 4 0.8192258309713284 
ch00_p1-pl3-sample22-sperm1.tif 4 4 0.9991585810431656 
ch00_p1-pl3-sample23-sperm17.tif 4 2 0.7299902818119852 
ch00_p1-pl3-sample23-sperm3.tif 4 4 0.5457953231500081 
ch00_p1-pl3-sample24-sperm23.tif 4 4 0.9993788893253572 
ch00_p1-pl3-sample24-sperm5.tif 4 1 0.8877109771856981 
ch00_p1-pl3-sample24-sperm8.tif 4 4 0.9973317455678352 
ch00_p1-pl3-sample25-sperm9.tif 4 4 0.9953507574078875 
ch00_p1-pl3-sample3-sperm5.tif 4 4 0.994369516850618 
ch00_p1-pl3-sample3-sperm7.tif 4 4 0.9339270297878409 
ch00_p1-pl3-sample4-sperm3.tif 4 3 0.9291902364631266 
ch00_p1-pl3-sample4-sperm9.tif 4 4 0.9978603414287033 
ch00_p1-pl3-sample5-sperm14.tif 4 4 0.9993050946556487 
ch00_p1-pl3-sample5-sperm9.tif 4 1 0.9655503935034015 
ch00_p1-pl3-sample6-sperm5.tif 4 4 0.7663006153654928 
ch00_p1-pl3-sample7-sperm2.tif 4 4 0.9952325898273588 
ch00_p1-pl3-sample7-sperm3.tif 4 4 0.9979488654327574 
ch00_p1-pl3-sample7-sperm7.tif 4 4 0.6799190908803309 
ch00_p1-pl3-sample8-sperm6.tif 4 4 0.999253638090457 
ch00_p1-pl3-sample9-sperm14.tif 4 4 0.9999993246173341 
ch00_p3-pl1-sample1-sperm4.tif 4 4 0.9364024060388535 
ch00_p3-pl1-sample1-sperm5.tif 4 1 0.7086164406514299 
ch00_p3-pl1-sample10-sperm4.tif 4 4 0.4299625937583811 
ch00_p3-pl1-sample11-sperm7.tif 4 1 0.9917281910672273 
ch00_p3-pl1-sample12-sperm7.tif 4 4 0.9271664249156254 
ch00_p3-pl1-sample13-sperm1.tif 4 4 0.9825939113782092 
ch00_p3-pl1-sample18-sperm2.tif 4 4 0.8311295983444379 
ch00_p3-pl1-sample19-sperm3.tif 4 4 0.9999996465432546 
ch00_p3-pl1-sample2-sperm6.tif 4 4 0.9710695263002711 
ch00_p3-pl1-sample20-sperm4.tif 4 4 0.9404106967348719 
ch00_p3-pl1-sample21-sperm8.tif 4 3 0.9553146910653574 
ch00_p3-pl1-sample22-sperm8.tif 4 0 0.9990244714729967 
ch00_p3-pl1-sample23-sperm2.tif 4 4 0.9979121198199887 
ch00_p3-pl1-sample23-sperm7.tif 4 4 0.9922731964932153 
ch00_p3-pl1-sample24-sperm2.tif 4 4 0.9999999885322148 
ch00_p3-pl1-sample25-sperm10.tif 4 1 0.9770369671253784 
ch00_p3-pl1-sample25-sperm5.tif 4 4 0.9861294682281114 
ch00_p3-pl1-sample25-sperm8.tif 4 4 0.9953516839695759 
ch00_p3-pl1-sample26-sperm1.tif 4 4 0.9959952153156416 
ch00_p3-pl1-sample27-sperm3.tif 4 4 0.992166070322326 
ch00_p3-pl1-sample29-sperm9.tif 4 4 0.9990650174076772 
ch00_p3-pl1-sample31-sperm7.tif 4 4 0.9867894596252296 
ch00_p3-pl1-sample32-sperm7.tif 4 1 0.990692951131486 
ch00_p3-pl1-sample5-sperm3.tif 4 1 0.998719528252306 
ch00_p3-pl1-sample5-sperm5.tif 4 4 0.9924245168580893 
ch00_p3-pl1-sample7-sperm6.tif 4 4 0.9990107547816642 
ch00_p4-pl1-sample1-sperm6.tif 4 4 0.9999998765916964 
ch00_p4-pl1-sample1-sperm7.tif 4 3 0.6859847516783218 
ch00_p4-pl1-sample1-sperm9.tif 4 4 0.9460590766647679 
ch00_p4-pl1-sample10-sperm15.tif 4 4 0.9986170242457645 
ch00_p4-pl1-sample10-sperm17.tif 4 0 0.5096989820527433 
ch00_p4-pl1-sample10-sperm20.tif 4 2 0.7214980361444815 
ch00_p4-pl1-sample10-sperm5.tif 4 2 0.824481497462898 
ch00_p4-pl1-sample11-sperm5.tif 4 4 0.9973196977885008 
ch00_p4-pl1-sample12-sperm1.tif 4 4 0.8967159477793872 
ch00_p4-pl1-sample12-sperm11.tif 4 4 0.9904203617837704 
ch00_p4-pl1-sample12-sperm9.tif 4 4 0.9883620323463707 
ch00_p4-pl1-sample14-sperm12.tif 4 4 0.5755500391598336 
ch00_p4-pl1-sample14-sperm3.tif 4 4 0.9642148035803221 
ch00_p4-pl1-sample14-sperm7.tif 4 4 0.9960786923200042 
ch00_p4-pl1-sample16-sperm1.tif 4 1 0.9970551175543201 
ch00_p4-pl1-sample16-sperm7.tif 4 0 0.9917075729892543 
ch00_p4-pl1-sample17-sperm5.tif 4 2 0.72189948344113 
ch00_p4-pl1-sample18-sperm6.tif 4 4 0.9991954807122508 
ch00_p4-pl1-sample2-sperm10.tif 4 4 0.9987767823370309 
ch00_p4-pl1-sample2-sperm12.tif 4 4 0.9999999386295401 
ch00_p4-pl1-sample2-sperm5.tif 4 4 0.9988996455580911 
ch00_p4-pl1-sample20-sperm10.tif 4 0 0.7061286366245041 
ch00_p4-pl1-sample20-sperm11.tif 4 4 0.9960795500288782 
ch00_p4-pl1-sample20-sperm6.tif 4 1 0.9943782927989915 
ch00_p4-pl1-sample4-sperm14.tif 4 4 0.8263182109279795 
ch00_p4-pl1-sample4-sperm3.tif 4 4 0.9999997701892085 
ch00_p4-pl1-sample6-sperm11.tif 4 4 0.9999999423563495 
ch00_p4-pl1-sample6-sperm4.tif 4 4 0.9867389674442317 
ch00_p4-pl1-sample6-sperm8.tif 4 1 0.9858287856342496 
ch00_p4-pl1-sample7-sperm10.tif 4 3 0.9999850815311712 
ch00_p4-pl1-sample7-sperm17.tif 4 0 0.683059657513145 
ch00_p4-pl1-sample7-sperm2.tif 4 4 0.9999999530981711 
ch00_p4-pl1-sample7-sperm3.tif 4 4 0.9999979896795049 
ch00_p4-pl1-sample8-sperm10.tif 4 2 0.9381183769434529 
ch00_p4-pl1-sample8-sperm2.tif 4 2 0.591169756841715 
ch00_p4-pl1-sample9-sperm11.tif 4 4 0.9999998182359288 
ch00_p4-pl1-sample9-sperm4.tif 4 4 0.9986255617087413 
ch00_p4-pl1-sample9-sperm9.tif 4 0 0.8320139991583342 
ch00_p4-pl2-sample10-sperm10.tif 4 4 0.9990699842949566 
ch00_p4-pl2-sample10-sperm12.tif 4 4 0.9999975643036147 
ch00_p4-pl2-sample10-sperm6.tif 4 4 0.9978934703012594 
ch00_p4-pl2-sample11-sperm2.tif 4 4 0.9472286748729778 
ch00_p4-pl2-sample11-sperm3.tif 4 4 0.9978343016503054 
ch00_p4-pl2-sample12-sperm1.tif 4 3 0.9653017117890216 
ch00_p4-pl2-sample12-sperm7.tif 4 4 0.9625133589978362 
ch00_p4-pl2-sample14-sperm10.tif 4 0 0.9994626270663828 
ch00_p4-pl2-sample15-sperm1.tif 4 4 0.5452724337915162 
ch00_p4-pl2-sample15-sperm4.tif 4 3 0.7148969404360102 
ch00_p4-pl2-sample16-sperm5.tif 4 4 0.9959589940651745 
ch00_p4-pl2-sample16-sperm7.tif 4 4 0.9625665651605727 
ch00_p4-pl2-sample17-sperm2.tif 4 4 0.9824184581985917 
ch00_p4-pl2-sample17-sperm4.tif 4 1 0.9986674517825662 
ch00_p4-pl2-sample18-sperm3.tif 4 4 0.9324485240131795 
ch00_p4-pl2-sample18-sperm5.tif 4 4 0.9981140629075611 
ch00_p4-pl2-sample18-sperm6.tif 4 4 0.739875223498037 
ch00_p4-pl2-sample18-sperm8.tif 4 1 0.839853360990722 
ch00_p4-pl2-sample19-sperm2.tif 4 1 0.8952918918465141 
ch00_p4-pl2-sample19-sperm7.tif 4 2 0.7278917891622835 
ch00_p4-pl2-sample3-sperm4.tif 4 1 0.998485578725083 
ch00_p4-pl2-sample3-sperm5.tif 4 4 0.9986153944267293 
ch00_p4-pl2-sample3-sperm9.tif 4 4 0.9989294641726254 
ch00_p4-pl2-sample4-sperm7.tif 4 4 0.9999998886385393 
ch00_p4-pl2-sample4-sperm9.tif 4 4 0.999295599987471 
ch00_p4-pl2-sample5-sperm1.tif 4 4 0.9991838228600597 
ch00_p4-pl2-sample5-sperm5.tif 4 3 0.9958819446765373 
ch00_p4-pl2-sample6-sperm2.tif 4 3 0.984201683654018 
ch00_p4-pl2-sample6-sperm6.tif 4 2 0.8411364783555871 
ch00_p4-pl2-sample7-sperm10.tif 4 4 0.9993982475229787 
ch00_p4-pl2-sample7-sperm6.tif 4 1 0.688442725424509 
ch00_p4-pl2-sample7-sperm9.tif 4 4 0.9999992821926997 
ch00_p4-pl2-sample8-sperm1.tif 4 3 0.980690392473316 
ch00_p4-pl2-sample8-sperm2.tif 4 4 0.9919476170684273 
ch00_p4-pl2-sample9-sperm7.tif 4 4 0.998924133852667 
ch00_p5-pl1-sample1-sperm7.tif 4 1 0.976308817740758 
ch00_p5-pl1-sample10-sperm6.tif 4 4 0.9999992962856357 
ch00_p5-pl1-sample11-sperm10.tif 4 3 0.5443076228814351 
ch00_p5-pl1-sample12-sperm10.tif 4 4 0.9545123820134541 
ch00_p5-pl1-sample12-sperm13.tif 4 4 0.998623484453217 
ch00_p5-pl1-sample12-sperm5.tif 4 4 0.9616588056920998 
ch00_p5-pl1-sample13-sperm6.tif 4 0 0.839746962661202 
ch00_p5-pl1-sample15-sperm2.tif 4 4 0.9988889289556685 
ch00_p5-pl1-sample15-sperm3.tif 4 4 0.9993967075801569 
ch00_p5-pl1-sample15-sperm4.tif 4 4 0.7597802127274963 
ch00_p5-pl1-sample17-sperm10.tif 4 3 0.9919723610993085 
ch00_p5-pl1-sample17-sperm17.tif 4 4 0.9531457856604822 
ch00_p5-pl1-sample18-sperm3.tif 4 3 0.5505949995944299 
ch00_p5-pl1-sample18-sperm6.tif 4 4 0.999999120891883 
ch00_p5-pl1-sample2-sperm10.tif 4 4 0.559984374484785 
ch00_p5-pl1-sample2-sperm3.tif 4 4 0.49310176394147043 
ch00_p5-pl1-sample2-sperm6.tif 4 3 0.9999986744911828 
ch00_p5-pl1-sample20-sperm12.tif 4 4 0.9999981851174923 
ch00_p5-pl1-sample20-sperm2.tif 4 4 0.9988837645125449 
ch00_p5-pl1-sample20-sperm7.tif 4 4 0.5262974853639433 
ch00_p5-pl1-sample3-sperm13.tif 4 4 0.9980071625549516 
ch00_p5-pl1-sample3-sperm15.tif 4 4 0.9993323684268223 
ch00_p5-pl1-sample3-sperm5.tif 4 4 0.9956435490977815 
ch00_p5-pl1-sample4-sperm10.tif 4 3 0.9997122160536647 
ch00_p5-pl1-sample4-sperm7.tif 4 4 0.9050276751177362 
ch00_p5-pl1-sample5-sperm9.tif 4 4 0.9381138185482997 
ch00_p5-pl1-sample9-sperm4.tif 4 4 0.9466621957705185 
