ch00_p1-pl2-sample1-sperm10.tif 0 0 0.942795687249853 
ch00_p1-pl2-sample1-sperm3.tif 0 0 0.9662381328820657 
ch00_p1-pl2-sample10-sperm4.tif 0 0 0.971293668991588 
ch00_p1-pl2-sample13-sperm11.tif 0 0 0.9949035460523823 
ch00_p1-pl2-sample14-sperm9.tif 0 3 0.8474899412407819 
ch00_p1-pl2-sample25-sperm4.tif 0 4 0.817510995381674 
ch00_p1-pl2-sample3-sperm12.tif 0 0 0.6602319702008959 
ch00_p1-pl2-sample3-sperm4.tif 0 4 0.3961762450950006 
ch00_p1-pl2-sample9-sperm7.tif 0 0 0.9215640907598605 
ch00_p1-pl3-sample1-sperm17.tif 0 0 0.8615051159762478 
ch00_p1-pl3-sample12-sperm1.tif 0 0 0.43032772352351834 
ch00_p1-pl3-sample13-sperm3.tif 0 4 0.7541123428763981 
ch00_p1-pl3-sample15-sperm10.tif 0 0 0.8241262298154174 
ch00_p1-pl3-sample15-sperm22.tif 0 3 0.9982866036307119 
ch00_p1-pl3-sample16-sperm10.tif 0 0 0.7453252375001419 
ch00_p1-pl3-sample17-sperm5.tif 0 0 0.7781233967966519 
ch00_p1-pl3-sample2-sperm7.tif 0 0 0.9716188711959725 
ch00_p1-pl3-sample6-sperm11.tif 0 0 0.7175273730504645 
ch00_p3-pl1-sample13-sperm3.tif 0 0 0.9725028065679875 
ch00_p3-pl1-sample21-sperm2.tif 0 0 0.9683275873525544 
ch00_p3-pl1-sample25-sperm12.tif 0 0 0.9276758086614351 
ch00_p3-pl1-sample3-sperm4.tif 0 0 0.9412722438740383 
ch00_p4-pl1-sample13-sperm6.tif 0 0 0.8074069786719739 
ch00_p4-pl1-sample13-sperm9.tif 0 4 0.9674318565303047 
ch00_p4-pl1-sample19-sperm1.tif 0 0 0.5093769942147659 
ch00_p4-pl1-sample2-sperm11.tif 0 0 0.41475937524841505 
ch00_p4-pl1-sample20-sperm7.tif 0 4 0.954585028437201 
ch00_p4-pl2-sample17-sperm5.tif 0 4 0.6991365850561782 
ch00_p4-pl2-sample5-sperm6.tif 0 0 0.9263097545797926 
ch00_p5-pl1-sample7-sperm9.tif 0 0 0.6868795229838842 
ch00_p1-pl2-sample11-sperm10.tif 1 1 0.6666318346300069 
ch00_p1-pl2-sample11-sperm12.tif 1 1 0.9982605819064561 
ch00_p1-pl2-sample13-sperm10.tif 1 1 0.6793621656109798 
ch00_p1-pl2-sample13-sperm18.tif 1 1 0.7454543674320014 
ch00_p1-pl2-sample15-sperm3.tif 1 1 0.5143758400405436 
ch00_p1-pl2-sample19-sperm14.tif 1 1 0.5903261021425309 
ch00_p1-pl2-sample19-sperm8.tif 1 4 0.848993896878977 
ch00_p1-pl2-sample2-sperm12.tif 1 1 0.9303746714530078 
ch00_p1-pl2-sample2-sperm4.tif 1 1 0.9640771804053031 
ch00_p1-pl2-sample20-sperm7.tif 1 4 0.9177638974203771 
ch00_p1-pl2-sample22-sperm6.tif 1 0 0.3538299685198823 
ch00_p1-pl2-sample23-sperm10.tif 1 1 0.9947190070685239 
ch00_p1-pl2-sample25-sperm5.tif 1 1 0.9597679960714243 
ch00_p1-pl2-sample3-sperm10.tif 1 1 0.7456716135253298 
ch00_p1-pl2-sample31-sperm4.tif 1 1 0.9966375380317485 
ch00_p1-pl2-sample32-sperm10.tif 1 4 0.8200682599132869 
ch00_p1-pl2-sample35-sperm7.tif 1 1 0.9273688135639226 
ch00_p1-pl2-sample4-sperm18.tif 1 1 0.949801005455634 
ch00_p1-pl2-sample6-sperm10.tif 1 1 0.9959520100607105 
ch00_p1-pl2-sample6-sperm11.tif 1 4 0.8706653126286622 
ch00_p1-pl2-sample6-sperm3.tif 1 1 0.9653479230698205 
ch00_p1-pl2-sample7-sperm11.tif 1 1 0.9728951548736913 
ch00_p1-pl2-sample7-sperm3.tif 1 2 0.6287928658249398 
ch00_p1-pl3-sample10-sperm4.tif 1 4 0.7879801771371016 
ch00_p1-pl3-sample11-sperm10.tif 1 1 0.9864022559320367 
ch00_p1-pl3-sample11-sperm9.tif 1 1 0.9677573738224464 
ch00_p1-pl3-sample12-sperm2.tif 1 4 0.9256697507476566 
ch00_p1-pl3-sample12-sperm5.tif 1 1 0.9012661976215132 
ch00_p1-pl3-sample13-sperm4.tif 1 4 0.8828154332495194 
ch00_p1-pl3-sample14-sperm10.tif 1 4 0.7978550093076879 
ch00_p1-pl3-sample18-sperm4.tif 1 1 0.9927677197104587 
ch00_p1-pl3-sample24-sperm17.tif 1 2 0.911281355184222 
ch00_p1-pl3-sample24-sperm2.tif 1 4 0.8488459080333035 
ch00_p1-pl3-sample7-sperm6.tif 1 1 0.9902865074783014 
ch00_p1-pl3-sample8-sperm10.tif 1 0 0.4442104865094759 
ch00_p1-pl3-sample9-sperm13.tif 1 1 0.5961476428278181 
ch00_p3-pl1-sample10-sperm2.tif 1 1 0.9906250474488005 
ch00_p3-pl1-sample11-sperm2.tif 1 0 0.9676649220368551 
ch00_p3-pl1-sample15-sperm9.tif 1 4 0.7153641017474445 
ch00_p3-pl1-sample17-sperm2.tif 1 1 0.8826112607019342 
ch00_p3-pl1-sample19-sperm5.tif 1 1 0.9459019688760499 
ch00_p3-pl1-sample21-sperm7.tif 1 1 0.9751812957313158 
ch00_p3-pl1-sample23-sperm11.tif 1 1 0.6206456774391497 
ch00_p3-pl1-sample25-sperm11.tif 1 1 0.9094917885989027 
ch00_p3-pl1-sample26-sperm6.tif 1 1 0.9826275978441116 
ch00_p3-pl1-sample28-sperm7.tif 1 0 0.5511802654416967 
ch00_p3-pl1-sample29-sperm6.tif 1 1 0.996926623297562 
ch00_p3-pl1-sample3-sperm10.tif 1 1 0.9812239338273725 
ch00_p3-pl1-sample31-sperm6.tif 1 4 0.8072024155875838 
ch00_p3-pl1-sample4-sperm2.tif 1 1 0.9844063054917305 
ch00_p4-pl1-sample1-sperm11.tif 1 4 0.7083257075686303 
ch00_p4-pl1-sample1-sperm2.tif 1 4 0.7815283076760875 
ch00_p4-pl1-sample1-sperm4.tif 1 1 0.9905441861890514 
ch00_p4-pl1-sample12-sperm5.tif 1 4 0.7033800308585769 
ch00_p4-pl1-sample16-sperm6.tif 1 1 0.9435313363606979 
ch00_p4-pl1-sample19-sperm3.tif 1 1 0.6814904064235106 
ch00_p4-pl1-sample3-sperm4.tif 1 4 0.9438719597515778 
ch00_p4-pl1-sample6-sperm5.tif 1 1 0.764093817103681 
ch00_p4-pl1-sample8-sperm14.tif 1 4 0.6815910603351252 
ch00_p4-pl1-sample9-sperm16.tif 1 1 0.9184492657579854 
ch00_p4-pl2-sample11-sperm1.tif 1 4 0.8265232551473253 
ch00_p4-pl2-sample4-sperm3.tif 1 4 0.9129425019260542 
ch00_p4-pl2-sample5-sperm7.tif 1 1 0.9777260214013879 
ch00_p5-pl1-sample14-sperm1.tif 1 1 0.8484531658276303 
ch00_p5-pl1-sample14-sperm5.tif 1 1 0.6549975567935539 
ch00_p5-pl1-sample20-sperm9.tif 1 1 0.7740926443884105 
ch00_p5-pl1-sample5-sperm16.tif 1 1 0.7612871004713647 
ch00_p5-pl1-sample6-sperm16.tif 1 1 0.9421515876534107 
ch00_p1-pl2-sample10-sperm13.tif 2 4 0.9781016860004813 
ch00_p1-pl2-sample10-sperm7.tif 2 1 0.845934047921987 
ch00_p1-pl2-sample13-sperm4.tif 2 4 0.5188557106706669 
ch00_p1-pl2-sample15-sperm2.tif 2 2 0.9595877239838879 
ch00_p1-pl2-sample17-sperm10.tif 2 4 0.9662607122916117 
ch00_p1-pl2-sample33-sperm13.tif 2 0 0.5923997298725192 
ch00_p1-pl2-sample34-sperm5.tif 2 2 0.597695356642261 
ch00_p1-pl2-sample8-sperm4.tif 2 1 0.6837067424334629 
ch00_p1-pl3-sample18-sperm7.tif 2 2 0.973636752835339 
ch00_p1-pl3-sample4-sperm6.tif 2 4 0.7796167620353014 
ch00_p1-pl3-sample6-sperm17.tif 2 4 0.9306751819204029 
ch00_p1-pl3-sample6-sperm9.tif 2 0 0.9880064844857007 
ch00_p3-pl1-sample14-sperm8.tif 2 4 0.8376126839311747 
ch00_p3-pl1-sample29-sperm10.tif 2 3 0.5302698380288204 
ch00_p4-pl1-sample13-sperm4.tif 2 2 0.5232276865329112 
ch00_p4-pl1-sample16-sperm4.tif 2 4 0.7790152198682524 
ch00_p4-pl1-sample17-sperm8.tif 2 4 0.7829873242552337 
ch00_p4-pl1-sample2-sperm8.tif 2 4 0.9039201408816175 
ch00_p4-pl1-sample4-sperm6.tif 2 1 0.3515394866528229 
ch00_p4-pl1-sample5-sperm10.tif 2 2 0.8866287400188705 
ch00_p4-pl1-sample5-sperm5.tif 2 0 0.6837541348936919 
ch00_p4-pl1-sample7-sperm15.tif 2 2 0.5121208889420079 
ch00_p1-pl2-sample11-sperm3.tif 3 2 0.48892604774637755 
ch00_p1-pl2-sample17-sperm6.tif 3 1 0.5753814983783425 
ch00_p1-pl2-sample18-sperm4.tif 3 3 0.9736417504069365 
ch00_p1-pl2-sample21-sperm7.tif 3 3 0.9687872375004378 
ch00_p1-pl2-sample25-sperm9.tif 3 0 0.8239543598386462 
ch00_p1-pl2-sample4-sperm12.tif 3 4 0.5177020580861936 
ch00_p1-pl2-sample5-sperm15.tif 3 3 0.9912410142130469 
ch00_p1-pl2-sample5-sperm4.tif 3 3 0.9216089573177988 
ch00_p1-pl3-sample13-sperm12.tif 3 4 0.6814757005518538 
ch00_p1-pl3-sample15-sperm11.tif 3 1 0.6614293763247961 
ch00_p1-pl3-sample21-sperm8.tif 3 0 0.9677429216651877 
ch00_p1-pl3-sample23-sperm13.tif 3 4 0.5688115434418144 
ch00_p1-pl3-sample23-sperm15.tif 3 1 0.8612122016944819 
ch00_p1-pl3-sample24-sperm1.tif 3 3 0.9976101768310909 
ch00_p3-pl1-sample10-sperm1.tif 3 0 0.9397487346651439 
ch00_p3-pl1-sample14-sperm6.tif 3 3 0.982061308295075 
ch00_p3-pl1-sample30-sperm1.tif 3 3 0.9961787832508329 
ch00_p4-pl1-sample6-sperm12.tif 3 3 0.8281585664145253 
ch00_p4-pl1-sample9-sperm14.tif 3 3 0.7377893215201784 
ch00_p4-pl2-sample12-sperm8.tif 3 4 0.7758529959594764 
ch00_p5-pl1-sample1-sperm4.tif 3 3 0.7314767168121985 
ch00_p1-pl2-sample1-sperm1.tif 4 4 0.5816024507469231 
ch00_p1-pl2-sample1-sperm2.tif 4 4 0.9251676284842895 
ch00_p1-pl2-sample10-sperm12.tif 4 4 0.5992413480907558 
ch00_p1-pl2-sample10-sperm8.tif 4 4 0.7976063852393677 
ch00_p1-pl2-sample11-sperm11.tif 4 2 0.8512420008743962 
ch00_p1-pl2-sample12-sperm11.tif 4 4 0.8341541634212568 
ch00_p1-pl2-sample12-sperm12.tif 4 4 0.9504578753156961 
ch00_p1-pl2-sample12-sperm2.tif 4 4 0.7892751390495855 
ch00_p1-pl2-sample12-sperm5.tif 4 4 0.9159518589108075 
ch00_p1-pl2-sample12-sperm7.tif 4 1 0.9369919091551122 
ch00_p1-pl2-sample14-sperm3.tif 4 3 0.5427464216190006 
ch00_p1-pl2-sample14-sperm8.tif 4 0 0.7693301363318227 
ch00_p1-pl2-sample17-sperm2.tif 4 1 0.5725521422662095 
ch00_p1-pl2-sample18-sperm2.tif 4 4 0.5949721634052829 
ch00_p1-pl2-sample20-sperm10.tif 4 1 0.8829550268633162 
ch00_p1-pl2-sample21-sperm10.tif 4 4 0.9068016838231375 
ch00_p1-pl2-sample24-sperm12.tif 4 2 0.8548711667076655 
ch00_p1-pl2-sample26-sperm1.tif 4 3 0.8641725807310632 
ch00_p1-pl2-sample28-sperm11.tif 4 4 0.6984021214698947 
ch00_p1-pl2-sample28-sperm3.tif 4 4 0.724444704389844 
ch00_p1-pl2-sample28-sperm4.tif 4 3 0.7904877285014424 
ch00_p1-pl2-sample3-sperm13.tif 4 4 0.9079614575223098 
ch00_p1-pl2-sample31-sperm9.tif 4 1 0.46954993674906137 
ch00_p1-pl2-sample34-sperm11.tif 4 1 0.5007733873855621 
ch00_p1-pl2-sample34-sperm12.tif 4 4 0.7352262529320963 
ch00_p1-pl2-sample34-sperm6.tif 4 4 0.8704701610466661 
ch00_p1-pl2-sample34-sperm8.tif 4 2 0.9667497345528542 
ch00_p1-pl2-sample35-sperm10.tif 4 2 0.5453002780658208 
ch00_p1-pl2-sample35-sperm9.tif 4 3 0.7971800271212706 
ch00_p1-pl2-sample9-sperm18.tif 4 0 0.4758682054671249 
ch00_p1-pl3-sample1-sperm13.tif 4 4 0.8782871765485986 
ch00_p1-pl3-sample10-sperm3.tif 4 4 0.5344990382166609 
ch00_p1-pl3-sample11-sperm5.tif 4 4 0.4766671102594537 
ch00_p1-pl3-sample12-sperm16.tif 4 4 0.8941782027834668 
ch00_p1-pl3-sample13-sperm9.tif 4 2 0.9904838381808001 
ch00_p1-pl3-sample14-sperm13.tif 4 0 0.9830922261435744 
ch00_p1-pl3-sample14-sperm16.tif 4 4 0.6178739186795146 
ch00_p1-pl3-sample15-sperm20.tif 4 4 0.8189939975264292 
ch00_p1-pl3-sample15-sperm9.tif 4 1 0.5252347607046143 
ch00_p1-pl3-sample17-sperm7.tif 4 4 0.9490231990424244 
ch00_p1-pl3-sample18-sperm6.tif 4 4 0.9615028587834022 
ch00_p1-pl3-sample19-sperm1.tif 4 4 0.743046434633128 
ch00_p1-pl3-sample19-sperm2.tif 4 2 0.7923239255825555 
ch00_p1-pl3-sample2-sperm11.tif 4 4 0.8676424385012127 
ch00_p1-pl3-sample2-sperm12.tif 4 2 0.8828926240889732 
ch00_p1-pl3-sample2-sperm4.tif 4 0 0.6541374596386478 
ch00_p1-pl3-sample20-sperm12.tif 4 4 0.9803770222692144 
ch00_p1-pl3-sample20-sperm7.tif 4 4 0.7406270305902293 
ch00_p1-pl3-sample21-sperm3.tif 4 2 0.8216640637173837 
ch00_p1-pl3-sample21-sperm4.tif 4 4 0.7928992423260613 
ch00_p1-pl3-sample21-sperm6.tif 4 0 0.8793802249696064 
ch00_p1-pl3-sample22-sperm1.tif 4 4 0.5526111679630669 
ch00_p1-pl3-sample23-sperm17.tif 4 2 0.8751555340394489 
ch00_p1-pl3-sample23-sperm3.tif 4 1 0.5182870009098186 
ch00_p1-pl3-sample24-sperm23.tif 4 4 0.6691146889191596 
ch00_p1-pl3-sample24-sperm5.tif 4 1 0.9090342625088812 
ch00_p1-pl3-sample24-sperm8.tif 4 0 0.3258561804724254 
ch00_p1-pl3-sample25-sperm9.tif 4 4 0.42495048427199456 
ch00_p1-pl3-sample3-sperm5.tif 4 4 0.9253568770403409 
ch00_p1-pl3-sample3-sperm7.tif 4 4 0.8123147716719021 
ch00_p1-pl3-sample4-sperm3.tif 4 3 0.8621264836349597 
ch00_p1-pl3-sample4-sperm9.tif 4 4 0.9121325757886156 
ch00_p1-pl3-sample5-sperm14.tif 4 4 0.8155286740971535 
ch00_p1-pl3-sample5-sperm9.tif 4 1 0.9949676175255567 
ch00_p1-pl3-sample6-sperm5.tif 4 4 0.5393875917056901 
ch00_p1-pl3-sample7-sperm2.tif 4 4 0.902516046870785 
ch00_p1-pl3-sample7-sperm3.tif 4 4 0.8580826682180196 
ch00_p1-pl3-sample7-sperm7.tif 4 1 0.5307688691220205 
ch00_p1-pl3-sample8-sperm6.tif 4 4 0.885845705318001 
ch00_p1-pl3-sample9-sperm14.tif 4 4 0.7915231818790595 
ch00_p3-pl1-sample1-sperm4.tif 4 4 0.8874234041825622 
ch00_p3-pl1-sample1-sperm5.tif 4 1 0.706864552149585 
ch00_p3-pl1-sample10-sperm4.tif 4 0 0.3375640853375155 
ch00_p3-pl1-sample11-sperm7.tif 4 1 0.9034296256056823 
ch00_p3-pl1-sample12-sperm7.tif 4 4 0.589351681656235 
ch00_p3-pl1-sample13-sperm1.tif 4 4 0.7443936770453454 
ch00_p3-pl1-sample18-sperm2.tif 4 0 0.946494679629405 
ch00_p3-pl1-sample19-sperm3.tif 4 1 0.6842980370154262 
ch00_p3-pl1-sample2-sperm6.tif 4 4 0.7955433168156562 
ch00_p3-pl1-sample20-sperm4.tif 4 4 0.5331719955078461 
ch00_p3-pl1-sample21-sperm8.tif 4 3 0.985642969099085 
ch00_p3-pl1-sample22-sperm8.tif 4 0 0.9953068087986404 
ch00_p3-pl1-sample23-sperm2.tif 4 4 0.9254724666133495 
ch00_p3-pl1-sample23-sperm7.tif 4 4 0.8838528729369404 
ch00_p3-pl1-sample24-sperm2.tif 4 4 0.9468662381021509 
ch00_p3-pl1-sample25-sperm10.tif 4 1 0.9877868814026849 
ch00_p3-pl1-sample25-sperm5.tif 4 4 0.6203441399767603 
ch00_p3-pl1-sample25-sperm8.tif 4 4 0.9438263864401735 
ch00_p3-pl1-sample26-sperm1.tif 4 4 0.8994140675245945 
ch00_p3-pl1-sample27-sperm3.tif 4 3 0.4496345256537129 
ch00_p3-pl1-sample29-sperm9.tif 4 4 0.4975713144804492 
ch00_p3-pl1-sample31-sperm7.tif 4 3 0.5689319145059953 
ch00_p3-pl1-sample32-sperm7.tif 4 1 0.9761370927321935 
ch00_p3-pl1-sample5-sperm3.tif 4 1 0.9920337563527266 
ch00_p3-pl1-sample5-sperm5.tif 4 1 0.5171209659700451 
ch00_p3-pl1-sample7-sperm6.tif 4 4 0.9821061305279477 
ch00_p4-pl1-sample1-sperm6.tif 4 4 0.9874441533005748 
ch00_p4-pl1-sample1-sperm7.tif 4 4 0.6763307937273825 
ch00_p4-pl1-sample1-sperm9.tif 4 0 0.8525219044045539 
ch00_p4-pl1-sample10-sperm15.tif 4 4 0.789257173628169 
ch00_p4-pl1-sample10-sperm17.tif 4 0 0.8617119984236513 
ch00_p4-pl1-sample10-sperm20.tif 4 4 0.7380184399685067 
ch00_p4-pl1-sample10-sperm5.tif 4 2 0.704358091883987 
ch00_p4-pl1-sample11-sperm5.tif 4 4 0.8928840232590111 
ch00_p4-pl1-sample12-sperm1.tif 4 1 0.916874259963384 
ch00_p4-pl1-sample12-sperm11.tif 4 0 0.5036610656998606 
ch00_p4-pl1-sample12-sperm9.tif 4 4 0.7239541420150111 
ch00_p4-pl1-sample14-sperm12.tif 4 3 0.9113436385217869 
ch00_p4-pl1-sample14-sperm3.tif 4 4 0.5643280362323637 
ch00_p4-pl1-sample14-sperm7.tif 4 4 0.9574372014384773 
ch00_p4-pl1-sample16-sperm1.tif 4 1 0.9924070720056637 
ch00_p4-pl1-sample16-sperm7.tif 4 0 0.9860798228093585 
ch00_p4-pl1-sample17-sperm5.tif 4 2 0.8296002726453074 
ch00_p4-pl1-sample18-sperm6.tif 4 4 0.9241193358321439 
ch00_p4-pl1-sample2-sperm10.tif 4 1 0.4267218824179475 
ch00_p4-pl1-sample2-sperm12.tif 4 4 0.9086264778432062 
ch00_p4-pl1-sample2-sperm5.tif 4 4 0.8647256844015596 
ch00_p4-pl1-sample20-sperm10.tif 4 0 0.8165573548075159 
ch00_p4-pl1-sample20-sperm11.tif 4 4 0.7748209898472536 
ch00_p4-pl1-sample20-sperm6.tif 4 1 0.5987592380473482 
ch00_p4-pl1-sample4-sperm14.tif 4 0 0.7660515858041348 
ch00_p4-pl1-sample4-sperm3.tif 4 4 0.8397522381454611 
ch00_p4-pl1-sample6-sperm11.tif 4 4 0.8677535819047553 
ch00_p4-pl1-sample6-sperm4.tif 4 0 0.7841379083998568 
ch00_p4-pl1-sample6-sperm8.tif 4 1 0.6713325798349656 
ch00_p4-pl1-sample7-sperm10.tif 4 3 0.9962780230876375 
ch00_p4-pl1-sample7-sperm17.tif 4 0 0.9168755730764634 
ch00_p4-pl1-sample7-sperm2.tif 4 4 0.915581497979639 
ch00_p4-pl1-sample7-sperm3.tif 4 1 0.48579984927747766 
ch00_p4-pl1-sample8-sperm10.tif 4 2 0.8904295771077848 
ch00_p4-pl1-sample8-sperm2.tif 4 2 0.7291542168871553 
ch00_p4-pl1-sample9-sperm11.tif 4 4 0.875674266228906 
ch00_p4-pl1-sample9-sperm4.tif 4 4 0.9569862710466747 
ch00_p4-pl1-sample9-sperm9.tif 4 0 0.8895220232296748 
ch00_p4-pl2-sample10-sperm10.tif 4 4 0.8474409608851424 
ch00_p4-pl2-sample10-sperm12.tif 4 4 0.8498079313535111 
ch00_p4-pl2-sample10-sperm6.tif 4 4 0.9398119908544422 
ch00_p4-pl2-sample11-sperm2.tif 4 4 0.48525164793243347 
ch00_p4-pl2-sample11-sperm3.tif 4 4 0.9487547525382318 
ch00_p4-pl2-sample12-sperm1.tif 4 3 0.8528679840473907 
ch00_p4-pl2-sample12-sperm7.tif 4 4 0.7728620237758465 
ch00_p4-pl2-sample14-sperm10.tif 4 0 0.9877697441931672 
ch00_p4-pl2-sample15-sperm1.tif 4 4 0.4360851542464103 
ch00_p4-pl2-sample15-sperm4.tif 4 4 0.5012801321470997 
ch00_p4-pl2-sample16-sperm5.tif 4 3 0.7073076216886345 
ch00_p4-pl2-sample16-sperm7.tif 4 2 0.49813444858231454 
ch00_p4-pl2-sample17-sperm2.tif 4 0 0.5380432427379809 
ch00_p4-pl2-sample17-sperm4.tif 4 1 0.9875496689402472 
ch00_p4-pl2-sample18-sperm3.tif 4 3 0.7948722031136706 
ch00_p4-pl2-sample18-sperm5.tif 4 4 0.8710274804787879 
ch00_p4-pl2-sample18-sperm6.tif 4 1 0.9199090541920305 
ch00_p4-pl2-sample18-sperm8.tif 4 1 0.5752360216522802 
ch00_p4-pl2-sample19-sperm2.tif 4 1 0.43767217366509176 
ch00_p4-pl2-sample19-sperm7.tif 4 4 0.7533215859304975 
ch00_p4-pl2-sample3-sperm4.tif 4 1 0.9497889346213058 
ch00_p4-pl2-sample3-sperm5.tif 4 4 0.9282723520688447 
ch00_p4-pl2-sample3-sperm9.tif 4 4 0.9633671170147263 
ch00_p4-pl2-sample4-sperm7.tif 4 4 0.9710979799909105 
ch00_p4-pl2-sample4-sperm9.tif 4 4 0.9506721427918242 
ch00_p4-pl2-sample5-sperm1.tif 4 4 0.8343212231994074 
ch00_p4-pl2-sample5-sperm5.tif 4 3 0.9744162122623923 
ch00_p4-pl2-sample6-sperm2.tif 4 3 0.7172026304499672 
ch00_p4-pl2-sample6-sperm6.tif 4 2 0.8415345874513511 
ch00_p4-pl2-sample7-sperm10.tif 4 4 0.7329617624469504 
ch00_p4-pl2-sample7-sperm6.tif 4 1 0.4721537105959448 
ch00_p4-pl2-sample7-sperm9.tif 4 4 0.7730132234760775 
ch00_p4-pl2-sample8-sperm1.tif 4 3 0.9946761628581474 
ch00_p4-pl2-sample8-sperm2.tif 4 4 0.6955625513737481 
ch00_p4-pl2-sample9-sperm7.tif 4 4 0.5489924665634833 
ch00_p5-pl1-sample1-sperm7.tif 4 3 0.3925745066012957 
ch00_p5-pl1-sample10-sperm6.tif 4 4 0.7544129790223598 
ch00_p5-pl1-sample11-sperm10.tif 4 3 0.5880639378190393 
ch00_p5-pl1-sample12-sperm10.tif 4 1 0.5079269474473215 
ch00_p5-pl1-sample12-sperm13.tif 4 4 0.8578788410884375 
ch00_p5-pl1-sample12-sperm5.tif 4 4 0.6340496836013534 
ch00_p5-pl1-sample13-sperm6.tif 4 4 0.7253198032488195 
ch00_p5-pl1-sample15-sperm2.tif 4 4 0.6967278246127303 
ch00_p5-pl1-sample15-sperm3.tif 4 4 0.9427618482463967 
ch00_p5-pl1-sample15-sperm4.tif 4 0 0.4448032119473145 
ch00_p5-pl1-sample17-sperm10.tif 4 3 0.989647070385873 
ch00_p5-pl1-sample17-sperm17.tif 4 4 0.6931310617099182 
ch00_p5-pl1-sample18-sperm3.tif 4 4 0.8196052295012396 
ch00_p5-pl1-sample18-sperm6.tif 4 4 0.9378295259042606 
ch00_p5-pl1-sample2-sperm10.tif 4 1 0.8909976174541112 
ch00_p5-pl1-sample2-sperm3.tif 4 3 0.821952553972494 
ch00_p5-pl1-sample2-sperm6.tif 4 3 0.9922611473045253 
ch00_p5-pl1-sample20-sperm12.tif 4 4 0.8885512395901196 
ch00_p5-pl1-sample20-sperm2.tif 4 4 0.7637581236364687 
ch00_p5-pl1-sample20-sperm7.tif 4 1 0.6350312119333024 
ch00_p5-pl1-sample3-sperm13.tif 4 4 0.4680897805540365 
ch00_p5-pl1-sample3-sperm15.tif 4 4 0.42386340634306324 
ch00_p5-pl1-sample3-sperm5.tif 4 4 0.9102042280365171 
ch00_p5-pl1-sample4-sperm10.tif 4 3 0.9944802013143768 
ch00_p5-pl1-sample4-sperm7.tif 4 0 0.3710892433019032 
ch00_p5-pl1-sample5-sperm9.tif 4 4 0.829103904794198 
ch00_p5-pl1-sample9-sperm4.tif 4 4 0.6454233963064544 
