ch00_p1-pl2-sample1-sperm10.tif 0 0 0.9978820383044238 
ch00_p1-pl2-sample1-sperm3.tif 0 0 0.9736518897935056 
ch00_p1-pl2-sample10-sperm4.tif 0 0 0.7372339242752572 
ch00_p1-pl2-sample13-sperm11.tif 0 0 0.9320721942475667 
ch00_p1-pl2-sample14-sperm9.tif 0 2 0.6517230316879301 
ch00_p1-pl2-sample25-sperm4.tif 0 4 0.9191078029085493 
ch00_p1-pl2-sample3-sperm12.tif 0 4 0.9176003864978227 
ch00_p1-pl2-sample3-sperm4.tif 0 0 0.9937356454932033 
ch00_p1-pl2-sample9-sperm7.tif 0 4 0.6410254061841322 
ch00_p1-pl3-sample1-sperm17.tif 0 0 0.3773940322812651 
ch00_p1-pl3-sample12-sperm1.tif 0 4 0.9974702282611289 
ch00_p1-pl3-sample13-sperm3.tif 0 4 0.8171605268967962 
ch00_p1-pl3-sample15-sperm10.tif 0 0 0.9958897305225601 
ch00_p1-pl3-sample15-sperm22.tif 0 3 0.8896021838177632 
ch00_p1-pl3-sample16-sperm10.tif 0 3 0.795644410695396 
ch00_p1-pl3-sample17-sperm5.tif 0 0 0.8744538977456702 
ch00_p1-pl3-sample2-sperm7.tif 0 4 0.8367535928142532 
ch00_p1-pl3-sample6-sperm11.tif 0 0 0.985082345936271 
ch00_p3-pl1-sample13-sperm3.tif 0 0 0.791535522337815 
ch00_p3-pl1-sample21-sperm2.tif 0 0 0.9992947689072905 
ch00_p3-pl1-sample25-sperm12.tif 0 0 0.8763908658240254 
ch00_p3-pl1-sample3-sperm4.tif 0 0 0.9944089532393661 
ch00_p4-pl1-sample13-sperm6.tif 0 0 0.9925547426624923 
ch00_p4-pl1-sample13-sperm9.tif 0 4 0.9942537117766671 
ch00_p4-pl1-sample19-sperm1.tif 0 4 0.9956008354312476 
ch00_p4-pl1-sample2-sperm11.tif 0 4 0.6442945786265388 
ch00_p4-pl1-sample20-sperm7.tif 0 4 0.6346252714101721 
ch00_p4-pl2-sample17-sperm5.tif 0 4 0.9999999937984541 
ch00_p4-pl2-sample5-sperm6.tif 0 4 0.9999997006154089 
ch00_p5-pl1-sample7-sperm9.tif 0 4 0.9467687828022485 
ch00_p1-pl2-sample11-sperm10.tif 1 1 0.9796631773949426 
ch00_p1-pl2-sample11-sperm12.tif 1 1 0.9945957095581701 
ch00_p1-pl2-sample13-sperm10.tif 1 1 0.9996667098577172 
ch00_p1-pl2-sample13-sperm18.tif 1 1 0.9980248515517771 
ch00_p1-pl2-sample15-sperm3.tif 1 1 0.9137811958311929 
ch00_p1-pl2-sample19-sperm14.tif 1 1 0.9903254542290643 
ch00_p1-pl2-sample19-sperm8.tif 1 3 0.9787071212206216 
ch00_p1-pl2-sample2-sperm12.tif 1 1 0.9847838008173311 
ch00_p1-pl2-sample2-sperm4.tif 1 1 0.9998210977557689 
ch00_p1-pl2-sample20-sperm7.tif 1 4 0.9999999854241478 
ch00_p1-pl2-sample22-sperm6.tif 1 0 0.5360138091919565 
ch00_p1-pl2-sample23-sperm10.tif 1 4 0.9931722808294428 
ch00_p1-pl2-sample25-sperm5.tif 1 1 0.9938827252495318 
ch00_p1-pl2-sample3-sperm10.tif 1 1 0.9973769193160323 
ch00_p1-pl2-sample31-sperm4.tif 1 1 0.9093820914713513 
ch00_p1-pl2-sample32-sperm10.tif 1 1 0.9597490529843383 
ch00_p1-pl2-sample35-sperm7.tif 1 4 0.9968180324147191 
ch00_p1-pl2-sample4-sperm18.tif 1 1 0.8082824437040612 
ch00_p1-pl2-sample6-sperm10.tif 1 1 0.9999685253059711 
ch00_p1-pl2-sample6-sperm11.tif 1 4 0.9931648173555062 
ch00_p1-pl2-sample6-sperm3.tif 1 1 0.9417115513013326 
ch00_p1-pl2-sample7-sperm11.tif 1 1 0.9999872343576268 
ch00_p1-pl2-sample7-sperm3.tif 1 2 0.47101771011279114 
ch00_p1-pl3-sample10-sperm4.tif 1 1 0.810981870842555 
ch00_p1-pl3-sample11-sperm10.tif 1 1 0.9503170244490496 
ch00_p1-pl3-sample11-sperm9.tif 1 1 0.9992767324473142 
ch00_p1-pl3-sample12-sperm2.tif 1 4 0.9999998414167601 
ch00_p1-pl3-sample12-sperm5.tif 1 1 0.9968900335146469 
ch00_p1-pl3-sample13-sperm4.tif 1 4 0.8716907185704778 
ch00_p1-pl3-sample14-sperm10.tif 1 4 0.9967790301525642 
ch00_p1-pl3-sample18-sperm4.tif 1 1 0.9999205978278727 
ch00_p1-pl3-sample24-sperm17.tif 1 2 0.9975929869431388 
ch00_p1-pl3-sample24-sperm2.tif 1 1 0.9999499240182874 
ch00_p1-pl3-sample7-sperm6.tif 1 1 0.9994183090051796 
ch00_p1-pl3-sample8-sperm10.tif 1 4 0.8824493124846594 
ch00_p1-pl3-sample9-sperm13.tif 1 4 0.9999983860821605 
ch00_p3-pl1-sample10-sperm2.tif 1 1 0.9544310173601329 
ch00_p3-pl1-sample11-sperm2.tif 1 1 0.9667073890571458 
ch00_p3-pl1-sample15-sperm9.tif 1 4 0.9784000855515956 
ch00_p3-pl1-sample17-sperm2.tif 1 0 0.9673960828458222 
ch00_p3-pl1-sample19-sperm5.tif 1 1 0.9999949918353562 
ch00_p3-pl1-sample21-sperm7.tif 1 1 0.9999207661316388 
ch00_p3-pl1-sample23-sperm11.tif 1 1 0.8202060407202754 
ch00_p3-pl1-sample25-sperm11.tif 1 1 0.9999544632413884 
ch00_p3-pl1-sample26-sperm6.tif 1 1 0.9998534993382125 
ch00_p3-pl1-sample28-sperm7.tif 1 4 0.8830521860622803 
ch00_p3-pl1-sample29-sperm6.tif 1 1 0.999999783085835 
ch00_p3-pl1-sample3-sperm10.tif 1 1 0.6605342753219389 
ch00_p3-pl1-sample31-sperm6.tif 1 4 0.840283278141592 
ch00_p3-pl1-sample4-sperm2.tif 1 1 0.9996128232646613 
ch00_p4-pl1-sample1-sperm11.tif 1 4 0.9985283166665203 
ch00_p4-pl1-sample1-sperm2.tif 1 4 0.9850427775149718 
ch00_p4-pl1-sample1-sperm4.tif 1 4 0.6265596848368721 
ch00_p4-pl1-sample12-sperm5.tif 1 1 0.9190224818854843 
ch00_p4-pl1-sample16-sperm6.tif 1 1 0.9995230501366404 
ch00_p4-pl1-sample19-sperm3.tif 1 1 0.9955467549103835 
ch00_p4-pl1-sample3-sperm4.tif 1 0 0.43336688282944963 
ch00_p4-pl1-sample6-sperm5.tif 1 1 0.9854733700144351 
ch00_p4-pl1-sample8-sperm14.tif 1 4 0.8758507564267376 
ch00_p4-pl1-sample9-sperm16.tif 1 4 0.9696390167704686 
ch00_p4-pl2-sample11-sperm1.tif 1 0 0.9364774559103547 
ch00_p4-pl2-sample4-sperm3.tif 1 4 0.9999984214436283 
ch00_p4-pl2-sample5-sperm7.tif 1 4 0.99384042429203 
ch00_p5-pl1-sample14-sperm1.tif 1 4 0.9982317612200945 
ch00_p5-pl1-sample14-sperm5.tif 1 1 0.9920131896182878 
ch00_p5-pl1-sample20-sperm9.tif 1 4 0.9959032438410583 
ch00_p5-pl1-sample5-sperm16.tif 1 1 0.9271374513655611 
ch00_p5-pl1-sample6-sperm16.tif 1 1 0.9679203826179684 
ch00_p1-pl2-sample10-sperm13.tif 2 4 0.9562104252434174 
ch00_p1-pl2-sample10-sperm7.tif 2 1 0.9887784207567325 
ch00_p1-pl2-sample13-sperm4.tif 2 4 0.9999972703186919 
ch00_p1-pl2-sample15-sperm2.tif 2 2 0.9639173937954112 
ch00_p1-pl2-sample17-sperm10.tif 2 4 0.9945505301064623 
ch00_p1-pl2-sample33-sperm13.tif 2 2 0.7415434841957015 
ch00_p1-pl2-sample34-sperm5.tif 2 2 0.9212474798827329 
ch00_p1-pl2-sample8-sperm4.tif 2 2 0.6787848412100467 
ch00_p1-pl3-sample18-sperm7.tif 2 1 0.37220950102440004 
ch00_p1-pl3-sample4-sperm6.tif 2 4 0.8070164149407876 
ch00_p1-pl3-sample6-sperm17.tif 2 4 0.8905468868313637 
ch00_p1-pl3-sample6-sperm9.tif 2 0 0.9405481375184386 
ch00_p3-pl1-sample14-sperm8.tif 2 4 0.9984126410409204 
ch00_p3-pl1-sample29-sperm10.tif 2 4 0.8268421905361668 
ch00_p4-pl1-sample13-sperm4.tif 2 4 0.9616537340246287 
ch00_p4-pl1-sample16-sperm4.tif 2 4 0.9999999885866778 
ch00_p4-pl1-sample17-sperm8.tif 2 0 0.6267806800221477 
ch00_p4-pl1-sample2-sperm8.tif 2 4 0.9866083340515837 
ch00_p4-pl1-sample4-sperm6.tif 2 4 0.8961738813555231 
ch00_p4-pl1-sample5-sperm10.tif 2 4 0.9842373366401689 
ch00_p4-pl1-sample5-sperm5.tif 2 4 0.9773371238828342 
ch00_p4-pl1-sample7-sperm15.tif 2 2 0.7709670777591984 
ch00_p1-pl2-sample11-sperm3.tif 3 4 0.7401626141315565 
ch00_p1-pl2-sample17-sperm6.tif 3 4 0.9999999888366294 
ch00_p1-pl2-sample18-sperm4.tif 3 3 0.8326845394170894 
ch00_p1-pl2-sample21-sperm7.tif 3 3 0.9959800618385874 
ch00_p1-pl2-sample25-sperm9.tif 3 4 0.9895444347323537 
ch00_p1-pl2-sample4-sperm12.tif 3 4 0.9999958481415687 
ch00_p1-pl2-sample5-sperm15.tif 3 4 0.9274777649195607 
ch00_p1-pl2-sample5-sperm4.tif 3 4 0.9956700189436422 
ch00_p1-pl3-sample13-sperm12.tif 3 4 0.9999998219941413 
ch00_p1-pl3-sample15-sperm11.tif 3 4 0.7296419289977959 
ch00_p1-pl3-sample21-sperm8.tif 3 3 0.9168151592901395 
ch00_p1-pl3-sample23-sperm13.tif 3 4 0.6945544859348012 
ch00_p1-pl3-sample23-sperm15.tif 3 4 0.971606361403927 
ch00_p1-pl3-sample24-sperm1.tif 3 3 0.9969485353966931 
ch00_p3-pl1-sample10-sperm1.tif 3 4 0.8205677406001352 
ch00_p3-pl1-sample14-sperm6.tif 3 3 0.8687351086417269 
ch00_p3-pl1-sample30-sperm1.tif 3 3 0.9714326555260103 
ch00_p4-pl1-sample6-sperm12.tif 3 0 0.32933792036526444 
ch00_p4-pl1-sample9-sperm14.tif 3 4 0.8510250705441199 
ch00_p4-pl2-sample12-sperm8.tif 3 4 0.9999979832200255 
ch00_p5-pl1-sample1-sperm4.tif 3 4 0.9999996007134235 
ch00_p1-pl2-sample1-sperm1.tif 4 4 0.9999991684900785 
ch00_p1-pl2-sample1-sperm2.tif 4 4 0.9975810201975411 
ch00_p1-pl2-sample10-sperm12.tif 4 0 0.984861105111739 
ch00_p1-pl2-sample10-sperm8.tif 4 4 0.44148482990818405 
ch00_p1-pl2-sample11-sperm11.tif 4 4 0.9532895389673054 
ch00_p1-pl2-sample12-sperm11.tif 4 4 0.9963054580351809 
ch00_p1-pl2-sample12-sperm12.tif 4 4 0.9999999999781886 
ch00_p1-pl2-sample12-sperm2.tif 4 4 0.9999995373764837 
ch00_p1-pl2-sample12-sperm5.tif 4 4 0.9975853865446886 
ch00_p1-pl2-sample12-sperm7.tif 4 1 0.9642733209047033 
ch00_p1-pl2-sample14-sperm3.tif 4 4 0.9999999979283245 
ch00_p1-pl2-sample14-sperm8.tif 4 4 0.8863764461203163 
ch00_p1-pl2-sample17-sperm2.tif 4 1 0.9377328274216572 
ch00_p1-pl2-sample18-sperm2.tif 4 2 0.6946635144178042 
ch00_p1-pl2-sample20-sperm10.tif 4 1 0.9710228578296619 
ch00_p1-pl2-sample21-sperm10.tif 4 4 0.9999999973555289 
ch00_p1-pl2-sample24-sperm12.tif 4 4 0.9979815590276757 
ch00_p1-pl2-sample26-sperm1.tif 4 4 0.6139124190242814 
ch00_p1-pl2-sample28-sperm11.tif 4 4 0.9606431807374152 
ch00_p1-pl2-sample28-sperm3.tif 4 1 0.991988129574964 
ch00_p1-pl2-sample28-sperm4.tif 4 3 0.9555130767739171 
ch00_p1-pl2-sample3-sperm13.tif 4 4 0.5584302221561696 
ch00_p1-pl2-sample31-sperm9.tif 4 4 0.9928778405174228 
ch00_p1-pl2-sample34-sperm11.tif 4 4 0.9403001868786629 
ch00_p1-pl2-sample34-sperm12.tif 4 1 0.9918939338623827 
ch00_p1-pl2-sample34-sperm6.tif 4 0 0.5206760740521679 
ch00_p1-pl2-sample34-sperm8.tif 4 4 0.9631501951104694 
ch00_p1-pl2-sample35-sperm10.tif 4 4 0.7924521627243545 
ch00_p1-pl2-sample35-sperm9.tif 4 4 0.6672551302095938 
ch00_p1-pl2-sample9-sperm18.tif 4 4 0.9855600423890466 
ch00_p1-pl3-sample1-sperm13.tif 4 4 0.9999996787621163 
ch00_p1-pl3-sample10-sperm3.tif 4 4 0.9999988801848338 
ch00_p1-pl3-sample11-sperm5.tif 4 4 0.987692971052429 
ch00_p1-pl3-sample12-sperm16.tif 4 4 0.999998970698873 
ch00_p1-pl3-sample13-sperm9.tif 4 2 0.9812743406020352 
ch00_p1-pl3-sample14-sperm13.tif 4 4 0.9969171583315091 
ch00_p1-pl3-sample14-sperm16.tif 4 4 0.9852338389767648 
ch00_p1-pl3-sample15-sperm20.tif 4 3 0.9974465154786926 
ch00_p1-pl3-sample15-sperm9.tif 4 4 0.7047597493858795 
ch00_p1-pl3-sample17-sperm7.tif 4 4 0.9999999925535601 
ch00_p1-pl3-sample18-sperm6.tif 4 4 0.9959412707478315 
ch00_p1-pl3-sample19-sperm1.tif 4 0 0.9773841837565715 
ch00_p1-pl3-sample19-sperm2.tif 4 4 0.8534811220619445 
ch00_p1-pl3-sample2-sperm11.tif 4 1 0.8312720380332457 
ch00_p1-pl3-sample2-sperm12.tif 4 2 0.9282085842966321 
ch00_p1-pl3-sample2-sperm4.tif 4 0 0.9968577636521518 
ch00_p1-pl3-sample20-sperm12.tif 4 4 0.999999826552902 
ch00_p1-pl3-sample20-sperm7.tif 4 4 0.8368989265132469 
ch00_p1-pl3-sample21-sperm3.tif 4 1 0.9989668811997466 
ch00_p1-pl3-sample21-sperm4.tif 4 4 0.5346020632002825 
ch00_p1-pl3-sample21-sperm6.tif 4 0 0.9521151472174122 
ch00_p1-pl3-sample22-sperm1.tif 4 4 0.9618392612651966 
ch00_p1-pl3-sample23-sperm17.tif 4 4 0.9999998831455802 
ch00_p1-pl3-sample23-sperm3.tif 4 1 0.9632068949372798 
ch00_p1-pl3-sample24-sperm23.tif 4 4 0.7104654308447854 
ch00_p1-pl3-sample24-sperm5.tif 4 1 0.9999217683894643 
ch00_p1-pl3-sample24-sperm8.tif 4 2 0.6512517773916554 
ch00_p1-pl3-sample25-sperm9.tif 4 4 0.46922720052632316 
ch00_p1-pl3-sample3-sperm5.tif 4 4 0.9965447280107822 
ch00_p1-pl3-sample3-sperm7.tif 4 4 0.9889355968687804 
ch00_p1-pl3-sample4-sperm3.tif 4 3 0.9865768512271066 
ch00_p1-pl3-sample4-sperm9.tif 4 4 0.9957941233776276 
ch00_p1-pl3-sample5-sperm14.tif 4 4 0.9999997617597827 
ch00_p1-pl3-sample5-sperm9.tif 4 4 0.6229085552994038 
ch00_p1-pl3-sample6-sperm5.tif 4 4 0.9558342792967901 
ch00_p1-pl3-sample7-sperm2.tif 4 4 0.999999860078821 
ch00_p1-pl3-sample7-sperm3.tif 4 4 0.9963701293728542 
ch00_p1-pl3-sample7-sperm7.tif 4 4 0.7392293243061872 
ch00_p1-pl3-sample8-sperm6.tif 4 4 0.9999972217911794 
ch00_p1-pl3-sample9-sperm14.tif 4 4 0.9999999920585588 
ch00_p3-pl1-sample1-sperm4.tif 4 4 0.9999966730458892 
ch00_p3-pl1-sample1-sperm5.tif 4 1 0.5408051382089125 
ch00_p3-pl1-sample10-sperm4.tif 4 4 0.9689140130278395 
ch00_p3-pl1-sample11-sperm7.tif 4 4 0.9921671387699151 
ch00_p3-pl1-sample12-sperm7.tif 4 4 0.9999987930473307 
ch00_p3-pl1-sample13-sperm1.tif 4 1 0.8280945354946587 
ch00_p3-pl1-sample18-sperm2.tif 4 0 0.9422849041227772 
ch00_p3-pl1-sample19-sperm3.tif 4 1 0.9912044203514635 
ch00_p3-pl1-sample2-sperm6.tif 4 4 0.9951844210346786 
ch00_p3-pl1-sample20-sperm4.tif 4 4 0.6034815325160064 
ch00_p3-pl1-sample21-sperm8.tif 4 3 0.9999599198212266 
ch00_p3-pl1-sample22-sperm8.tif 4 4 0.8535200811457353 
ch00_p3-pl1-sample23-sperm2.tif 4 4 0.9853961829576559 
ch00_p3-pl1-sample23-sperm7.tif 4 4 0.999999980252166 
ch00_p3-pl1-sample24-sperm2.tif 4 4 0.9999999813386987 
ch00_p3-pl1-sample25-sperm10.tif 4 1 0.9981028834441662 
ch00_p3-pl1-sample25-sperm5.tif 4 1 0.983078199552204 
ch00_p3-pl1-sample25-sperm8.tif 4 4 0.9999999699130291 
ch00_p3-pl1-sample26-sperm1.tif 4 4 0.9999971806252398 
ch00_p3-pl1-sample27-sperm3.tif 4 3 0.9936408425030789 
ch00_p3-pl1-sample29-sperm9.tif 4 4 0.9967573284060275 
ch00_p3-pl1-sample31-sperm7.tif 4 4 0.9761562556603184 
ch00_p3-pl1-sample32-sperm7.tif 4 1 0.9987679516411602 
ch00_p3-pl1-sample5-sperm3.tif 4 1 0.9963260897991417 
ch00_p3-pl1-sample5-sperm5.tif 4 4 0.9999989718336277 
ch00_p3-pl1-sample7-sperm6.tif 4 4 0.9999999994605192 
ch00_p4-pl1-sample1-sperm6.tif 4 4 0.9950579388415796 
ch00_p4-pl1-sample1-sperm7.tif 4 4 0.9972660394341119 
ch00_p4-pl1-sample1-sperm9.tif 4 4 0.989221715810984 
ch00_p4-pl1-sample10-sperm15.tif 4 0 0.8082945280253753 
ch00_p4-pl1-sample10-sperm17.tif 4 2 0.7478010039492486 
ch00_p4-pl1-sample10-sperm20.tif 4 2 0.3895067603934177 
ch00_p4-pl1-sample10-sperm5.tif 4 1 0.9423713302968022 
ch00_p4-pl1-sample11-sperm5.tif 4 4 0.9952582045672627 
ch00_p4-pl1-sample12-sperm1.tif 4 1 0.9034340102701711 
ch00_p4-pl1-sample12-sperm11.tif 4 4 0.939901050265496 
ch00_p4-pl1-sample12-sperm9.tif 4 4 0.9866320896024252 
ch00_p4-pl1-sample14-sperm12.tif 4 4 0.9975453555662918 
ch00_p4-pl1-sample14-sperm3.tif 4 0 0.3810158420919573 
ch00_p4-pl1-sample14-sperm7.tif 4 4 0.9977708343728878 
ch00_p4-pl1-sample16-sperm1.tif 4 1 0.9970411460998598 
ch00_p4-pl1-sample16-sperm7.tif 4 0 0.999953825836031 
ch00_p4-pl1-sample17-sperm5.tif 4 2 0.8888942713176728 
ch00_p4-pl1-sample18-sperm6.tif 4 4 0.9925662243515314 
ch00_p4-pl1-sample2-sperm10.tif 4 3 0.9859583574300261 
ch00_p4-pl1-sample2-sperm12.tif 4 4 0.999998121508685 
ch00_p4-pl1-sample2-sperm5.tif 4 4 0.99149525739963 
ch00_p4-pl1-sample20-sperm10.tif 4 0 0.9922861122153113 
ch00_p4-pl1-sample20-sperm11.tif 4 0 0.9872895622508059 
ch00_p4-pl1-sample20-sperm6.tif 4 1 0.945088810965033 
ch00_p4-pl1-sample4-sperm14.tif 4 4 0.9999990835904061 
ch00_p4-pl1-sample4-sperm3.tif 4 4 0.9823575641634233 
ch00_p4-pl1-sample6-sperm11.tif 4 4 0.9999984773742077 
ch00_p4-pl1-sample6-sperm4.tif 4 0 0.9718722641941274 
ch00_p4-pl1-sample6-sperm8.tif 4 2 0.9853632328356116 
ch00_p4-pl1-sample7-sperm10.tif 4 3 0.8643519101233506 
ch00_p4-pl1-sample7-sperm17.tif 4 4 0.9616083836473838 
ch00_p4-pl1-sample7-sperm2.tif 4 4 0.9999997098141603 
ch00_p4-pl1-sample7-sperm3.tif 4 2 0.8216380542127136 
ch00_p4-pl1-sample8-sperm10.tif 4 2 0.9997075620784621 
ch00_p4-pl1-sample8-sperm2.tif 4 4 0.9776843640322069 
ch00_p4-pl1-sample9-sperm11.tif 4 4 0.9146312875495302 
ch00_p4-pl1-sample9-sperm4.tif 4 4 0.9962832974768127 
ch00_p4-pl1-sample9-sperm9.tif 4 0 0.9992352209031808 
ch00_p4-pl2-sample10-sperm10.tif 4 4 0.9793046387536674 
ch00_p4-pl2-sample10-sperm12.tif 4 4 0.986788931805044 
ch00_p4-pl2-sample10-sperm6.tif 4 4 0.9999999987304721 
ch00_p4-pl2-sample11-sperm2.tif 4 4 0.9978410012513994 
ch00_p4-pl2-sample11-sperm3.tif 4 4 0.9968210396992478 
ch00_p4-pl2-sample12-sperm1.tif 4 4 0.8763001732296998 
ch00_p4-pl2-sample12-sperm7.tif 4 4 0.9999990351374045 
ch00_p4-pl2-sample14-sperm10.tif 4 0 0.8839639328686606 
ch00_p4-pl2-sample15-sperm1.tif 4 2 0.8893345203061999 
ch00_p4-pl2-sample15-sperm4.tif 4 4 0.9599935499165907 
ch00_p4-pl2-sample16-sperm5.tif 4 3 0.9903630861791111 
ch00_p4-pl2-sample16-sperm7.tif 4 4 0.9999999986890917 
ch00_p4-pl2-sample17-sperm2.tif 4 4 0.9875431791447805 
ch00_p4-pl2-sample17-sperm4.tif 4 1 0.8951919291788456 
ch00_p4-pl2-sample18-sperm3.tif 4 4 0.9845984120984779 
ch00_p4-pl2-sample18-sperm5.tif 4 4 0.9893791894972643 
ch00_p4-pl2-sample18-sperm6.tif 4 1 0.8472309179613179 
ch00_p4-pl2-sample18-sperm8.tif 4 1 0.9996079334663868 
ch00_p4-pl2-sample19-sperm2.tif 4 4 0.9680717812021387 
ch00_p4-pl2-sample19-sperm7.tif 4 4 0.9999994898221524 
ch00_p4-pl2-sample3-sperm4.tif 4 1 0.9999918916720014 
ch00_p4-pl2-sample3-sperm5.tif 4 4 0.9999999907337713 
ch00_p4-pl2-sample3-sperm9.tif 4 4 0.8960838604229938 
ch00_p4-pl2-sample4-sperm7.tif 4 0 0.9636625348934867 
ch00_p4-pl2-sample4-sperm9.tif 4 0 0.9831812882608102 
ch00_p4-pl2-sample5-sperm1.tif 4 4 0.8537337758798973 
ch00_p4-pl2-sample5-sperm5.tif 4 3 0.674470650967744 
ch00_p4-pl2-sample6-sperm2.tif 4 3 0.9206654365837231 
ch00_p4-pl2-sample6-sperm6.tif 4 2 0.9023426629071102 
ch00_p4-pl2-sample7-sperm10.tif 4 4 0.9901534603889669 
ch00_p4-pl2-sample7-sperm6.tif 4 4 0.9999986589000297 
ch00_p4-pl2-sample7-sperm9.tif 4 4 0.9884373189294968 
ch00_p4-pl2-sample8-sperm1.tif 4 4 0.9720984842395504 
ch00_p4-pl2-sample8-sperm2.tif 4 4 0.9881035826427881 
ch00_p4-pl2-sample9-sperm7.tif 4 4 0.960909943793338 
ch00_p5-pl1-sample1-sperm7.tif 4 1 0.5920644067300322 
ch00_p5-pl1-sample10-sperm6.tif 4 4 0.9999976945563845 
ch00_p5-pl1-sample11-sperm10.tif 4 4 0.9999998596597222 
ch00_p5-pl1-sample12-sperm10.tif 4 4 0.9714085166037097 
ch00_p5-pl1-sample12-sperm13.tif 4 4 0.98652698343279 
ch00_p5-pl1-sample12-sperm5.tif 4 4 0.9999984630416074 
ch00_p5-pl1-sample13-sperm6.tif 4 4 0.9909745623954613 
ch00_p5-pl1-sample15-sperm2.tif 4 4 0.969752397737583 
ch00_p5-pl1-sample15-sperm3.tif 4 4 0.9999996617458229 
ch00_p5-pl1-sample15-sperm4.tif 4 4 0.9999983528177583 
ch00_p5-pl1-sample17-sperm10.tif 4 4 0.9977053450329454 
ch00_p5-pl1-sample17-sperm17.tif 4 4 0.9902576947735153 
ch00_p5-pl1-sample18-sperm3.tif 4 4 0.9999999599372678 
ch00_p5-pl1-sample18-sperm6.tif 4 4 0.999999263203261 
ch00_p5-pl1-sample2-sperm10.tif 4 4 0.972774908467071 
ch00_p5-pl1-sample2-sperm3.tif 4 4 0.9893250729271262 
ch00_p5-pl1-sample2-sperm6.tif 4 4 0.9841776936957054 
ch00_p5-pl1-sample20-sperm12.tif 4 4 0.999999577693764 
ch00_p5-pl1-sample20-sperm2.tif 4 4 0.9929092602016606 
ch00_p5-pl1-sample20-sperm7.tif 4 4 0.9289580399979023 
ch00_p5-pl1-sample3-sperm13.tif 4 4 0.9967349019995242 
ch00_p5-pl1-sample3-sperm15.tif 4 4 0.9985312936778582 
ch00_p5-pl1-sample3-sperm5.tif 4 4 0.9910549558861773 
ch00_p5-pl1-sample4-sperm10.tif 4 4 0.9415431678028656 
ch00_p5-pl1-sample4-sperm7.tif 4 4 0.9999993222509489 
ch00_p5-pl1-sample5-sperm9.tif 4 4 0.9979028436353867 
ch00_p5-pl1-sample9-sperm4.tif 4 4 0.9965695731402663 
