ch00_p1-pl2-sample1-sperm10.tif 0 0 0.8403028654069638 
ch00_p1-pl2-sample1-sperm3.tif 0 0 0.798673677829813 
ch00_p1-pl2-sample1-sperm5.tif 0 3 0.5982569227789192 
ch00_p1-pl2-sample10-sperm1.tif 0 0 0.4016145972653204 
ch00_p1-pl2-sample10-sperm4.tif 0 0 0.7258593302260421 
ch00_p1-pl2-sample25-sperm4.tif 0 0 0.800291102672411 
ch00_p1-pl2-sample35-sperm1.tif 0 0 0.7653293573867852 
ch00_p1-pl2-sample5-sperm3.tif 0 4 0.4132228441767881 
ch00_p1-pl2-sample8-sperm6.tif 0 0 0.8082204616043157 
ch00_p1-pl2-sample9-sperm7.tif 0 0 0.855211562190579 
ch00_p1-pl2-sample9-sperm9.tif 0 3 0.6518524403790779 
ch00_p1-pl3-sample1-sperm17.tif 0 0 0.6955586908920637 
ch00_p1-pl3-sample16-sperm7.tif 0 0 0.9236015454069848 
ch00_p1-pl3-sample20-sperm6.tif 0 4 0.7263992446165051 
ch00_p3-pl1-sample1-sperm1.tif 0 0 0.7515612391957174 
ch00_p3-pl1-sample19-sperm2.tif 0 0 0.7912627681387394 
ch00_p3-pl1-sample2-sperm4.tif 0 0 0.8219420736429344 
ch00_p3-pl1-sample25-sperm13.tif 0 3 0.5167815564765785 
ch00_p3-pl1-sample3-sperm4.tif 0 0 0.56483855859662 
ch00_p3-pl1-sample4-sperm4.tif 0 0 0.6582609990783949 
ch00_p4-pl1-sample15-sperm6.tif 0 0 0.6257020197880442 
ch00_p4-pl1-sample18-sperm4.tif 0 4 0.6095484026306203 
ch00_p4-pl1-sample2-sperm4.tif 0 4 0.5729351135695664 
ch00_p4-pl1-sample6-sperm1.tif 0 0 0.8618870588739515 
ch00_p4-pl1-sample9-sperm5.tif 0 0 0.572164524154675 
ch00_p4-pl2-sample13-sperm1.tif 0 4 0.4188343499847129 
ch00_p4-pl2-sample16-sperm9.tif 0 0 0.5768043282028253 
ch00_p5-pl1-sample15-sperm10.tif 0 4 0.5594106711556323 
ch00_p5-pl1-sample2-sperm9.tif 0 3 0.6737034179134818 
ch00_p5-pl1-sample5-sperm3.tif 0 4 0.4461763455860207 
ch00_p1-pl2-sample11-sperm12.tif 1 1 0.84335692585454 
ch00_p1-pl2-sample13-sperm10.tif 1 1 0.894230960466217 
ch00_p1-pl2-sample13-sperm18.tif 1 1 0.8709327253376608 
ch00_p1-pl2-sample18-sperm1.tif 1 2 0.6276937304612398 
ch00_p1-pl2-sample18-sperm5.tif 1 1 0.8485737174569425 
ch00_p1-pl2-sample19-sperm14.tif 1 2 0.49458573005650047 
ch00_p1-pl2-sample19-sperm8.tif 1 3 0.437980467752494 
ch00_p1-pl2-sample19-sperm9.tif 1 1 0.9414569915342682 
ch00_p1-pl2-sample2-sperm12.tif 1 1 0.836544370767685 
ch00_p1-pl2-sample2-sperm3.tif 1 4 0.4560947716686533 
ch00_p1-pl2-sample2-sperm4.tif 1 1 0.48551683765315745 
ch00_p1-pl2-sample21-sperm3.tif 1 1 0.8814184015224195 
ch00_p1-pl2-sample21-sperm6.tif 1 4 0.5693167968685721 
ch00_p1-pl2-sample22-sperm3.tif 1 1 0.3607934986737581 
ch00_p1-pl2-sample23-sperm10.tif 1 1 0.8055195458799493 
ch00_p1-pl2-sample25-sperm8.tif 1 1 0.5626195894862376 
ch00_p1-pl2-sample29-sperm5.tif 1 1 0.7748382262467428 
ch00_p1-pl2-sample3-sperm17.tif 1 1 0.9118271705618203 
ch00_p1-pl2-sample32-sperm10.tif 1 1 0.9292935405715952 
ch00_p1-pl2-sample4-sperm17.tif 1 2 0.7023095852230824 
ch00_p1-pl2-sample6-sperm4.tif 1 1 0.8747271116720088 
ch00_p1-pl2-sample7-sperm2.tif 1 1 0.6639316394593389 
ch00_p1-pl2-sample8-sperm3.tif 1 1 0.9439847311896037 
ch00_p1-pl2-sample9-sperm11.tif 1 1 0.860043695661409 
ch00_p1-pl2-sample9-sperm12.tif 1 2 0.8148311454112738 
ch00_p1-pl3-sample10-sperm4.tif 1 1 0.6314798892135217 
ch00_p1-pl3-sample10-sperm6.tif 1 1 0.947015191702258 
ch00_p1-pl3-sample11-sperm10.tif 1 1 0.8867328540472404 
ch00_p1-pl3-sample14-sperm8.tif 1 1 0.7543070243256512 
ch00_p1-pl3-sample16-sperm14.tif 1 1 0.5457652048521153 
ch00_p1-pl3-sample18-sperm3.tif 1 1 0.8570324522878011 
ch00_p1-pl3-sample19-sperm4.tif 1 1 0.6052968622621666 
ch00_p1-pl3-sample24-sperm2.tif 1 1 0.4297052714080061 
ch00_p1-pl3-sample6-sperm16.tif 1 1 0.420151400597038 
ch00_p1-pl3-sample7-sperm10.tif 1 1 0.9187274091217896 
ch00_p1-pl3-sample9-sperm13.tif 1 1 0.8497832470712914 
ch00_p3-pl1-sample14-sperm2.tif 1 4 0.6403716672399637 
ch00_p3-pl1-sample18-sperm3.tif 1 1 0.9507270003215218 
ch00_p3-pl1-sample19-sperm5.tif 1 1 0.7460761429043536 
ch00_p3-pl1-sample2-sperm7.tif 1 1 0.8844847972597696 
ch00_p3-pl1-sample22-sperm2.tif 1 1 0.9324830302740531 
ch00_p3-pl1-sample23-sperm11.tif 1 4 0.4802244557115265 
ch00_p3-pl1-sample26-sperm2.tif 1 4 0.7874311921031864 
ch00_p3-pl1-sample28-sperm7.tif 1 1 0.7783407690340166 
ch00_p3-pl1-sample3-sperm7.tif 1 1 0.8411050015585031 
ch00_p3-pl1-sample31-sperm6.tif 1 1 0.7751303666028563 
ch00_p3-pl1-sample32-sperm5.tif 1 1 0.6248240848462506 
ch00_p3-pl1-sample4-sperm2.tif 1 1 0.8464462009756092 
ch00_p3-pl1-sample6-sperm5.tif 1 1 0.851822501380595 
ch00_p4-pl1-sample1-sperm11.tif 1 1 0.8273068253516848 
ch00_p4-pl1-sample1-sperm4.tif 1 1 0.9279639663708958 
ch00_p4-pl1-sample10-sperm18.tif 1 1 0.7369748502713261 
ch00_p4-pl1-sample3-sperm8.tif 1 2 0.6423054498180113 
ch00_p4-pl1-sample6-sperm5.tif 1 2 0.5554791307419527 
ch00_p4-pl1-sample8-sperm14.tif 1 4 0.6990191089157418 
ch00_p4-pl1-sample9-sperm13.tif 1 1 0.4383475975831378 
ch00_p4-pl2-sample1-sperm6.tif 1 1 0.7613609225474693 
ch00_p4-pl2-sample5-sperm7.tif 1 1 0.8504671712504579 
ch00_p4-pl2-sample7-sperm11.tif 1 4 0.7425336199035395 
ch00_p5-pl1-sample11-sperm5.tif 1 1 0.7105358617223264 
ch00_p5-pl1-sample12-sperm17.tif 1 1 0.3780594462935719 
ch00_p5-pl1-sample14-sperm1.tif 1 1 0.8447379014107171 
ch00_p5-pl1-sample17-sperm15.tif 1 1 0.8711856670636898 
ch00_p5-pl1-sample2-sperm2.tif 1 1 0.5633702286666175 
ch00_p5-pl1-sample20-sperm11.tif 1 1 0.5376835314607326 
ch00_p5-pl1-sample20-sperm3.tif 1 1 0.9345766872804541 
ch00_p5-pl1-sample20-sperm9.tif 1 1 0.7205329293014111 
ch00_p5-pl1-sample7-sperm6.tif 1 4 0.7348939222487598 
ch00_p1-pl2-sample17-sperm12.tif 2 4 0.6644345672947942 
ch00_p1-pl2-sample2-sperm15.tif 2 4 0.6293293818893857 
ch00_p1-pl2-sample34-sperm5.tif 2 2 0.690433608093012 
ch00_p1-pl2-sample35-sperm6.tif 2 2 0.8283780929185831 
ch00_p1-pl3-sample10-sperm5.tif 2 2 0.4420214455720502 
ch00_p1-pl3-sample12-sperm12.tif 2 1 0.5500981285329777 
ch00_p1-pl3-sample15-sperm14.tif 2 2 0.6307591024447273 
ch00_p1-pl3-sample17-sperm9.tif 2 2 0.9814647020035848 
ch00_p1-pl3-sample5-sperm12.tif 2 4 0.617278306289305 
ch00_p1-pl3-sample7-sperm13.tif 2 2 0.4849753156567509 
ch00_p3-pl1-sample25-sperm7.tif 2 1 0.7918636951871214 
ch00_p3-pl1-sample29-sperm10.tif 2 2 0.3618161304403499 
ch00_p4-pl1-sample12-sperm15.tif 2 2 0.7984869290753595 
ch00_p4-pl1-sample16-sperm4.tif 2 4 0.8058296693375778 
ch00_p4-pl1-sample17-sperm4.tif 2 1 0.5993364568608841 
ch00_p4-pl1-sample19-sperm7.tif 2 4 0.3986975192163499 
ch00_p4-pl1-sample2-sperm8.tif 2 4 0.5965809795690684 
ch00_p4-pl1-sample4-sperm6.tif 2 0 0.4578069041722542 
ch00_p4-pl1-sample6-sperm2.tif 2 1 0.5344311196768615 
ch00_p4-pl1-sample7-sperm15.tif 2 4 0.513161045835186 
ch00_p4-pl2-sample3-sperm10.tif 2 2 0.7463879721008266 
ch00_p4-pl2-sample4-sperm11.tif 2 2 0.9038539071608218 
ch00_p1-pl2-sample11-sperm3.tif 3 3 0.5637295581731112 
ch00_p1-pl2-sample17-sperm6.tif 3 0 0.5447082851774827 
ch00_p1-pl2-sample21-sperm5.tif 3 0 0.8414195753662128 
ch00_p1-pl2-sample22-sperm2.tif 3 3 0.601417618587131 
ch00_p1-pl2-sample5-sperm4.tif 3 3 0.8673528094832996 
ch00_p1-pl2-sample7-sperm4.tif 3 3 0.6369152862818043 
ch00_p1-pl3-sample15-sperm11.tif 3 0 0.7389628434105141 
ch00_p1-pl3-sample16-sperm11.tif 3 3 0.8559737566192526 
ch00_p1-pl3-sample23-sperm15.tif 3 4 0.7063862745647902 
ch00_p1-pl3-sample25-sperm14.tif 3 3 0.7570890469488513 
ch00_p1-pl3-sample4-sperm4.tif 3 4 0.540899092862475 
ch00_p1-pl3-sample9-sperm9.tif 3 4 0.5779765566623427 
ch00_p3-pl1-sample30-sperm1.tif 3 3 0.8145460973671032 
ch00_p3-pl1-sample31-sperm3.tif 3 4 0.6245950448047397 
ch00_p4-pl1-sample10-sperm2.tif 3 4 0.8910499916791799 
ch00_p4-pl1-sample20-sperm4.tif 3 2 0.29771487743675207 
ch00_p4-pl1-sample20-sperm8.tif 3 3 0.7319269773172579 
ch00_p4-pl2-sample12-sperm8.tif 3 3 0.7235065263545352 
ch00_p4-pl2-sample8-sperm3.tif 3 4 0.44110188435156883 
ch00_p5-pl1-sample10-sperm3.tif 3 3 0.43846016040452884 
ch00_p5-pl1-sample18-sperm1.tif 3 1 0.4514094395575926 
ch00_p1-pl2-sample1-sperm4.tif 4 1 0.7348613403924571 
ch00_p1-pl2-sample10-sperm12.tif 4 0 0.8382975606682186 
ch00_p1-pl2-sample11-sperm9.tif 4 4 0.7988185267682427 
ch00_p1-pl2-sample12-sperm1.tif 4 2 0.9421976456061747 
ch00_p1-pl2-sample12-sperm8.tif 4 4 0.5763519023943132 
ch00_p1-pl2-sample13-sperm1.tif 4 1 0.6061800162723235 
ch00_p1-pl2-sample13-sperm14.tif 4 1 0.46599203165548864 
ch00_p1-pl2-sample13-sperm5.tif 4 4 0.6861065805946315 
ch00_p1-pl2-sample14-sperm11.tif 4 4 0.6223299954688747 
ch00_p1-pl2-sample14-sperm2.tif 4 0 0.488194102657682 
ch00_p1-pl2-sample2-sperm11.tif 4 4 0.5675479279184921 
ch00_p1-pl2-sample2-sperm17.tif 4 0 0.8743969424799509 
ch00_p1-pl2-sample20-sperm2.tif 4 0 0.4301649933639748 
ch00_p1-pl2-sample20-sperm5.tif 4 4 0.6945107360983498 
ch00_p1-pl2-sample22-sperm11.tif 4 3 0.7436624723898572 
ch00_p1-pl2-sample23-sperm16.tif 4 4 0.7689631562978161 
ch00_p1-pl2-sample23-sperm17.tif 4 4 0.7622603610584777 
ch00_p1-pl2-sample29-sperm4.tif 4 3 0.39067095962534765 
ch00_p1-pl2-sample3-sperm1.tif 4 4 0.6406148272293202 
ch00_p1-pl2-sample3-sperm13.tif 4 1 0.8314255200498883 
ch00_p1-pl2-sample3-sperm15.tif 4 4 0.365454565580396 
ch00_p1-pl2-sample3-sperm8.tif 4 0 0.6674774407037253 
ch00_p1-pl2-sample30-sperm1.tif 4 3 0.5202167745536562 
ch00_p1-pl2-sample30-sperm10.tif 4 4 0.7050363486260173 
ch00_p1-pl2-sample30-sperm4.tif 4 4 0.5631895446422092 
ch00_p1-pl2-sample31-sperm12.tif 4 4 0.7356644461744727 
ch00_p1-pl2-sample31-sperm3.tif 4 1 0.8592555717785114 
ch00_p1-pl2-sample31-sperm9.tif 4 4 0.6456122475095228 
ch00_p1-pl2-sample32-sperm1.tif 4 2 0.6834443171857002 
ch00_p1-pl2-sample33-sperm3.tif 4 4 0.5546910063701346 
ch00_p1-pl2-sample34-sperm6.tif 4 0 0.6702865177694601 
ch00_p1-pl2-sample34-sperm7.tif 4 4 0.7050344994159358 
ch00_p1-pl2-sample34-sperm8.tif 4 4 0.7345718810925961 
ch00_p1-pl2-sample5-sperm12.tif 4 0 0.630375328707137 
ch00_p1-pl2-sample5-sperm13.tif 4 1 0.7599087766809849 
ch00_p1-pl2-sample7-sperm1.tif 4 4 0.7956722588994243 
ch00_p1-pl2-sample7-sperm5.tif 4 4 0.7233495310077345 
ch00_p1-pl2-sample9-sperm18.tif 4 4 0.5854695752988235 
ch00_p1-pl2-sample9-sperm4.tif 4 4 0.7338851249059407 
ch00_p1-pl3-sample1-sperm13.tif 4 4 0.47037448564044393 
ch00_p1-pl3-sample10-sperm7.tif 4 4 0.625800624762851 
ch00_p1-pl3-sample12-sperm3.tif 4 4 0.705249370109826 
ch00_p1-pl3-sample13-sperm7.tif 4 4 0.6502732351636155 
ch00_p1-pl3-sample14-sperm1.tif 4 0 0.4903831067211116 
ch00_p1-pl3-sample14-sperm11.tif 4 3 0.7661263146802856 
ch00_p1-pl3-sample15-sperm19.tif 4 4 0.5826910073048683 
ch00_p1-pl3-sample15-sperm9.tif 4 0 0.7334537556283494 
ch00_p1-pl3-sample16-sperm17.tif 4 4 0.7290623156653382 
ch00_p1-pl3-sample17-sperm7.tif 4 4 0.7059961623094143 
ch00_p1-pl3-sample18-sperm6.tif 4 4 0.7471027532824263 
ch00_p1-pl3-sample19-sperm1.tif 4 0 0.7294001923312663 
ch00_p1-pl3-sample19-sperm3.tif 4 1 0.8893994996480831 
ch00_p1-pl3-sample19-sperm8.tif 4 0 0.8232414229482634 
ch00_p1-pl3-sample2-sperm12.tif 4 4 0.45348417578131395 
ch00_p1-pl3-sample2-sperm14.tif 4 1 0.4842473518010722 
ch00_p1-pl3-sample2-sperm4.tif 4 4 0.38971308553487405 
ch00_p1-pl3-sample2-sperm8.tif 4 4 0.3606778848527905 
ch00_p1-pl3-sample20-sperm12.tif 4 4 0.8826066586353861 
ch00_p1-pl3-sample20-sperm8.tif 4 4 0.693565607970782 
ch00_p1-pl3-sample21-sperm6.tif 4 0 0.9232688551064915 
ch00_p1-pl3-sample22-sperm1.tif 4 1 0.532563673066241 
ch00_p1-pl3-sample22-sperm9.tif 4 0 0.4724952914491636 
ch00_p1-pl3-sample23-sperm17.tif 4 4 0.5185810816285862 
ch00_p1-pl3-sample24-sperm7.tif 4 3 0.7181324156423505 
ch00_p1-pl3-sample25-sperm4.tif 4 2 0.840796488746306 
ch00_p1-pl3-sample3-sperm4.tif 4 0 0.34905619743128274 
ch00_p1-pl3-sample3-sperm7.tif 4 4 0.4067081821258346 
ch00_p1-pl3-sample4-sperm3.tif 4 3 0.7865855513096063 
ch00_p1-pl3-sample4-sperm9.tif 4 4 0.5212767682250529 
ch00_p1-pl3-sample5-sperm6.tif 4 1 0.5792927847535787 
ch00_p1-pl3-sample5-sperm9.tif 4 4 0.4642825959554572 
ch00_p1-pl3-sample6-sperm14.tif 4 4 0.7223325804907392 
ch00_p1-pl3-sample6-sperm5.tif 4 4 0.8509579978801729 
ch00_p1-pl3-sample6-sperm6.tif 4 0 0.6432379916754853 
ch00_p1-pl3-sample7-sperm2.tif 4 4 0.6706892805481128 
ch00_p1-pl3-sample7-sperm3.tif 4 4 0.7993966239831449 
ch00_p1-pl3-sample8-sperm8.tif 4 4 0.7101149026097965 
ch00_p3-pl1-sample12-sperm7.tif 4 1 0.42165999290766376 
ch00_p3-pl1-sample13-sperm1.tif 4 1 0.8774116622173311 
ch00_p3-pl1-sample13-sperm4.tif 4 4 0.6919304830476427 
ch00_p3-pl1-sample13-sperm6.tif 4 0 0.8031407857502763 
ch00_p3-pl1-sample16-sperm1.tif 4 4 0.5974649294842947 
ch00_p3-pl1-sample16-sperm3.tif 4 4 0.7244745035709669 
ch00_p3-pl1-sample16-sperm5.tif 4 0 0.6211701694984513 
ch00_p3-pl1-sample19-sperm3.tif 4 3 0.5199452764365473 
ch00_p3-pl1-sample2-sperm10.tif 4 4 0.6933833706911288 
ch00_p3-pl1-sample23-sperm2.tif 4 4 0.7899716582845311 
ch00_p3-pl1-sample23-sperm7.tif 4 4 0.5868559020285226 
ch00_p3-pl1-sample23-sperm9.tif 4 0 0.8634392679649977 
ch00_p3-pl1-sample24-sperm2.tif 4 4 0.45553585182268175 
ch00_p3-pl1-sample24-sperm4.tif 4 4 0.7685005613074328 
ch00_p3-pl1-sample25-sperm2.tif 4 3 0.49265924275548895 
ch00_p3-pl1-sample26-sperm1.tif 4 4 0.8356525071786121 
ch00_p3-pl1-sample26-sperm5.tif 4 4 0.5257078438688109 
ch00_p3-pl1-sample27-sperm3.tif 4 3 0.7398961877150606 
ch00_p3-pl1-sample31-sperm1.tif 4 1 0.904856992876043 
ch00_p3-pl1-sample31-sperm7.tif 4 3 0.452879017365256 
ch00_p3-pl1-sample7-sperm1.tif 4 4 0.5830028088695381 
ch00_p3-pl1-sample7-sperm11.tif 4 4 0.627188036511815 
ch00_p3-pl1-sample7-sperm7.tif 4 1 0.660461366321158 
ch00_p3-pl1-sample9-sperm9.tif 4 1 0.3310831546523763 
ch00_p4-pl1-sample1-sperm8.tif 4 4 0.870218374786354 
ch00_p4-pl1-sample10-sperm11.tif 4 1 0.4961945627807908 
ch00_p4-pl1-sample10-sperm21.tif 4 2 0.455977695626427 
ch00_p4-pl1-sample11-sperm1.tif 4 2 0.8512552378531195 
ch00_p4-pl1-sample11-sperm8.tif 4 0 0.7551675679214586 
ch00_p4-pl1-sample12-sperm1.tif 4 1 0.9377880740240548 
ch00_p4-pl1-sample12-sperm2.tif 4 2 0.8808267757597615 
ch00_p4-pl1-sample12-sperm3.tif 4 1 0.5971729338555481 
ch00_p4-pl1-sample12-sperm6.tif 4 1 0.49122249029821596 
ch00_p4-pl1-sample12-sperm9.tif 4 4 0.8523171094393549 
ch00_p4-pl1-sample13-sperm5.tif 4 4 0.8098289278130157 
ch00_p4-pl1-sample13-sperm8.tif 4 1 0.7069759192245813 
ch00_p4-pl1-sample14-sperm13.tif 4 0 0.891654590461324 
ch00_p4-pl1-sample14-sperm4.tif 4 0 0.7199876307941997 
ch00_p4-pl1-sample15-sperm10.tif 4 1 0.9062480878580444 
ch00_p4-pl1-sample16-sperm1.tif 4 1 0.8496846661572428 
ch00_p4-pl1-sample16-sperm16.tif 4 4 0.8562650782220708 
ch00_p4-pl1-sample16-sperm3.tif 4 1 0.8573359313769654 
ch00_p4-pl1-sample16-sperm5.tif 4 3 0.5378960520949825 
ch00_p4-pl1-sample16-sperm8.tif 4 4 0.8757798565663393 
ch00_p4-pl1-sample17-sperm10.tif 4 4 0.758393005535881 
ch00_p4-pl1-sample17-sperm5.tif 4 2 0.9265883311512856 
ch00_p4-pl1-sample19-sperm9.tif 4 4 0.3773330529842491 
ch00_p4-pl1-sample2-sperm10.tif 4 4 0.3937025401739339 
ch00_p4-pl1-sample2-sperm12.tif 4 4 0.8068085650742456 
ch00_p4-pl1-sample2-sperm3.tif 4 4 0.7800141816987515 
ch00_p4-pl1-sample20-sperm1.tif 4 2 0.6809085529736483 
ch00_p4-pl1-sample20-sperm3.tif 4 4 0.5674418527407638 
ch00_p4-pl1-sample20-sperm5.tif 4 4 0.542889675591477 
ch00_p4-pl1-sample4-sperm10.tif 4 4 0.8441893764771828 
ch00_p4-pl1-sample4-sperm14.tif 4 4 0.7587323766186161 
ch00_p4-pl1-sample4-sperm9.tif 4 4 0.4344303051438586 
ch00_p4-pl1-sample5-sperm7.tif 4 2 0.47785936870961754 
ch00_p4-pl1-sample6-sperm11.tif 4 4 0.8748299105031442 
ch00_p4-pl1-sample6-sperm8.tif 4 2 0.6368135845228227 
ch00_p4-pl1-sample6-sperm9.tif 4 4 0.7210132192058101 
ch00_p4-pl1-sample7-sperm17.tif 4 0 0.7766517578297624 
ch00_p4-pl1-sample8-sperm1.tif 4 1 0.6819657313824312 
ch00_p4-pl1-sample8-sperm6.tif 4 1 0.7601951631299636 
ch00_p4-pl1-sample9-sperm12.tif 4 2 0.30005170437026624 
ch00_p4-pl1-sample9-sperm4.tif 4 1 0.5335838868264953 
ch00_p4-pl2-sample10-sperm7.tif 4 0 0.4300292305330084 
ch00_p4-pl2-sample10-sperm8.tif 4 0 0.7765057185289621 
ch00_p4-pl2-sample11-sperm4.tif 4 4 0.8535499981398337 
ch00_p4-pl2-sample13-sperm7.tif 4 0 0.7845876252147188 
ch00_p4-pl2-sample13-sperm9.tif 4 4 0.7928955719594808 
ch00_p4-pl2-sample14-sperm10.tif 4 0 0.7776437260046656 
ch00_p4-pl2-sample15-sperm4.tif 4 4 0.656526299360665 
ch00_p4-pl2-sample15-sperm5.tif 4 1 0.5346308641512827 
ch00_p4-pl2-sample16-sperm7.tif 4 4 0.3781042298005225 
ch00_p4-pl2-sample19-sperm2.tif 4 4 0.5046405230989186 
ch00_p4-pl2-sample2-sperm10.tif 4 4 0.7590671257049246 
ch00_p4-pl2-sample2-sperm2.tif 4 0 0.57740683176363 
ch00_p4-pl2-sample2-sperm3.tif 4 4 0.6376959267692137 
ch00_p4-pl2-sample2-sperm6.tif 4 4 0.5171053644266893 
ch00_p4-pl2-sample20-sperm6.tif 4 0 0.33513518236748907 
ch00_p4-pl2-sample20-sperm8.tif 4 4 0.9229574150546672 
ch00_p4-pl2-sample3-sperm4.tif 4 1 0.851410630814623 
ch00_p4-pl2-sample3-sperm9.tif 4 4 0.7955382416119179 
ch00_p4-pl2-sample4-sperm2.tif 4 3 0.5400729409987535 
ch00_p4-pl2-sample4-sperm4.tif 4 1 0.800152438133314 
ch00_p4-pl2-sample5-sperm4.tif 4 0 0.5574715836814013 
ch00_p4-pl2-sample5-sperm5.tif 4 3 0.6019790111163743 
ch00_p4-pl2-sample7-sperm6.tif 4 0 0.6356111783721042 
ch00_p4-pl2-sample7-sperm8.tif 4 4 0.7062431110410958 
ch00_p4-pl2-sample8-sperm1.tif 4 3 0.4198053152308149 
ch00_p4-pl2-sample9-sperm4.tif 4 4 0.8735923600894225 
ch00_p4-pl2-sample9-sperm7.tif 4 1 0.40329391556166955 
ch00_p5-pl1-sample1-sperm12.tif 4 1 0.49183625700390965 
ch00_p5-pl1-sample1-sperm5.tif 4 3 0.6405809413783727 
ch00_p5-pl1-sample1-sperm6.tif 4 0 0.5774835175497977 
ch00_p5-pl1-sample11-sperm4.tif 4 1 0.48150375650222227 
ch00_p5-pl1-sample12-sperm14.tif 4 4 0.4800123453419952 
ch00_p5-pl1-sample12-sperm16.tif 4 4 0.5330027819666818 
ch00_p5-pl1-sample12-sperm5.tif 4 4 0.48638848068284785 
ch00_p5-pl1-sample13-sperm5.tif 4 4 0.6185190020893566 
ch00_p5-pl1-sample15-sperm4.tif 4 4 0.6993399358341803 
ch00_p5-pl1-sample15-sperm6.tif 4 4 0.6585161387836472 
ch00_p5-pl1-sample17-sperm10.tif 4 3 0.7092961225438028 
ch00_p5-pl1-sample17-sperm3.tif 4 1 0.4694326342581122 
ch00_p5-pl1-sample17-sperm9.tif 4 1 0.8814263494590986 
ch00_p5-pl1-sample19-sperm13.tif 4 0 0.806626151451802 
ch00_p5-pl1-sample2-sperm6.tif 4 4 0.7805999622052471 
ch00_p5-pl1-sample20-sperm12.tif 4 3 0.4336379549135176 
ch00_p5-pl1-sample20-sperm5.tif 4 4 0.5847510497646707 
ch00_p5-pl1-sample3-sperm13.tif 4 4 0.6226405413896743 
ch00_p5-pl1-sample3-sperm17.tif 4 4 0.5394539669324391 
ch00_p5-pl1-sample3-sperm21.tif 4 0 0.47520033993288796 
ch00_p5-pl1-sample3-sperm23.tif 4 2 0.524100653611699 
ch00_p5-pl1-sample3-sperm5.tif 4 4 0.7942613385319447 
ch00_p5-pl1-sample5-sperm18.tif 4 3 0.8321530776377994 
ch00_p5-pl1-sample5-sperm9.tif 4 4 0.7125583012992152 
ch00_p5-pl1-sample6-sperm15.tif 4 1 0.6238466087195019 
ch00_p5-pl1-sample8-sperm4.tif 4 4 0.47204824845712406 
ch00_p5-pl1-sample9-sperm4.tif 4 4 0.8312207414934744 
