ch00_p1-pl2-sample1-sperm10.tif 0 4 0.5131054448445981 
ch00_p1-pl2-sample1-sperm3.tif 0 3 0.6083962467937927 
ch00_p1-pl2-sample1-sperm5.tif 0 0 0.5167572677944868 
ch00_p1-pl2-sample10-sperm1.tif 0 0 0.9968805112843897 
ch00_p1-pl2-sample10-sperm4.tif 0 0 0.9999672766750326 
ch00_p1-pl2-sample25-sperm4.tif 0 4 0.999999998471031 
ch00_p1-pl2-sample35-sperm1.tif 0 0 0.5626378103123434 
ch00_p1-pl2-sample5-sperm3.tif 0 0 0.7830269204175974 
ch00_p1-pl2-sample8-sperm6.tif 0 0 0.8729972480709499 
ch00_p1-pl2-sample9-sperm7.tif 0 0 0.9891907546442914 
ch00_p1-pl2-sample9-sperm9.tif 0 3 0.8576272086824196 
ch00_p1-pl3-sample1-sperm17.tif 0 3 0.9459629092903523 
ch00_p1-pl3-sample16-sperm7.tif 0 1 0.6783078226788998 
ch00_p1-pl3-sample20-sperm6.tif 0 0 0.9054166865217171 
ch00_p3-pl1-sample1-sperm1.tif 0 4 0.9941349310943017 
ch00_p3-pl1-sample19-sperm2.tif 0 0 0.9027156246791832 
ch00_p3-pl1-sample2-sperm4.tif 0 0 0.9702050359462631 
ch00_p3-pl1-sample25-sperm13.tif 0 4 0.5981398346079643 
ch00_p3-pl1-sample3-sperm4.tif 0 4 0.40532451827988214 
ch00_p3-pl1-sample4-sperm4.tif 0 3 0.9952599980430126 
ch00_p4-pl1-sample15-sperm6.tif 0 0 0.4867306760637345 
ch00_p4-pl1-sample18-sperm4.tif 0 4 0.9999999906281205 
ch00_p4-pl1-sample2-sperm4.tif 0 4 0.42832004495695397 
ch00_p4-pl1-sample6-sperm1.tif 0 0 0.771387585391322 
ch00_p4-pl1-sample9-sperm5.tif 0 4 0.999998916412994 
ch00_p4-pl2-sample13-sperm1.tif 0 4 0.9975687842666312 
ch00_p4-pl2-sample16-sperm9.tif 0 4 0.7612618616337298 
ch00_p5-pl1-sample15-sperm10.tif 0 4 0.9979872515774092 
ch00_p5-pl1-sample2-sperm9.tif 0 1 0.7376311671602611 
ch00_p5-pl1-sample5-sperm3.tif 0 4 0.7623650540015644 
ch00_p1-pl2-sample11-sperm12.tif 1 1 0.9687126285266648 
ch00_p1-pl2-sample13-sperm10.tif 1 1 0.9991532417792124 
ch00_p1-pl2-sample13-sperm18.tif 1 1 0.9912425008062646 
ch00_p1-pl2-sample18-sperm1.tif 1 2 0.9755306499110203 
ch00_p1-pl2-sample18-sperm5.tif 1 1 0.9944129181074962 
ch00_p1-pl2-sample19-sperm14.tif 1 1 0.9984505442244318 
ch00_p1-pl2-sample19-sperm8.tif 1 0 0.9783584492347343 
ch00_p1-pl2-sample19-sperm9.tif 1 1 0.9429332515329965 
ch00_p1-pl2-sample2-sperm12.tif 1 4 0.9726036000019994 
ch00_p1-pl2-sample2-sperm3.tif 1 4 0.9895600939812462 
ch00_p1-pl2-sample2-sperm4.tif 1 4 0.9543259822305126 
ch00_p1-pl2-sample21-sperm3.tif 1 1 0.9900454707700023 
ch00_p1-pl2-sample21-sperm6.tif 1 4 0.9999987385889566 
ch00_p1-pl2-sample22-sperm3.tif 1 1 0.9854705407973292 
ch00_p1-pl2-sample23-sperm10.tif 1 4 0.9931455403535063 
ch00_p1-pl2-sample25-sperm8.tif 1 1 0.7354069497174159 
ch00_p1-pl2-sample29-sperm5.tif 1 1 0.9135684229011647 
ch00_p1-pl2-sample3-sperm17.tif 1 1 0.6751914694814505 
ch00_p1-pl2-sample32-sperm10.tif 1 1 0.9305939966203918 
ch00_p1-pl2-sample4-sperm17.tif 1 1 0.9788269212749111 
ch00_p1-pl2-sample6-sperm4.tif 1 1 0.999530209925727 
ch00_p1-pl2-sample7-sperm2.tif 1 4 0.9201597014871256 
ch00_p1-pl2-sample8-sperm3.tif 1 1 0.9995947731348873 
ch00_p1-pl2-sample9-sperm11.tif 1 1 0.9998910928564335 
ch00_p1-pl2-sample9-sperm12.tif 1 4 0.9364964652770559 
ch00_p1-pl3-sample10-sperm4.tif 1 1 0.7361270585190496 
ch00_p1-pl3-sample10-sperm6.tif 1 1 0.9929226252533329 
ch00_p1-pl3-sample11-sperm10.tif 1 1 0.998339376035639 
ch00_p1-pl3-sample14-sperm8.tif 1 4 0.8521513819682082 
ch00_p1-pl3-sample16-sperm14.tif 1 1 0.974595236625224 
ch00_p1-pl3-sample18-sperm3.tif 1 2 0.49997080808278216 
ch00_p1-pl3-sample19-sperm4.tif 1 4 0.9705282400002024 
ch00_p1-pl3-sample24-sperm2.tif 1 4 0.8003644245416492 
ch00_p1-pl3-sample6-sperm16.tif 1 4 0.52432393394606 
ch00_p1-pl3-sample7-sperm10.tif 1 1 0.548868944863307 
ch00_p1-pl3-sample9-sperm13.tif 1 4 0.9999995402640954 
ch00_p3-pl1-sample14-sperm2.tif 1 4 0.9999999998643939 
ch00_p3-pl1-sample18-sperm3.tif 1 1 0.9982687625971189 
ch00_p3-pl1-sample19-sperm5.tif 1 1 0.9998279457461047 
ch00_p3-pl1-sample2-sperm7.tif 1 1 0.9998555297067867 
ch00_p3-pl1-sample22-sperm2.tif 1 4 0.7043324076385558 
ch00_p3-pl1-sample23-sperm11.tif 1 4 0.9249297013247656 
ch00_p3-pl1-sample26-sperm2.tif 1 4 0.9999999923573194 
ch00_p3-pl1-sample28-sperm7.tif 1 4 0.7944312698488423 
ch00_p3-pl1-sample3-sperm7.tif 1 1 0.9719977082329092 
ch00_p3-pl1-sample31-sperm6.tif 1 4 0.3811110189799622 
ch00_p3-pl1-sample32-sperm5.tif 1 1 0.9801688436884385 
ch00_p3-pl1-sample4-sperm2.tif 1 1 0.9990604420123532 
ch00_p3-pl1-sample6-sperm5.tif 1 1 0.9150470516196793 
ch00_p4-pl1-sample1-sperm11.tif 1 4 0.6160187109515163 
ch00_p4-pl1-sample1-sperm4.tif 1 1 0.9645381890326326 
ch00_p4-pl1-sample10-sperm18.tif 1 1 0.999868721221102 
ch00_p4-pl1-sample3-sperm8.tif 1 1 0.8423162129304879 
ch00_p4-pl1-sample6-sperm5.tif 1 1 0.7497811681931781 
ch00_p4-pl1-sample8-sperm14.tif 1 4 0.7275073978631738 
ch00_p4-pl1-sample9-sperm13.tif 1 4 0.9989993033003536 
ch00_p4-pl2-sample1-sperm6.tif 1 1 0.5507443304546472 
ch00_p4-pl2-sample5-sperm7.tif 1 1 0.9955698048330313 
ch00_p4-pl2-sample7-sperm11.tif 1 4 0.9999987947337137 
ch00_p5-pl1-sample11-sperm5.tif 1 1 0.9728275951378329 
ch00_p5-pl1-sample12-sperm17.tif 1 1 0.9805228648310003 
ch00_p5-pl1-sample14-sperm1.tif 1 1 0.9489348852303418 
ch00_p5-pl1-sample17-sperm15.tif 1 1 0.9991693662431077 
ch00_p5-pl1-sample2-sperm2.tif 1 1 0.9250015081649583 
ch00_p5-pl1-sample20-sperm11.tif 1 1 0.7406380557201765 
ch00_p5-pl1-sample20-sperm3.tif 1 1 0.9870823003866032 
ch00_p5-pl1-sample20-sperm9.tif 1 1 0.962470718422738 
ch00_p5-pl1-sample7-sperm6.tif 1 1 0.9960877634391646 
ch00_p1-pl2-sample17-sperm12.tif 2 2 0.42277486280159843 
ch00_p1-pl2-sample2-sperm15.tif 2 1 0.8571900922288471 
ch00_p1-pl2-sample34-sperm5.tif 2 1 0.9616640264798034 
ch00_p1-pl2-sample35-sperm6.tif 2 2 0.755565774900618 
ch00_p1-pl3-sample10-sperm5.tif 2 4 0.943192330479215 
ch00_p1-pl3-sample12-sperm12.tif 2 1 0.9768574804607446 
ch00_p1-pl3-sample15-sperm14.tif 2 2 0.9990073610744051 
ch00_p1-pl3-sample17-sperm9.tif 2 2 0.9999989702893939 
ch00_p1-pl3-sample5-sperm12.tif 2 1 0.5265088338304433 
ch00_p1-pl3-sample7-sperm13.tif 2 2 0.9454991063444225 
ch00_p3-pl1-sample25-sperm7.tif 2 1 0.6727752492679899 
ch00_p3-pl1-sample29-sperm10.tif 2 2 0.770318966455493 
ch00_p4-pl1-sample12-sperm15.tif 2 4 0.9962883873665282 
ch00_p4-pl1-sample16-sperm4.tif 2 4 0.8694139369471713 
ch00_p4-pl1-sample17-sperm4.tif 2 4 0.6395815025803185 
ch00_p4-pl1-sample19-sperm7.tif 2 4 0.8648970629828108 
ch00_p4-pl1-sample2-sperm8.tif 2 1 0.6190290659969157 
ch00_p4-pl1-sample4-sperm6.tif 2 1 0.8771506769181778 
ch00_p4-pl1-sample6-sperm2.tif 2 4 0.5026551617868535 
ch00_p4-pl1-sample7-sperm15.tif 2 2 0.9744760293840281 
ch00_p4-pl2-sample3-sperm10.tif 2 4 0.9999999997178532 
ch00_p4-pl2-sample4-sperm11.tif 2 4 0.8467669399762565 
ch00_p1-pl2-sample11-sperm3.tif 3 2 0.9722851998311959 
ch00_p1-pl2-sample17-sperm6.tif 3 4 0.9999999999986199 
ch00_p1-pl2-sample21-sperm5.tif 3 0 0.8388323746592324 
ch00_p1-pl2-sample22-sperm2.tif 3 3 0.9999923338024803 
ch00_p1-pl2-sample5-sperm4.tif 3 3 0.5313672597349863 
ch00_p1-pl2-sample7-sperm4.tif 3 4 0.5165026010290352 
ch00_p1-pl3-sample15-sperm11.tif 3 4 0.9999999999448655 
ch00_p1-pl3-sample16-sperm11.tif 3 4 0.5826786482653358 
ch00_p1-pl3-sample23-sperm15.tif 3 3 0.9923456637766301 
ch00_p1-pl3-sample25-sperm14.tif 3 3 0.9994607561073863 
ch00_p1-pl3-sample4-sperm4.tif 3 3 0.9403051152310882 
ch00_p1-pl3-sample9-sperm9.tif 3 4 0.9743711350149666 
ch00_p3-pl1-sample30-sperm1.tif 3 3 0.5168957419047158 
ch00_p3-pl1-sample31-sperm3.tif 3 4 0.999999999974146 
ch00_p4-pl1-sample10-sperm2.tif 3 4 0.9999997588993641 
ch00_p4-pl1-sample20-sperm4.tif 3 4 0.9999999839124932 
ch00_p4-pl1-sample20-sperm8.tif 3 3 0.9997039195487292 
ch00_p4-pl2-sample12-sperm8.tif 3 4 0.9999999999697191 
ch00_p4-pl2-sample8-sperm3.tif 3 1 0.5060567685969842 
ch00_p5-pl1-sample10-sperm3.tif 3 4 0.5476635539694733 
ch00_p5-pl1-sample18-sperm1.tif 3 4 0.8947562106864329 
ch00_p1-pl2-sample1-sperm4.tif 4 1 0.9814169002424319 
ch00_p1-pl2-sample10-sperm12.tif 4 4 0.9952300131973817 
ch00_p1-pl2-sample11-sperm9.tif 4 4 0.9999999983744375 
ch00_p1-pl2-sample12-sperm1.tif 4 2 0.974273404364722 
ch00_p1-pl2-sample12-sperm8.tif 4 4 0.42910185059296974 
ch00_p1-pl2-sample13-sperm1.tif 4 4 0.9956594632994532 
ch00_p1-pl2-sample13-sperm14.tif 4 4 0.943001859858184 
ch00_p1-pl2-sample13-sperm5.tif 4 3 0.7270191890164157 
ch00_p1-pl2-sample14-sperm11.tif 4 4 0.5494678805852081 
ch00_p1-pl2-sample14-sperm2.tif 4 0 0.5521754582635348 
ch00_p1-pl2-sample2-sperm11.tif 4 4 0.9945233834060072 
ch00_p1-pl2-sample2-sperm17.tif 4 0 0.9913450780078403 
ch00_p1-pl2-sample20-sperm2.tif 4 4 0.9963443741462495 
ch00_p1-pl2-sample20-sperm5.tif 4 0 0.9679540382416986 
ch00_p1-pl2-sample22-sperm11.tif 4 4 0.9999999993839659 
ch00_p1-pl2-sample23-sperm16.tif 4 0 0.9552458668702856 
ch00_p1-pl2-sample23-sperm17.tif 4 4 0.9999951867009975 
ch00_p1-pl2-sample29-sperm4.tif 4 4 0.9999973643496249 
ch00_p1-pl2-sample3-sperm1.tif 4 0 0.6788242502070162 
ch00_p1-pl2-sample3-sperm13.tif 4 4 0.4014054977307062 
ch00_p1-pl2-sample3-sperm15.tif 4 4 0.46689767349837413 
ch00_p1-pl2-sample3-sperm8.tif 4 1 0.4578148520878314 
ch00_p1-pl2-sample30-sperm1.tif 4 4 0.9705767078025408 
ch00_p1-pl2-sample30-sperm10.tif 4 4 0.6450888782279897 
ch00_p1-pl2-sample30-sperm4.tif 4 4 0.9949074785509914 
ch00_p1-pl2-sample31-sperm12.tif 4 4 0.9540875722978784 
ch00_p1-pl2-sample31-sperm3.tif 4 1 0.8638481323216779 
ch00_p1-pl2-sample31-sperm9.tif 4 4 0.9808150341034905 
ch00_p1-pl2-sample32-sperm1.tif 4 2 0.8623466621997168 
ch00_p1-pl2-sample33-sperm3.tif 4 4 0.9917445318316583 
ch00_p1-pl2-sample34-sperm6.tif 4 1 0.6867203746573257 
ch00_p1-pl2-sample34-sperm7.tif 4 4 0.9961370995978244 
ch00_p1-pl2-sample34-sperm8.tif 4 4 0.9843360298661499 
ch00_p1-pl2-sample5-sperm12.tif 4 4 0.9986015728197485 
ch00_p1-pl2-sample5-sperm13.tif 4 4 0.9999977158422846 
ch00_p1-pl2-sample7-sperm1.tif 4 4 0.9794726651171475 
ch00_p1-pl2-sample7-sperm5.tif 4 4 0.9983569696878941 
ch00_p1-pl2-sample9-sperm18.tif 4 4 0.9721145902724336 
ch00_p1-pl2-sample9-sperm4.tif 4 4 0.9999999999990651 
ch00_p1-pl3-sample1-sperm13.tif 4 0 0.9879853647003285 
ch00_p1-pl3-sample10-sperm7.tif 4 4 0.9999999998520565 
ch00_p1-pl3-sample12-sperm3.tif 4 4 0.9913034673292365 
ch00_p1-pl3-sample13-sperm7.tif 4 4 0.9999999946188148 
ch00_p1-pl3-sample14-sperm1.tif 4 2 0.783348806549351 
ch00_p1-pl3-sample14-sperm11.tif 4 4 0.9930008437922864 
ch00_p1-pl3-sample15-sperm19.tif 4 4 0.9690885795333237 
ch00_p1-pl3-sample15-sperm9.tif 4 1 0.8402088781274616 
ch00_p1-pl3-sample16-sperm17.tif 4 0 0.6415202635939165 
ch00_p1-pl3-sample17-sperm7.tif 4 4 0.9841565759765617 
ch00_p1-pl3-sample18-sperm6.tif 4 0 0.5551453659161287 
ch00_p1-pl3-sample19-sperm1.tif 4 4 0.9999968791810812 
ch00_p1-pl3-sample19-sperm3.tif 4 1 0.9924441072195922 
ch00_p1-pl3-sample19-sperm8.tif 4 0 0.8571486836097578 
ch00_p1-pl3-sample2-sperm12.tif 4 0 0.7369723888019735 
ch00_p1-pl3-sample2-sperm14.tif 4 1 0.9085407434200415 
ch00_p1-pl3-sample2-sperm4.tif 4 4 0.7611162590934968 
ch00_p1-pl3-sample2-sperm8.tif 4 4 0.9963414581830524 
ch00_p1-pl3-sample20-sperm12.tif 4 4 0.9971048790672099 
ch00_p1-pl3-sample20-sperm8.tif 4 4 0.7387074713977755 
ch00_p1-pl3-sample21-sperm6.tif 4 0 0.8059180392183791 
ch00_p1-pl3-sample22-sperm1.tif 4 4 0.9999999992772506 
ch00_p1-pl3-sample22-sperm9.tif 4 4 0.7400100574731803 
ch00_p1-pl3-sample23-sperm17.tif 4 4 0.9999999999969035 
ch00_p1-pl3-sample24-sperm7.tif 4 3 0.9999664401818544 
ch00_p1-pl3-sample25-sperm4.tif 4 2 0.9055331416835343 
ch00_p1-pl3-sample3-sperm4.tif 4 4 0.9999999921501216 
ch00_p1-pl3-sample3-sperm7.tif 4 4 0.9662599079602444 
ch00_p1-pl3-sample4-sperm3.tif 4 3 0.987792293637407 
ch00_p1-pl3-sample4-sperm9.tif 4 2 0.9686010547714178 
ch00_p1-pl3-sample5-sperm6.tif 4 2 0.948112784054377 
ch00_p1-pl3-sample5-sperm9.tif 4 1 0.5616212703945191 
ch00_p1-pl3-sample6-sperm14.tif 4 4 0.9681526272600329 
ch00_p1-pl3-sample6-sperm5.tif 4 4 0.9999999957201959 
ch00_p1-pl3-sample6-sperm6.tif 4 4 0.9873900141880109 
ch00_p1-pl3-sample7-sperm2.tif 4 4 0.9999999759118166 
ch00_p1-pl3-sample7-sperm3.tif 4 4 0.9999999927793198 
ch00_p1-pl3-sample8-sperm8.tif 4 1 0.5979919862805884 
ch00_p3-pl1-sample12-sperm7.tif 4 2 0.44578851467368175 
ch00_p3-pl1-sample13-sperm1.tif 4 4 0.6193437469330597 
ch00_p3-pl1-sample13-sperm4.tif 4 4 0.9999999944840714 
ch00_p3-pl1-sample13-sperm6.tif 4 4 0.4994278830409767 
ch00_p3-pl1-sample16-sperm1.tif 4 4 0.9999999967147128 
ch00_p3-pl1-sample16-sperm3.tif 4 4 0.9999998946425817 
ch00_p3-pl1-sample16-sperm5.tif 4 0 0.9950020527029085 
ch00_p3-pl1-sample19-sperm3.tif 4 4 0.7267574744832108 
ch00_p3-pl1-sample2-sperm10.tif 4 4 0.745085075514471 
ch00_p3-pl1-sample23-sperm2.tif 4 4 0.9748650495898158 
ch00_p3-pl1-sample23-sperm7.tif 4 3 0.5673940867169247 
ch00_p3-pl1-sample23-sperm9.tif 4 0 0.9999986706580406 
ch00_p3-pl1-sample24-sperm2.tif 4 4 0.9999990016908649 
ch00_p3-pl1-sample24-sperm4.tif 4 4 0.9999997491142467 
ch00_p3-pl1-sample25-sperm2.tif 4 4 0.8369608232595164 
ch00_p3-pl1-sample26-sperm1.tif 4 3 0.9088618087852792 
ch00_p3-pl1-sample26-sperm5.tif 4 4 0.7426151597875853 
ch00_p3-pl1-sample27-sperm3.tif 4 3 0.9999999021257415 
ch00_p3-pl1-sample31-sperm1.tif 4 1 0.639429784479558 
ch00_p3-pl1-sample31-sperm7.tif 4 4 0.6662780931734019 
ch00_p3-pl1-sample7-sperm1.tif 4 4 0.8210075073966334 
ch00_p3-pl1-sample7-sperm11.tif 4 4 0.9999999999998533 
ch00_p3-pl1-sample7-sperm7.tif 4 1 0.9758265122422085 
ch00_p3-pl1-sample9-sperm9.tif 4 0 0.9419495699566381 
ch00_p4-pl1-sample1-sperm8.tif 4 4 0.9999981476976639 
ch00_p4-pl1-sample10-sperm11.tif 4 4 0.539809225862037 
ch00_p4-pl1-sample10-sperm21.tif 4 1 0.9826441312783805 
ch00_p4-pl1-sample11-sperm1.tif 4 2 0.947132715722208 
ch00_p4-pl1-sample11-sperm8.tif 4 0 0.9950476228025967 
ch00_p4-pl1-sample12-sperm1.tif 4 4 0.9807737285209649 
ch00_p4-pl1-sample12-sperm2.tif 4 4 0.9973798335692905 
ch00_p4-pl1-sample12-sperm3.tif 4 4 0.720366654330008 
ch00_p4-pl1-sample12-sperm6.tif 4 4 0.9983639187923881 
ch00_p4-pl1-sample12-sperm9.tif 4 4 0.9999999999345591 
ch00_p4-pl1-sample13-sperm5.tif 4 4 0.9999998697329002 
ch00_p4-pl1-sample13-sperm8.tif 4 1 0.5861489830191436 
ch00_p4-pl1-sample14-sperm13.tif 4 0 0.8698196700913517 
ch00_p4-pl1-sample14-sperm4.tif 4 0 0.8919220442577077 
ch00_p4-pl1-sample15-sperm10.tif 4 1 0.9049687095978531 
ch00_p4-pl1-sample16-sperm1.tif 4 1 0.9995736808963233 
ch00_p4-pl1-sample16-sperm16.tif 4 4 0.9999999407109224 
ch00_p4-pl1-sample16-sperm3.tif 4 4 0.6906649573935792 
ch00_p4-pl1-sample16-sperm5.tif 4 4 0.9948280373845331 
ch00_p4-pl1-sample16-sperm8.tif 4 0 0.8095105137106202 
ch00_p4-pl1-sample17-sperm10.tif 4 4 0.9999999802869307 
ch00_p4-pl1-sample17-sperm5.tif 4 2 0.9674253525337001 
ch00_p4-pl1-sample19-sperm9.tif 4 4 0.9999993661281626 
ch00_p4-pl1-sample2-sperm10.tif 4 4 0.9999973524171455 
ch00_p4-pl1-sample2-sperm12.tif 4 4 0.9863499478274558 
ch00_p4-pl1-sample2-sperm3.tif 4 4 0.999999999999864 
ch00_p4-pl1-sample20-sperm1.tif 4 2 0.806891545886803 
ch00_p4-pl1-sample20-sperm3.tif 4 4 0.4975321710056585 
ch00_p4-pl1-sample20-sperm5.tif 4 0 0.9988391446393107 
ch00_p4-pl1-sample4-sperm10.tif 4 4 0.9999999997666335 
ch00_p4-pl1-sample4-sperm14.tif 4 4 0.9999999992467992 
ch00_p4-pl1-sample4-sperm9.tif 4 4 0.9985568255729684 
ch00_p4-pl1-sample5-sperm7.tif 4 4 0.9999999999251359 
ch00_p4-pl1-sample6-sperm11.tif 4 4 0.9999999453498487 
ch00_p4-pl1-sample6-sperm8.tif 4 1 0.5381223007973718 
ch00_p4-pl1-sample6-sperm9.tif 4 4 0.9991560345278693 
ch00_p4-pl1-sample7-sperm17.tif 4 4 0.7206734042616502 
ch00_p4-pl1-sample8-sperm1.tif 4 4 0.5782345898244949 
ch00_p4-pl1-sample8-sperm6.tif 4 1 0.728696290447862 
ch00_p4-pl1-sample9-sperm12.tif 4 4 0.47437619213189286 
ch00_p4-pl1-sample9-sperm4.tif 4 4 0.9999999996677038 
ch00_p4-pl2-sample10-sperm7.tif 4 4 0.9999999868737418 
ch00_p4-pl2-sample10-sperm8.tif 4 4 0.9999999999432944 
ch00_p4-pl2-sample11-sperm4.tif 4 4 0.9994941151628363 
ch00_p4-pl2-sample13-sperm7.tif 4 4 0.8808552821674676 
ch00_p4-pl2-sample13-sperm9.tif 4 4 0.9999999983254916 
ch00_p4-pl2-sample14-sperm10.tif 4 4 0.9999999999764408 
ch00_p4-pl2-sample15-sperm4.tif 4 4 0.9999999999819615 
ch00_p4-pl2-sample15-sperm5.tif 4 4 0.9519420306762616 
ch00_p4-pl2-sample16-sperm7.tif 4 4 0.9999999999992879 
ch00_p4-pl2-sample19-sperm2.tif 4 4 0.9932014145728482 
ch00_p4-pl2-sample2-sperm10.tif 4 0 0.7554301908503076 
ch00_p4-pl2-sample2-sperm2.tif 4 4 0.9999999999970728 
ch00_p4-pl2-sample2-sperm3.tif 4 4 0.6747429953855133 
ch00_p4-pl2-sample2-sperm6.tif 4 4 0.9999999996506693 
ch00_p4-pl2-sample20-sperm6.tif 4 4 0.832683735684227 
ch00_p4-pl2-sample20-sperm8.tif 4 4 0.9999999999997697 
ch00_p4-pl2-sample3-sperm4.tif 4 4 0.9999977156097427 
ch00_p4-pl2-sample3-sperm9.tif 4 4 0.9699758748651988 
ch00_p4-pl2-sample4-sperm2.tif 4 4 0.9999997357917817 
ch00_p4-pl2-sample4-sperm4.tif 4 4 0.9845946299269582 
ch00_p4-pl2-sample5-sperm4.tif 4 1 0.48730540712314485 
ch00_p4-pl2-sample5-sperm5.tif 4 3 0.8979383573072974 
ch00_p4-pl2-sample7-sperm6.tif 4 4 0.9999999993862653 
ch00_p4-pl2-sample7-sperm8.tif 4 4 0.8180483866173627 
ch00_p4-pl2-sample8-sperm1.tif 4 4 0.9266213223145918 
ch00_p4-pl2-sample9-sperm4.tif 4 4 0.9999999985141216 
ch00_p4-pl2-sample9-sperm7.tif 4 1 0.9836133521246697 
ch00_p5-pl1-sample1-sperm12.tif 4 1 0.955687218032281 
ch00_p5-pl1-sample1-sperm5.tif 4 3 0.3992552662426498 
ch00_p5-pl1-sample1-sperm6.tif 4 1 0.8156235794052948 
ch00_p5-pl1-sample11-sperm4.tif 4 4 0.9999993730684817 
ch00_p5-pl1-sample12-sperm14.tif 4 4 0.6423009594425461 
ch00_p5-pl1-sample12-sperm16.tif 4 1 0.9588495690040835 
ch00_p5-pl1-sample12-sperm5.tif 4 4 0.9999999988721089 
ch00_p5-pl1-sample13-sperm5.tif 4 4 0.9999999846609052 
ch00_p5-pl1-sample15-sperm4.tif 4 4 0.9992773068067416 
ch00_p5-pl1-sample15-sperm6.tif 4 4 0.9993044082079716 
ch00_p5-pl1-sample17-sperm10.tif 4 1 0.7407679987052673 
ch00_p5-pl1-sample17-sperm3.tif 4 4 0.9151526335829011 
ch00_p5-pl1-sample17-sperm9.tif 4 1 0.9995457213580783 
ch00_p5-pl1-sample19-sperm13.tif 4 1 0.6175971263456679 
ch00_p5-pl1-sample2-sperm6.tif 4 4 0.9999999921558197 
ch00_p5-pl1-sample20-sperm12.tif 4 4 0.9999998933439463 
ch00_p5-pl1-sample20-sperm5.tif 4 4 0.42481239470526616 
ch00_p5-pl1-sample3-sperm13.tif 4 4 0.9978947257020856 
ch00_p5-pl1-sample3-sperm17.tif 4 4 0.6427693342784406 
ch00_p5-pl1-sample3-sperm21.tif 4 1 0.8566828354180682 
ch00_p5-pl1-sample3-sperm23.tif 4 4 0.9999999970815239 
ch00_p5-pl1-sample3-sperm5.tif 4 4 0.9912998566420258 
ch00_p5-pl1-sample5-sperm18.tif 4 4 0.9428116151934435 
ch00_p5-pl1-sample5-sperm9.tif 4 4 0.7979706314071174 
ch00_p5-pl1-sample6-sperm15.tif 4 4 0.9999989724769288 
ch00_p5-pl1-sample8-sperm4.tif 4 1 0.7358135220153559 
ch00_p5-pl1-sample9-sperm4.tif 4 4 0.9999999996745497 
