ch00_p1-pl2-sample1-sperm3.tif 0 0 0.9536470113689363 
ch00_p1-pl2-sample10-sperm4.tif 0 0 0.8448353874934236 
ch00_p1-pl2-sample12-sperm13.tif 0 4 0.5903297771821976 
ch00_p1-pl2-sample22-sperm5.tif 0 4 0.9568825076154147 
ch00_p1-pl2-sample25-sperm4.tif 0 4 0.9575580555905693 
ch00_p1-pl2-sample3-sperm7.tif 0 4 0.9539965469511027 
ch00_p1-pl2-sample30-sperm2.tif 0 0 0.5712566254690139 
ch00_p1-pl2-sample34-sperm9.tif 0 0 0.8923439954995249 
ch00_p1-pl2-sample4-sperm20.tif 0 4 0.9609242089083316 
ch00_p1-pl2-sample5-sperm3.tif 0 4 0.6598109888918872 
ch00_p1-pl2-sample8-sperm6.tif 0 0 0.8930056636057726 
ch00_p1-pl2-sample9-sperm9.tif 0 0 0.9855494275014979 
ch00_p1-pl3-sample15-sperm13.tif 0 4 0.8502600602523841 
ch00_p1-pl3-sample17-sperm5.tif 0 4 0.6400362914157213 
ch00_p1-pl3-sample2-sperm3.tif 0 4 0.8086029169967589 
ch00_p1-pl3-sample24-sperm4.tif 0 4 0.8258637191501712 
ch00_p1-pl3-sample6-sperm11.tif 0 4 0.972509099385839 
ch00_p3-pl1-sample21-sperm2.tif 0 0 0.6211169275093784 
ch00_p4-pl1-sample1-sperm3.tif 0 4 0.9685289183991027 
ch00_p4-pl1-sample14-sperm1.tif 0 4 0.9625250552733289 
ch00_p4-pl1-sample15-sperm6.tif 0 0 0.8781972095280324 
ch00_p4-pl1-sample17-sperm9.tif 0 4 0.8185478442702749 
ch00_p4-pl1-sample19-sperm1.tif 0 0 0.6083196203425274 
ch00_p4-pl1-sample2-sperm4.tif 0 4 0.961811648007534 
ch00_p4-pl1-sample20-sperm7.tif 0 4 0.6657462164801772 
ch00_p4-pl1-sample6-sperm10.tif 0 0 0.642689687269079 
ch00_p4-pl2-sample14-sperm7.tif 0 4 0.8956200185205366 
ch00_p5-pl1-sample2-sperm9.tif 0 4 0.655844071065641 
ch00_p5-pl1-sample5-sperm12.tif 0 4 0.9852896356884647 
ch00_p5-pl1-sample7-sperm9.tif 0 0 0.49288330474722675 
ch00_p1-pl2-sample10-sperm3.tif 1 1 0.8904018381124447 
ch00_p1-pl2-sample11-sperm10.tif 1 1 0.9098411146311441 
ch00_p1-pl2-sample11-sperm12.tif 1 1 0.9805691013012069 
ch00_p1-pl2-sample12-sperm4.tif 1 1 0.428917421497886 
ch00_p1-pl2-sample13-sperm18.tif 1 1 0.979331258223089 
ch00_p1-pl2-sample14-sperm13.tif 1 4 0.5575942386427574 
ch00_p1-pl2-sample17-sperm5.tif 1 1 0.6054915100813854 
ch00_p1-pl2-sample19-sperm11.tif 1 1 0.9260236913422826 
ch00_p1-pl2-sample19-sperm14.tif 1 2 0.9685925162728193 
ch00_p1-pl2-sample2-sperm3.tif 1 4 0.9778513109310065 
ch00_p1-pl2-sample22-sperm1.tif 1 1 0.9551560991109785 
ch00_p1-pl2-sample23-sperm10.tif 1 1 0.5717982436288132 
ch00_p1-pl2-sample23-sperm14.tif 1 2 0.6074603848326383 
ch00_p1-pl2-sample25-sperm5.tif 1 1 0.742841551474711 
ch00_p1-pl2-sample3-sperm17.tif 1 1 0.9063457826374368 
ch00_p1-pl2-sample3-sperm3.tif 1 1 0.9451414248593146 
ch00_p1-pl2-sample30-sperm7.tif 1 1 0.8448184674596317 
ch00_p1-pl2-sample32-sperm7.tif 1 2 0.5057585587648968 
ch00_p1-pl2-sample35-sperm7.tif 1 1 0.47911778446518793 
ch00_p1-pl2-sample4-sperm17.tif 1 1 0.7439131875099467 
ch00_p1-pl2-sample4-sperm8.tif 1 4 0.934671422865441 
ch00_p1-pl2-sample6-sperm7.tif 1 1 0.9065921402542358 
ch00_p1-pl2-sample7-sperm2.tif 1 4 0.8576138440719752 
ch00_p1-pl2-sample9-sperm11.tif 1 1 0.9618619381972399 
ch00_p1-pl2-sample9-sperm12.tif 1 1 0.7525160611974435 
ch00_p1-pl3-sample1-sperm10.tif 1 4 0.9095264308545685 
ch00_p1-pl3-sample10-sperm4.tif 1 4 0.7677280159279195 
ch00_p1-pl3-sample10-sperm6.tif 1 1 0.9844890959081447 
ch00_p1-pl3-sample11-sperm10.tif 1 1 0.5089922077554143 
ch00_p1-pl3-sample12-sperm2.tif 1 4 0.8601848578469383 
ch00_p1-pl3-sample12-sperm5.tif 1 1 0.8747838343961025 
ch00_p1-pl3-sample12-sperm7.tif 1 2 0.5139705706199879 
ch00_p1-pl3-sample15-sperm21.tif 1 1 0.41807302150933123 
ch00_p1-pl3-sample15-sperm6.tif 1 4 0.9112306813729172 
ch00_p1-pl3-sample18-sperm4.tif 1 1 0.6414186345216308 
ch00_p1-pl3-sample19-sperm4.tif 1 2 0.44478812226799 
ch00_p1-pl3-sample20-sperm3.tif 1 4 0.8476173537604987 
ch00_p1-pl3-sample24-sperm2.tif 1 4 0.9251082289962534 
ch00_p1-pl3-sample7-sperm10.tif 1 1 0.8100796955766125 
ch00_p1-pl3-sample9-sperm13.tif 1 2 0.9158755091556517 
ch00_p3-pl1-sample11-sperm2.tif 1 4 0.5512383474644201 
ch00_p3-pl1-sample14-sperm2.tif 1 1 0.6287674271466347 
ch00_p3-pl1-sample17-sperm3.tif 1 4 0.8243001492381286 
ch00_p3-pl1-sample18-sperm1.tif 1 1 0.8927878413687877 
ch00_p3-pl1-sample18-sperm3.tif 1 1 0.8707700449832072 
ch00_p3-pl1-sample19-sperm7.tif 1 1 0.9230729230602177 
ch00_p3-pl1-sample22-sperm2.tif 1 4 0.9420172775535076 
ch00_p3-pl1-sample23-sperm11.tif 1 2 0.36546381771568315 
ch00_p3-pl1-sample27-sperm2.tif 1 1 0.8329939114844018 
ch00_p3-pl1-sample5-sperm6.tif 1 1 0.9272984836932173 
ch00_p4-pl1-sample12-sperm5.tif 1 4 0.9203953505330317 
ch00_p4-pl1-sample17-sperm3.tif 1 4 0.9256248436315269 
ch00_p4-pl1-sample19-sperm3.tif 1 1 0.7336478693911717 
ch00_p4-pl1-sample20-sperm13.tif 1 1 0.8705131073153837 
ch00_p4-pl1-sample7-sperm16.tif 1 4 0.8868076894920512 
ch00_p4-pl1-sample8-sperm14.tif 1 4 0.8201627433480388 
ch00_p4-pl1-sample9-sperm13.tif 1 1 0.4642252418539739 
ch00_p4-pl2-sample1-sperm6.tif 1 1 0.7573143545180724 
ch00_p4-pl2-sample5-sperm7.tif 1 1 0.9657538639678149 
ch00_p5-pl1-sample16-sperm7.tif 1 4 0.7703894149276075 
ch00_p5-pl1-sample17-sperm15.tif 1 1 0.9504663402440509 
ch00_p5-pl1-sample18-sperm11.tif 1 4 0.9400794504962501 
ch00_p5-pl1-sample2-sperm2.tif 1 1 0.9736852606144522 
ch00_p5-pl1-sample20-sperm11.tif 1 1 0.9806853055713314 
ch00_p5-pl1-sample20-sperm9.tif 1 1 0.8816204663637074 
ch00_p5-pl1-sample5-sperm20.tif 1 1 0.6258935336219306 
ch00_p5-pl1-sample7-sperm6.tif 1 4 0.8154238568041282 
ch00_p5-pl1-sample7-sperm7.tif 1 1 0.9284786785179652 
ch00_p1-pl2-sample10-sperm13.tif 2 4 0.9876403853513535 
ch00_p1-pl2-sample17-sperm12.tif 2 4 0.9968783718735829 
ch00_p1-pl2-sample2-sperm6.tif 2 1 0.5431113278702865 
ch00_p1-pl2-sample20-sperm14.tif 2 4 0.9919195483187964 
ch00_p1-pl2-sample23-sperm9.tif 2 4 0.9856436133893606 
ch00_p1-pl2-sample31-sperm10.tif 2 4 0.9334600308335492 
ch00_p1-pl2-sample33-sperm13.tif 2 4 0.9321977826381044 
ch00_p1-pl2-sample34-sperm5.tif 2 1 0.7098029113941791 
ch00_p1-pl2-sample35-sperm6.tif 2 2 0.6682089335694138 
ch00_p1-pl3-sample1-sperm15.tif 2 4 0.7717322978909935 
ch00_p1-pl3-sample1-sperm9.tif 2 2 0.5466415524914617 
ch00_p1-pl3-sample11-sperm7.tif 2 4 0.9661741074212539 
ch00_p1-pl3-sample12-sperm11.tif 2 2 0.9804100706220592 
ch00_p1-pl3-sample21-sperm10.tif 2 2 0.9633760498139026 
ch00_p1-pl3-sample6-sperm17.tif 2 2 0.9358432822047367 
ch00_p1-pl3-sample6-sperm2.tif 2 1 0.7398620312346268 
ch00_p1-pl3-sample9-sperm4.tif 2 2 0.9212695472720975 
ch00_p4-pl1-sample14-sperm10.tif 2 2 0.4791482060925946 
ch00_p4-pl1-sample19-sperm4.tif 2 4 0.4447074152276404 
ch00_p4-pl1-sample3-sperm10.tif 2 2 0.6837598616734519 
ch00_p4-pl1-sample3-sperm7.tif 2 4 0.9724421696992301 
ch00_p4-pl2-sample4-sperm11.tif 2 2 0.9708639466390002 
ch00_p1-pl2-sample11-sperm3.tif 3 4 0.9987595421747395 
ch00_p1-pl2-sample18-sperm8.tif 3 4 0.9150680047718105 
ch00_p1-pl2-sample21-sperm7.tif 3 1 0.9361315593502904 
ch00_p1-pl2-sample25-sperm9.tif 3 4 0.7161882252010732 
ch00_p1-pl2-sample27-sperm1.tif 3 4 0.7259190885174561 
ch00_p1-pl2-sample28-sperm2.tif 3 3 0.6269534254084599 
ch00_p1-pl2-sample5-sperm11.tif 3 4 0.9877602015938647 
ch00_p1-pl2-sample5-sperm4.tif 3 4 0.8537569554934006 
ch00_p1-pl3-sample12-sperm9.tif 3 4 0.8085552340177687 
ch00_p1-pl3-sample13-sperm12.tif 3 4 0.6694914130324277 
ch00_p1-pl3-sample15-sperm11.tif 3 0 0.7160463441088228 
ch00_p1-pl3-sample20-sperm9.tif 3 3 0.7485699766076271 
ch00_p1-pl3-sample23-sperm13.tif 3 3 0.9936482931439874 
ch00_p1-pl3-sample23-sperm16.tif 3 4 0.9224553703413438 
ch00_p1-pl3-sample23-sperm7.tif 3 4 0.6467434635951228 
ch00_p1-pl3-sample9-sperm6.tif 3 3 0.6631951397346983 
ch00_p3-pl1-sample14-sperm6.tif 3 4 0.9917242599631113 
ch00_p3-pl1-sample28-sperm2.tif 3 4 0.5698993168155987 
ch00_p3-pl1-sample30-sperm1.tif 3 3 0.4682943690824968 
ch00_p4-pl1-sample6-sperm12.tif 3 4 0.882956903903281 
ch00_p4-pl2-sample12-sperm8.tif 3 4 0.4992016454290649 
ch00_p1-pl2-sample1-sperm2.tif 4 4 0.9684744725460778 
ch00_p1-pl2-sample10-sperm12.tif 4 4 0.9707941657747668 
ch00_p1-pl2-sample10-sperm14.tif 4 0 0.40603752401305443 
ch00_p1-pl2-sample10-sperm2.tif 4 4 0.9599564008774119 
ch00_p1-pl2-sample10-sperm8.tif 4 4 0.6118393716468729 
ch00_p1-pl2-sample12-sperm11.tif 4 4 0.9621079368551745 
ch00_p1-pl2-sample12-sperm12.tif 4 4 0.9386772638065649 
ch00_p1-pl2-sample12-sperm5.tif 4 4 0.9393942875805564 
ch00_p1-pl2-sample12-sperm7.tif 4 1 0.5133614794946285 
ch00_p1-pl2-sample13-sperm16.tif 4 4 0.9380303199200528 
ch00_p1-pl2-sample14-sperm14.tif 4 4 0.5506745710481115 
ch00_p1-pl2-sample14-sperm2.tif 4 4 0.9877027723857802 
ch00_p1-pl2-sample14-sperm3.tif 4 4 0.9585430493538722 
ch00_p1-pl2-sample14-sperm4.tif 4 4 0.8379743733929751 
ch00_p1-pl2-sample14-sperm8.tif 4 0 0.4555552257513781 
ch00_p1-pl2-sample15-sperm5.tif 4 4 0.895320652772398 
ch00_p1-pl2-sample18-sperm6.tif 4 1 0.5179663264717499 
ch00_p1-pl2-sample18-sperm9.tif 4 4 0.944472235705366 
ch00_p1-pl2-sample2-sperm8.tif 4 4 0.9810602741416877 
ch00_p1-pl2-sample22-sperm11.tif 4 4 0.9976234691418552 
ch00_p1-pl2-sample24-sperm13.tif 4 4 0.8541296489911336 
ch00_p1-pl2-sample27-sperm8.tif 4 4 0.9665900872297551 
ch00_p1-pl2-sample28-sperm1.tif 4 4 0.9957023474744743 
ch00_p1-pl2-sample28-sperm3.tif 4 4 0.960554366330535 
ch00_p1-pl2-sample28-sperm4.tif 4 3 0.9020861095250436 
ch00_p1-pl2-sample3-sperm13.tif 4 4 0.9547854858040603 
ch00_p1-pl2-sample3-sperm14.tif 4 4 0.9809704623154585 
ch00_p1-pl2-sample30-sperm6.tif 4 4 0.8875365894207666 
ch00_p1-pl2-sample31-sperm11.tif 4 4 0.9511368276888087 
ch00_p1-pl2-sample33-sperm4.tif 4 4 0.817618153386763 
ch00_p1-pl2-sample34-sperm11.tif 4 4 0.8921955667047375 
ch00_p1-pl2-sample34-sperm3.tif 4 2 0.5674105766402109 
ch00_p1-pl2-sample34-sperm6.tif 4 1 0.9233268292182782 
ch00_p1-pl2-sample34-sperm8.tif 4 4 0.9836087054281227 
ch00_p1-pl2-sample35-sperm12.tif 4 3 0.42832665846026846 
ch00_p1-pl2-sample35-sperm5.tif 4 4 0.5709005726468094 
ch00_p1-pl2-sample4-sperm4.tif 4 1 0.674543355275481 
ch00_p1-pl2-sample7-sperm13.tif 4 4 0.7824402086653741 
ch00_p1-pl2-sample8-sperm5.tif 4 4 0.9959207351117444 
ch00_p1-pl2-sample9-sperm18.tif 4 4 0.9314427040265455 
ch00_p1-pl2-sample9-sperm5.tif 4 1 0.46720800797291273 
ch00_p1-pl3-sample1-sperm4.tif 4 4 0.8318311679782101 
ch00_p1-pl3-sample12-sperm10.tif 4 1 0.5359080770462359 
ch00_p1-pl3-sample12-sperm4.tif 4 1 0.938783677087016 
ch00_p1-pl3-sample12-sperm8.tif 4 4 0.7303780411390527 
ch00_p1-pl3-sample13-sperm8.tif 4 4 0.7657387672636742 
ch00_p1-pl3-sample14-sperm1.tif 4 4 0.9937040594878987 
ch00_p1-pl3-sample14-sperm13.tif 4 4 0.905761464804655 
ch00_p1-pl3-sample14-sperm15.tif 4 1 0.5755375927487179 
ch00_p1-pl3-sample15-sperm2.tif 4 4 0.9913550188037494 
ch00_p1-pl3-sample15-sperm3.tif 4 1 0.48061732585181527 
ch00_p1-pl3-sample16-sperm8.tif 4 4 0.9857393329292223 
ch00_p1-pl3-sample17-sperm11.tif 4 4 0.9847698601874703 
ch00_p1-pl3-sample17-sperm2.tif 4 4 0.8122744131544656 
ch00_p1-pl3-sample19-sperm1.tif 4 4 0.9375366297135045 
ch00_p1-pl3-sample19-sperm3.tif 4 4 0.7579591108739009 
ch00_p1-pl3-sample2-sperm10.tif 4 4 0.9345775386728217 
ch00_p1-pl3-sample2-sperm11.tif 4 4 0.9354881396812659 
ch00_p1-pl3-sample21-sperm1.tif 4 4 0.9713159835913949 
ch00_p1-pl3-sample22-sperm1.tif 4 1 0.9653274327750205 
ch00_p1-pl3-sample22-sperm6.tif 4 4 0.9300623225262666 
ch00_p1-pl3-sample22-sperm7.tif 4 4 0.9178090600466615 
ch00_p1-pl3-sample22-sperm9.tif 4 4 0.9228128419456109 
ch00_p1-pl3-sample23-sperm2.tif 4 1 0.7848623623945601 
ch00_p1-pl3-sample23-sperm6.tif 4 1 0.9745620463772459 
ch00_p1-pl3-sample24-sperm20.tif 4 4 0.9919050138542004 
ch00_p1-pl3-sample25-sperm2.tif 4 4 0.9441720740084256 
ch00_p1-pl3-sample3-sperm1.tif 4 1 0.9268368830091337 
ch00_p1-pl3-sample3-sperm2.tif 4 3 0.9812610389723155 
ch00_p1-pl3-sample3-sperm4.tif 4 4 0.7874986227125338 
ch00_p1-pl3-sample4-sperm3.tif 4 3 0.6255245035021016 
ch00_p1-pl3-sample4-sperm8.tif 4 4 0.7903560930679572 
ch00_p1-pl3-sample7-sperm3.tif 4 4 0.992261658138299 
ch00_p1-pl3-sample8-sperm17.tif 4 4 0.4192434457079917 
ch00_p1-pl3-sample8-sperm6.tif 4 4 0.9244234856401096 
ch00_p3-pl1-sample1-sperm5.tif 4 4 0.6027802246001684 
ch00_p3-pl1-sample11-sperm1.tif 4 4 0.9352178277540796 
ch00_p3-pl1-sample11-sperm6.tif 4 3 0.8779159284480331 
ch00_p3-pl1-sample12-sperm6.tif 4 1 0.7609109417013048 
ch00_p3-pl1-sample12-sperm7.tif 4 4 0.6368002685584514 
ch00_p3-pl1-sample13-sperm6.tif 4 4 0.9640301215289278 
ch00_p3-pl1-sample15-sperm8.tif 4 4 0.9754461595179971 
ch00_p3-pl1-sample16-sperm3.tif 4 3 0.8216734955091214 
ch00_p3-pl1-sample16-sperm5.tif 4 0 0.7064109376603708 
ch00_p3-pl1-sample19-sperm8.tif 4 4 0.9894920590119889 
ch00_p3-pl1-sample2-sperm6.tif 4 4 0.87274388145815 
ch00_p3-pl1-sample20-sperm1.tif 4 1 0.9062550977070891 
ch00_p3-pl1-sample21-sperm8.tif 4 3 0.7209869378033071 
ch00_p3-pl1-sample24-sperm2.tif 4 4 0.9446536561614196 
ch00_p3-pl1-sample25-sperm2.tif 4 4 0.5406711871188434 
ch00_p3-pl1-sample26-sperm1.tif 4 4 0.988031676732535 
ch00_p3-pl1-sample26-sperm3.tif 4 4 0.9302653300332504 
ch00_p3-pl1-sample26-sperm7.tif 4 1 0.8414393926742475 
ch00_p3-pl1-sample29-sperm8.tif 4 4 0.880843952548756 
ch00_p3-pl1-sample30-sperm4.tif 4 4 0.9699774679796828 
ch00_p3-pl1-sample30-sperm5.tif 4 4 0.8393569778985089 
ch00_p3-pl1-sample31-sperm2.tif 4 1 0.9686517172575225 
ch00_p3-pl1-sample4-sperm5.tif 4 4 0.799437430777285 
ch00_p3-pl1-sample7-sperm1.tif 4 4 0.9869873490967931 
ch00_p3-pl1-sample7-sperm13.tif 4 0 0.7204683588687526 
ch00_p3-pl1-sample7-sperm6.tif 4 4 0.8025151395267471 
ch00_p3-pl1-sample7-sperm8.tif 4 4 0.7006836150989822 
ch00_p3-pl1-sample9-sperm9.tif 4 1 0.8456950461758018 
ch00_p4-pl1-sample1-sperm8.tif 4 4 0.994261125419743 
ch00_p4-pl1-sample1-sperm9.tif 4 2 0.5435546343488409 
ch00_p4-pl1-sample10-sperm12.tif 4 3 0.7086585695689573 
ch00_p4-pl1-sample10-sperm21.tif 4 4 0.9525611455202925 
ch00_p4-pl1-sample10-sperm6.tif 4 4 0.5715964842774635 
ch00_p4-pl1-sample11-sperm13.tif 4 4 0.9854869304200432 
ch00_p4-pl1-sample11-sperm8.tif 4 0 0.9389738285239042 
ch00_p4-pl1-sample12-sperm8.tif 4 4 0.9871308369885269 
ch00_p4-pl1-sample12-sperm9.tif 4 4 0.9377642100924107 
ch00_p4-pl1-sample13-sperm3.tif 4 4 0.5554847601816175 
ch00_p4-pl1-sample13-sperm8.tif 4 1 0.7309654561611889 
ch00_p4-pl1-sample14-sperm13.tif 4 0 0.5322939562858314 
ch00_p4-pl1-sample14-sperm3.tif 4 4 0.6449244411542283 
ch00_p4-pl1-sample16-sperm10.tif 4 2 0.6786784569355573 
ch00_p4-pl1-sample16-sperm17.tif 4 4 0.9984644755262779 
ch00_p4-pl1-sample16-sperm3.tif 4 1 0.9419955771207581 
ch00_p4-pl1-sample18-sperm1.tif 4 4 0.7866181568123432 
ch00_p4-pl1-sample18-sperm5.tif 4 4 0.9944165045522181 
ch00_p4-pl1-sample18-sperm6.tif 4 4 0.9861942261296642 
ch00_p4-pl1-sample19-sperm9.tif 4 4 0.9829280726684484 
ch00_p4-pl1-sample2-sperm1.tif 4 1 0.7451471746141537 
ch00_p4-pl1-sample2-sperm9.tif 4 1 0.9101274600846083 
ch00_p4-pl1-sample3-sperm11.tif 4 1 0.6803374553241296 
ch00_p4-pl1-sample4-sperm10.tif 4 4 0.7963087957424265 
ch00_p4-pl1-sample4-sperm12.tif 4 2 0.4699940122703429 
ch00_p4-pl1-sample4-sperm14.tif 4 4 0.7851489813276492 
ch00_p4-pl1-sample4-sperm9.tif 4 4 0.9075220185469186 
ch00_p4-pl1-sample5-sperm1.tif 4 4 0.9269246758107034 
ch00_p4-pl1-sample5-sperm2.tif 4 4 0.5614923449052888 
ch00_p4-pl1-sample5-sperm9.tif 4 4 0.9049588018856966 
ch00_p4-pl1-sample6-sperm3.tif 4 3 0.9436163016088203 
ch00_p4-pl1-sample7-sperm13.tif 4 3 0.9770834075772148 
ch00_p4-pl1-sample7-sperm17.tif 4 4 0.8184271377571668 
ch00_p4-pl1-sample7-sperm4.tif 4 0 0.9067138642613756 
ch00_p4-pl1-sample8-sperm2.tif 4 4 0.7056262034160817 
ch00_p4-pl1-sample8-sperm8.tif 4 1 0.6966110177032728 
ch00_p4-pl1-sample8-sperm9.tif 4 4 0.9820862407584078 
ch00_p4-pl1-sample9-sperm15.tif 4 4 0.6035135404843249 
ch00_p4-pl1-sample9-sperm17.tif 4 2 0.637893618006648 
ch00_p4-pl1-sample9-sperm6.tif 4 4 0.9219209334927029 
ch00_p4-pl1-sample9-sperm9.tif 4 1 0.582759394589303 
ch00_p4-pl2-sample1-sperm7.tif 4 4 0.9705175023335039 
ch00_p4-pl2-sample12-sperm9.tif 4 4 0.7963837968984484 
ch00_p4-pl2-sample13-sperm2.tif 4 4 0.6484763802074516 
ch00_p4-pl2-sample13-sperm7.tif 4 4 0.9582806177634687 
ch00_p4-pl2-sample15-sperm6.tif 4 4 0.9463286670132534 
ch00_p4-pl2-sample16-sperm4.tif 4 4 0.9432422383050508 
ch00_p4-pl2-sample16-sperm8.tif 4 1 0.834999085334885 
ch00_p4-pl2-sample17-sperm4.tif 4 1 0.7976502825499228 
ch00_p4-pl2-sample18-sperm2.tif 4 1 0.8276711803634906 
ch00_p4-pl2-sample19-sperm8.tif 4 4 0.9369561654496361 
ch00_p4-pl2-sample2-sperm10.tif 4 4 0.9832089454112368 
ch00_p4-pl2-sample2-sperm6.tif 4 4 0.8336552838908121 
ch00_p4-pl2-sample20-sperm2.tif 4 4 0.9922748851234693 
ch00_p4-pl2-sample20-sperm5.tif 4 4 0.9763849657877136 
ch00_p4-pl2-sample20-sperm6.tif 4 4 0.9022833763109087 
ch00_p4-pl2-sample3-sperm2.tif 4 1 0.5706047513589464 
ch00_p4-pl2-sample3-sperm3.tif 4 4 0.7914192830674073 
ch00_p4-pl2-sample3-sperm5.tif 4 4 0.9684492206967864 
ch00_p4-pl2-sample4-sperm2.tif 4 4 0.6568666333679798 
ch00_p4-pl2-sample4-sperm7.tif 4 4 0.9672051155126876 
ch00_p4-pl2-sample5-sperm4.tif 4 4 0.9730324521496111 
ch00_p4-pl2-sample6-sperm2.tif 4 0 0.5565787015231487 
ch00_p4-pl2-sample6-sperm3.tif 4 4 0.8035875976886738 
ch00_p4-pl2-sample7-sperm3.tif 4 4 0.9505991951456944 
ch00_p4-pl2-sample7-sperm4.tif 4 4 0.9234083894251749 
ch00_p4-pl2-sample7-sperm7.tif 4 4 0.8414186522827757 
ch00_p4-pl2-sample8-sperm9.tif 4 3 0.9884581072524306 
ch00_p5-pl1-sample1-sperm13.tif 4 4 0.9674899257930762 
ch00_p5-pl1-sample10-sperm18.tif 4 3 0.7588791109566517 
ch00_p5-pl1-sample10-sperm4.tif 4 3 0.6037426877466784 
ch00_p5-pl1-sample10-sperm6.tif 4 1 0.7327052828068472 
ch00_p5-pl1-sample10-sperm7.tif 4 1 0.5742824754151363 
ch00_p5-pl1-sample11-sperm4.tif 4 4 0.8870744687735218 
ch00_p5-pl1-sample12-sperm13.tif 4 4 0.9838614742165525 
ch00_p5-pl1-sample12-sperm6.tif 4 1 0.7382777111905251 
ch00_p5-pl1-sample13-sperm5.tif 4 4 0.49058662939565134 
ch00_p5-pl1-sample14-sperm6.tif 4 4 0.9250400887576832 
ch00_p5-pl1-sample15-sperm4.tif 4 3 0.9585184703164813 
ch00_p5-pl1-sample17-sperm13.tif 4 4 0.9901935932138417 
ch00_p5-pl1-sample17-sperm2.tif 4 4 0.8998137057736469 
ch00_p5-pl1-sample17-sperm3.tif 4 4 0.6815946307958584 
ch00_p5-pl1-sample19-sperm2.tif 4 4 0.7499252509114729 
ch00_p5-pl1-sample2-sperm10.tif 4 4 0.9159305603848521 
ch00_p5-pl1-sample2-sperm11.tif 4 4 0.5934565185640293 
ch00_p5-pl1-sample2-sperm6.tif 4 4 0.8200661157953973 
ch00_p5-pl1-sample20-sperm13.tif 4 4 0.9867318081326417 
ch00_p5-pl1-sample4-sperm10.tif 4 3 0.5638207308425391 
ch00_p5-pl1-sample4-sperm2.tif 4 3 0.8645758652548773 
ch00_p5-pl1-sample4-sperm3.tif 4 4 0.8801829191660375 
ch00_p5-pl1-sample5-sperm9.tif 4 1 0.5238049598895242 
ch00_p5-pl1-sample7-sperm5.tif 4 3 0.7852564975664575 
ch00_p5-pl1-sample9-sperm3.tif 4 4 0.6091165940898693 
