ch00_p1-pl2-sample1-sperm3.tif 0 0 0.9997022455428559 
ch00_p1-pl2-sample10-sperm4.tif 0 0 0.5191081205364152 
ch00_p1-pl2-sample12-sperm13.tif 0 4 0.9957288666211445 
ch00_p1-pl2-sample22-sperm5.tif 0 4 0.5203368148030885 
ch00_p1-pl2-sample25-sperm4.tif 0 1 0.9578494124142076 
ch00_p1-pl2-sample3-sperm7.tif 0 4 0.883995736996186 
ch00_p1-pl2-sample30-sperm2.tif 0 0 0.8988203371517625 
ch00_p1-pl2-sample34-sperm9.tif 0 0 0.9913369449107944 
ch00_p1-pl2-sample4-sperm20.tif 0 4 0.9999985696383793 
ch00_p1-pl2-sample5-sperm3.tif 0 4 0.9656327017333586 
ch00_p1-pl2-sample8-sperm6.tif 0 0 0.9995839388259674 
ch00_p1-pl2-sample9-sperm9.tif 0 4 0.9100236747991892 
ch00_p1-pl3-sample15-sperm13.tif 0 4 0.9967185383383006 
ch00_p1-pl3-sample17-sperm5.tif 0 0 0.9991555037670332 
ch00_p1-pl3-sample2-sperm3.tif 0 4 0.990467712850549 
ch00_p1-pl3-sample24-sperm4.tif 0 4 0.8748206673553117 
ch00_p1-pl3-sample6-sperm11.tif 0 4 0.9164830781133656 
ch00_p3-pl1-sample21-sperm2.tif 0 4 0.8240724857806543 
ch00_p4-pl1-sample1-sperm3.tif 0 4 0.9723269867023577 
ch00_p4-pl1-sample14-sperm1.tif 0 4 0.8900078491197009 
ch00_p4-pl1-sample15-sperm6.tif 0 0 0.9939459184081398 
ch00_p4-pl1-sample17-sperm9.tif 0 4 0.9946425029950456 
ch00_p4-pl1-sample19-sperm1.tif 0 4 0.9967429685887297 
ch00_p4-pl1-sample2-sperm4.tif 0 4 0.9502342429732721 
ch00_p4-pl1-sample20-sperm7.tif 0 4 0.9999999229869196 
ch00_p4-pl1-sample6-sperm10.tif 0 4 0.9146741518611085 
ch00_p4-pl2-sample14-sperm7.tif 0 4 0.9099435145036197 
ch00_p5-pl1-sample2-sperm9.tif 0 4 0.9999999980862285 
ch00_p5-pl1-sample5-sperm12.tif 0 4 0.9999998834755631 
ch00_p5-pl1-sample7-sperm9.tif 0 0 0.6846820320817252 
ch00_p1-pl2-sample10-sperm3.tif 1 1 0.99886575745451 
ch00_p1-pl2-sample11-sperm10.tif 1 1 0.9999043373336363 
ch00_p1-pl2-sample11-sperm12.tif 1 1 0.9857341919077011 
ch00_p1-pl2-sample12-sperm4.tif 1 2 0.9337167332974957 
ch00_p1-pl2-sample13-sperm18.tif 1 1 0.9997838511025355 
ch00_p1-pl2-sample14-sperm13.tif 1 4 0.507380081034767 
ch00_p1-pl2-sample17-sperm5.tif 1 1 0.9682014088554902 
ch00_p1-pl2-sample19-sperm11.tif 1 1 0.9999823089143259 
ch00_p1-pl2-sample19-sperm14.tif 1 4 0.45893759665865125 
ch00_p1-pl2-sample2-sperm3.tif 1 4 0.999998726714301 
ch00_p1-pl2-sample22-sperm1.tif 1 1 0.9999995058088269 
ch00_p1-pl2-sample23-sperm10.tif 1 4 0.5149604488425192 
ch00_p1-pl2-sample23-sperm14.tif 1 4 0.6916915445551052 
ch00_p1-pl2-sample25-sperm5.tif 1 1 0.9907572461474544 
ch00_p1-pl2-sample3-sperm17.tif 1 1 0.9999182780566083 
ch00_p1-pl2-sample3-sperm3.tif 1 1 0.9999192488978901 
ch00_p1-pl2-sample30-sperm7.tif 1 1 0.9682151620306659 
ch00_p1-pl2-sample32-sperm7.tif 1 1 0.9998584250082979 
ch00_p1-pl2-sample35-sperm7.tif 1 1 0.9910941033901081 
ch00_p1-pl2-sample4-sperm17.tif 1 1 0.998131228776908 
ch00_p1-pl2-sample4-sperm8.tif 1 1 0.753932603565338 
ch00_p1-pl2-sample6-sperm7.tif 1 4 0.5688401470320866 
ch00_p1-pl2-sample7-sperm2.tif 1 4 0.9969183814186596 
ch00_p1-pl2-sample9-sperm11.tif 1 1 0.9999191773675764 
ch00_p1-pl2-sample9-sperm12.tif 1 1 0.9817131261581606 
ch00_p1-pl3-sample1-sperm10.tif 1 4 0.9999999742193532 
ch00_p1-pl3-sample10-sperm4.tif 1 1 0.9655006337577254 
ch00_p1-pl3-sample10-sperm6.tif 1 1 0.9994593868825671 
ch00_p1-pl3-sample11-sperm10.tif 1 1 0.9960032181461062 
ch00_p1-pl3-sample12-sperm2.tif 1 1 0.9329505395833395 
ch00_p1-pl3-sample12-sperm5.tif 1 1 0.9999601822815017 
ch00_p1-pl3-sample12-sperm7.tif 1 1 0.421396174184575 
ch00_p1-pl3-sample15-sperm21.tif 1 4 0.42215647603077 
ch00_p1-pl3-sample15-sperm6.tif 1 4 0.9498152168549197 
ch00_p1-pl3-sample18-sperm4.tif 1 1 0.9999998190621375 
ch00_p1-pl3-sample19-sperm4.tif 1 4 0.8012527310414004 
ch00_p1-pl3-sample20-sperm3.tif 1 4 0.502625979773243 
ch00_p1-pl3-sample24-sperm2.tif 1 4 0.9999999817432008 
ch00_p1-pl3-sample7-sperm10.tif 1 1 0.5356338038315928 
ch00_p1-pl3-sample9-sperm13.tif 1 4 0.9622767130550182 
ch00_p3-pl1-sample11-sperm2.tif 1 4 0.5372495821833646 
ch00_p3-pl1-sample14-sperm2.tif 1 4 0.7071925071016367 
ch00_p3-pl1-sample17-sperm3.tif 1 1 0.7297366422360858 
ch00_p3-pl1-sample18-sperm1.tif 1 1 0.9999757837575108 
ch00_p3-pl1-sample18-sperm3.tif 1 1 0.9999998224184149 
ch00_p3-pl1-sample19-sperm7.tif 1 1 0.9033868365676135 
ch00_p3-pl1-sample22-sperm2.tif 1 4 0.9979951577524039 
ch00_p3-pl1-sample23-sperm11.tif 1 1 0.9952671839540038 
ch00_p3-pl1-sample27-sperm2.tif 1 1 0.9999998122270629 
ch00_p3-pl1-sample5-sperm6.tif 1 1 0.9999998372256602 
ch00_p4-pl1-sample12-sperm5.tif 1 4 0.6767307697476137 
ch00_p4-pl1-sample17-sperm3.tif 1 1 0.9936539975709003 
ch00_p4-pl1-sample19-sperm3.tif 1 1 0.8677914386204966 
ch00_p4-pl1-sample20-sperm13.tif 1 1 0.9172698108285535 
ch00_p4-pl1-sample7-sperm16.tif 1 1 0.8363516891343774 
ch00_p4-pl1-sample8-sperm14.tif 1 4 0.9945857091641518 
ch00_p4-pl1-sample9-sperm13.tif 1 1 0.9787148924811907 
ch00_p4-pl2-sample1-sperm6.tif 1 4 0.6360096131683829 
ch00_p4-pl2-sample5-sperm7.tif 1 1 0.59147879823878 
ch00_p5-pl1-sample16-sperm7.tif 1 1 0.9997236482522792 
ch00_p5-pl1-sample17-sperm15.tif 1 1 0.9975631317715018 
ch00_p5-pl1-sample18-sperm11.tif 1 4 0.984161163266916 
ch00_p5-pl1-sample2-sperm2.tif 1 1 0.9977554983711089 
ch00_p5-pl1-sample20-sperm11.tif 1 4 0.521618406446844 
ch00_p5-pl1-sample20-sperm9.tif 1 1 0.7028450375665705 
ch00_p5-pl1-sample5-sperm20.tif 1 1 0.9796466321583548 
ch00_p5-pl1-sample7-sperm6.tif 1 4 0.8212668967609004 
ch00_p5-pl1-sample7-sperm7.tif 1 1 0.9999979076484508 
ch00_p1-pl2-sample10-sperm13.tif 2 4 0.9779443580733507 
ch00_p1-pl2-sample17-sperm12.tif 2 4 0.97075199450175 
ch00_p1-pl2-sample2-sperm6.tif 2 4 0.93148031115848 
ch00_p1-pl2-sample20-sperm14.tif 2 4 0.9999999846572123 
ch00_p1-pl2-sample23-sperm9.tif 2 4 0.9999968899000767 
ch00_p1-pl2-sample31-sperm10.tif 2 4 0.9999997812120711 
ch00_p1-pl2-sample33-sperm13.tif 2 4 0.8375742262335774 
ch00_p1-pl2-sample34-sperm5.tif 2 1 0.5683361153061646 
ch00_p1-pl2-sample35-sperm6.tif 2 4 0.9972913622131673 
ch00_p1-pl3-sample1-sperm15.tif 2 4 0.8817004961322193 
ch00_p1-pl3-sample1-sperm9.tif 2 2 0.8189771186321575 
ch00_p1-pl3-sample11-sperm7.tif 2 4 0.621420750425364 
ch00_p1-pl3-sample12-sperm11.tif 2 2 0.9993405267128233 
ch00_p1-pl3-sample21-sperm10.tif 2 2 0.9836669887848087 
ch00_p1-pl3-sample6-sperm17.tif 2 2 0.973255777932656 
ch00_p1-pl3-sample6-sperm2.tif 2 4 0.9976840180764696 
ch00_p1-pl3-sample9-sperm4.tif 2 2 0.9599454591518489 
ch00_p4-pl1-sample14-sperm10.tif 2 1 0.6611630074658559 
ch00_p4-pl1-sample19-sperm4.tif 2 1 0.5812024610549545 
ch00_p4-pl1-sample3-sperm10.tif 2 2 0.9830310511001003 
ch00_p4-pl1-sample3-sperm7.tif 2 4 0.9879258477108145 
ch00_p4-pl2-sample4-sperm11.tif 2 2 0.9999981198881752 
ch00_p1-pl2-sample11-sperm3.tif 3 4 0.9999999999976504 
ch00_p1-pl2-sample18-sperm8.tif 3 3 0.9813134649187693 
ch00_p1-pl2-sample21-sperm7.tif 3 4 0.545575737047228 
ch00_p1-pl2-sample25-sperm9.tif 3 0 0.7837664270609341 
ch00_p1-pl2-sample27-sperm1.tif 3 4 0.972693754084586 
ch00_p1-pl2-sample28-sperm2.tif 3 3 0.6509188602077719 
ch00_p1-pl2-sample5-sperm11.tif 3 3 0.9521314380409673 
ch00_p1-pl2-sample5-sperm4.tif 3 4 0.8919222473146095 
ch00_p1-pl3-sample12-sperm9.tif 3 4 0.671562635828632 
ch00_p1-pl3-sample13-sperm12.tif 3 1 0.5027496214556434 
ch00_p1-pl3-sample15-sperm11.tif 3 4 0.8038859826224464 
ch00_p1-pl3-sample20-sperm9.tif 3 3 0.45654300144745824 
ch00_p1-pl3-sample23-sperm13.tif 3 4 0.9999997897086422 
ch00_p1-pl3-sample23-sperm16.tif 3 4 0.9925885736990798 
ch00_p1-pl3-sample23-sperm7.tif 3 4 0.960093932915229 
ch00_p1-pl3-sample9-sperm6.tif 3 3 0.4940494554183412 
ch00_p3-pl1-sample14-sperm6.tif 3 4 0.9853643422575507 
ch00_p3-pl1-sample28-sperm2.tif 3 4 0.9999999999483697 
ch00_p3-pl1-sample30-sperm1.tif 3 3 0.8535936817577117 
ch00_p4-pl1-sample6-sperm12.tif 3 4 0.5350431898720203 
ch00_p4-pl2-sample12-sperm8.tif 3 4 0.9778843208741267 
ch00_p1-pl2-sample1-sperm2.tif 4 4 0.9999999579764673 
ch00_p1-pl2-sample10-sperm12.tif 4 0 0.9868025062493915 
ch00_p1-pl2-sample10-sperm14.tif 4 3 0.893811722970195 
ch00_p1-pl2-sample10-sperm2.tif 4 4 0.9970846862637763 
ch00_p1-pl2-sample10-sperm8.tif 4 4 0.8833815180890284 
ch00_p1-pl2-sample12-sperm11.tif 4 4 0.9920258705022846 
ch00_p1-pl2-sample12-sperm12.tif 4 4 0.9972210323586572 
ch00_p1-pl2-sample12-sperm5.tif 4 4 0.9999999646310996 
ch00_p1-pl2-sample12-sperm7.tif 4 1 0.9998347170536631 
ch00_p1-pl2-sample13-sperm16.tif 4 0 0.63259629211786 
ch00_p1-pl2-sample14-sperm14.tif 4 4 0.8878266086310168 
ch00_p1-pl2-sample14-sperm2.tif 4 1 0.8414773753286386 
ch00_p1-pl2-sample14-sperm3.tif 4 4 0.9999999999998848 
ch00_p1-pl2-sample14-sperm4.tif 4 4 0.6742003148442705 
ch00_p1-pl2-sample14-sperm8.tif 4 1 0.8090430201639675 
ch00_p1-pl2-sample15-sperm5.tif 4 4 0.9983941825268307 
ch00_p1-pl2-sample18-sperm6.tif 4 4 0.9870336747714802 
ch00_p1-pl2-sample18-sperm9.tif 4 4 0.7029220241530975 
ch00_p1-pl2-sample2-sperm8.tif 4 4 0.9890709329574315 
ch00_p1-pl2-sample22-sperm11.tif 4 4 0.6703003753349808 
ch00_p1-pl2-sample24-sperm13.tif 4 4 0.9999999926621376 
ch00_p1-pl2-sample27-sperm8.tif 4 4 0.9984745589582908 
ch00_p1-pl2-sample28-sperm1.tif 4 3 0.6011013733328204 
ch00_p1-pl2-sample28-sperm3.tif 4 4 0.9731586289064934 
ch00_p1-pl2-sample28-sperm4.tif 4 4 0.9999990595953624 
ch00_p1-pl2-sample3-sperm13.tif 4 4 0.9873762588050844 
ch00_p1-pl2-sample3-sperm14.tif 4 4 0.9413551704502879 
ch00_p1-pl2-sample30-sperm6.tif 4 4 0.8962718981740723 
ch00_p1-pl2-sample31-sperm11.tif 4 4 0.9780394989540465 
ch00_p1-pl2-sample33-sperm4.tif 4 4 0.9999988667078012 
ch00_p1-pl2-sample34-sperm11.tif 4 4 0.9999999999942583 
ch00_p1-pl2-sample34-sperm3.tif 4 2 0.5475711800852355 
ch00_p1-pl2-sample34-sperm6.tif 4 1 0.9970324913449944 
ch00_p1-pl2-sample34-sperm8.tif 4 4 0.9999999166260259 
ch00_p1-pl2-sample35-sperm12.tif 4 4 0.9906406789024014 
ch00_p1-pl2-sample35-sperm5.tif 4 1 0.9808172081796338 
ch00_p1-pl2-sample4-sperm4.tif 4 4 0.9999973020044479 
ch00_p1-pl2-sample7-sperm13.tif 4 4 0.9530418863948438 
ch00_p1-pl2-sample8-sperm5.tif 4 4 0.9999999999998864 
ch00_p1-pl2-sample9-sperm18.tif 4 4 0.9944926821580847 
ch00_p1-pl2-sample9-sperm5.tif 4 4 0.9564486495428076 
ch00_p1-pl3-sample1-sperm4.tif 4 4 0.9909099267897991 
ch00_p1-pl3-sample12-sperm10.tif 4 1 0.9987204537244857 
ch00_p1-pl3-sample12-sperm4.tif 4 4 0.9505704537975772 
ch00_p1-pl3-sample12-sperm8.tif 4 4 0.9999999997889039 
ch00_p1-pl3-sample13-sperm8.tif 4 4 0.993335190574596 
ch00_p1-pl3-sample14-sperm1.tif 4 4 0.6783478000916583 
ch00_p1-pl3-sample14-sperm13.tif 4 0 0.5459208142502472 
ch00_p1-pl3-sample14-sperm15.tif 4 4 0.9705165250050111 
ch00_p1-pl3-sample15-sperm2.tif 4 4 0.999999999489633 
ch00_p1-pl3-sample15-sperm3.tif 4 4 0.6548784295325811 
ch00_p1-pl3-sample16-sperm8.tif 4 4 0.9839735161514196 
ch00_p1-pl3-sample17-sperm11.tif 4 4 0.9974433843038255 
ch00_p1-pl3-sample17-sperm2.tif 4 1 0.6828402435955135 
ch00_p1-pl3-sample19-sperm1.tif 4 4 0.9999999832327102 
ch00_p1-pl3-sample19-sperm3.tif 4 1 0.5435306995592017 
ch00_p1-pl3-sample2-sperm10.tif 4 4 0.9792798441888076 
ch00_p1-pl3-sample2-sperm11.tif 4 4 0.9999999999998782 
ch00_p1-pl3-sample21-sperm1.tif 4 4 0.9019173043542911 
ch00_p1-pl3-sample22-sperm1.tif 4 1 0.9999997257089311 
ch00_p1-pl3-sample22-sperm6.tif 4 4 0.995993004085663 
ch00_p1-pl3-sample22-sperm7.tif 4 4 0.9986125785261096 
ch00_p1-pl3-sample22-sperm9.tif 4 4 0.9583261826798777 
ch00_p1-pl3-sample23-sperm2.tif 4 4 0.9857810644640684 
ch00_p1-pl3-sample23-sperm6.tif 4 1 0.9999972534417331 
ch00_p1-pl3-sample24-sperm20.tif 4 4 0.8738628225503694 
ch00_p1-pl3-sample25-sperm2.tif 4 4 0.999998966812023 
ch00_p1-pl3-sample3-sperm1.tif 4 4 0.8223092236833001 
ch00_p1-pl3-sample3-sperm2.tif 4 3 0.7835690485729946 
ch00_p1-pl3-sample3-sperm4.tif 4 1 0.503648277477796 
ch00_p1-pl3-sample4-sperm3.tif 4 3 0.9688773128845461 
ch00_p1-pl3-sample4-sperm8.tif 4 4 0.8482925240398407 
ch00_p1-pl3-sample7-sperm3.tif 4 4 0.9905896548106902 
ch00_p1-pl3-sample8-sperm17.tif 4 4 0.9924709838711387 
ch00_p1-pl3-sample8-sperm6.tif 4 4 0.9999962694355161 
ch00_p3-pl1-sample1-sperm5.tif 4 1 0.8694540013608432 
ch00_p3-pl1-sample11-sperm1.tif 4 1 0.6606536905280579 
ch00_p3-pl1-sample11-sperm6.tif 4 4 0.9976189037155294 
ch00_p3-pl1-sample12-sperm6.tif 4 1 0.7881035072911551 
ch00_p3-pl1-sample12-sperm7.tif 4 4 0.9999999619896677 
ch00_p3-pl1-sample13-sperm6.tif 4 4 0.7165168694173799 
ch00_p3-pl1-sample15-sperm8.tif 4 4 0.9999966020335421 
ch00_p3-pl1-sample16-sperm3.tif 4 4 0.9999999980933801 
ch00_p3-pl1-sample16-sperm5.tif 4 4 0.6366519346673544 
ch00_p3-pl1-sample19-sperm8.tif 4 4 0.9999999998716935 
ch00_p3-pl1-sample2-sperm6.tif 4 4 0.9940042776029517 
ch00_p3-pl1-sample20-sperm1.tif 4 1 0.9937434362425898 
ch00_p3-pl1-sample21-sperm8.tif 4 4 0.99999987727422 
ch00_p3-pl1-sample24-sperm2.tif 4 4 0.9922719877596585 
ch00_p3-pl1-sample25-sperm2.tif 4 4 0.9980488992847916 
ch00_p3-pl1-sample26-sperm1.tif 4 4 0.9999998779529321 
ch00_p3-pl1-sample26-sperm3.tif 4 4 0.6022668852153217 
ch00_p3-pl1-sample26-sperm7.tif 4 1 0.7002563254614964 
ch00_p3-pl1-sample29-sperm8.tif 4 4 0.9856106649807925 
ch00_p3-pl1-sample30-sperm4.tif 4 4 0.99999999999989 
ch00_p3-pl1-sample30-sperm5.tif 4 4 0.9984914624977379 
ch00_p3-pl1-sample31-sperm2.tif 4 1 0.9994165673145565 
ch00_p3-pl1-sample4-sperm5.tif 4 4 0.9314526343277175 
ch00_p3-pl1-sample7-sperm1.tif 4 4 0.9999999985279416 
ch00_p3-pl1-sample7-sperm13.tif 4 0 0.9979229102975725 
ch00_p3-pl1-sample7-sperm6.tif 4 1 0.8294690755276539 
ch00_p3-pl1-sample7-sperm8.tif 4 4 0.9999999855883046 
ch00_p3-pl1-sample9-sperm9.tif 4 1 0.9570160723578249 
ch00_p4-pl1-sample1-sperm8.tif 4 0 0.9756572710968004 
ch00_p4-pl1-sample1-sperm9.tif 4 4 0.7606638453185885 
ch00_p4-pl1-sample10-sperm12.tif 4 3 0.9855612071161614 
ch00_p4-pl1-sample10-sperm21.tif 4 4 0.7872566760571803 
ch00_p4-pl1-sample10-sperm6.tif 4 3 0.9037658757251851 
ch00_p4-pl1-sample11-sperm13.tif 4 4 0.8732494963111895 
ch00_p4-pl1-sample11-sperm8.tif 4 4 0.9464663031328165 
ch00_p4-pl1-sample12-sperm8.tif 4 4 0.978637400893771 
ch00_p4-pl1-sample12-sperm9.tif 4 4 0.7442444783181548 
ch00_p4-pl1-sample13-sperm3.tif 4 4 0.9562599064441955 
ch00_p4-pl1-sample13-sperm8.tif 4 1 0.6102446957143098 
ch00_p4-pl1-sample14-sperm13.tif 4 4 0.7981761241565076 
ch00_p4-pl1-sample14-sperm3.tif 4 4 0.9999999999982272 
ch00_p4-pl1-sample16-sperm10.tif 4 2 0.9782810784669989 
ch00_p4-pl1-sample16-sperm17.tif 4 4 0.9999999999998785 
ch00_p4-pl1-sample16-sperm3.tif 4 1 0.9965802188924068 
ch00_p4-pl1-sample18-sperm1.tif 4 4 0.8739637093864872 
ch00_p4-pl1-sample18-sperm5.tif 4 4 0.999999999725088 
ch00_p4-pl1-sample18-sperm6.tif 4 4 0.8905377825167999 
ch00_p4-pl1-sample19-sperm9.tif 4 4 0.9671527652048906 
ch00_p4-pl1-sample2-sperm1.tif 4 4 0.8298231147843396 
ch00_p4-pl1-sample2-sperm9.tif 4 1 0.9998720416310675 
ch00_p4-pl1-sample3-sperm11.tif 4 1 0.9082541148815982 
ch00_p4-pl1-sample4-sperm10.tif 4 4 0.8648802848284693 
ch00_p4-pl1-sample4-sperm12.tif 4 4 0.9982455570591929 
ch00_p4-pl1-sample4-sperm14.tif 4 4 0.8549473017998057 
ch00_p4-pl1-sample4-sperm9.tif 4 4 0.9742656447214276 
ch00_p4-pl1-sample5-sperm1.tif 4 4 0.9999997271295432 
ch00_p4-pl1-sample5-sperm2.tif 4 4 0.46435298913426176 
ch00_p4-pl1-sample5-sperm9.tif 4 4 0.9999983265065981 
ch00_p4-pl1-sample6-sperm3.tif 4 3 0.720017498762247 
ch00_p4-pl1-sample7-sperm13.tif 4 4 0.9923426811619876 
ch00_p4-pl1-sample7-sperm17.tif 4 4 0.6035934781313648 
ch00_p4-pl1-sample7-sperm4.tif 4 4 0.9546773663846915 
ch00_p4-pl1-sample8-sperm2.tif 4 4 0.9321128693437493 
ch00_p4-pl1-sample8-sperm8.tif 4 4 0.5181752545586473 
ch00_p4-pl1-sample8-sperm9.tif 4 4 0.9879891816780976 
ch00_p4-pl1-sample9-sperm15.tif 4 4 0.7085383093844619 
ch00_p4-pl1-sample9-sperm17.tif 4 2 0.999753344025005 
ch00_p4-pl1-sample9-sperm6.tif 4 4 0.9999999920721648 
ch00_p4-pl1-sample9-sperm9.tif 4 4 0.8289932769782437 
ch00_p4-pl2-sample1-sperm7.tif 4 4 0.8156471597164024 
ch00_p4-pl2-sample12-sperm9.tif 4 4 0.7358259770822183 
ch00_p4-pl2-sample13-sperm2.tif 4 4 0.5697254811789387 
ch00_p4-pl2-sample13-sperm7.tif 4 4 0.9371662159627482 
ch00_p4-pl2-sample15-sperm6.tif 4 4 0.7621042884654246 
ch00_p4-pl2-sample16-sperm4.tif 4 4 0.9999998208148863 
ch00_p4-pl2-sample16-sperm8.tif 4 4 0.8898388659290578 
ch00_p4-pl2-sample17-sperm4.tif 4 1 0.9999988264028836 
ch00_p4-pl2-sample18-sperm2.tif 4 1 0.9669753544151373 
ch00_p4-pl2-sample19-sperm8.tif 4 4 0.9999999630829661 
ch00_p4-pl2-sample2-sperm10.tif 4 4 0.9955741983899963 
ch00_p4-pl2-sample2-sperm6.tif 4 4 0.9999998709778991 
ch00_p4-pl2-sample20-sperm2.tif 4 4 0.999999994969536 
ch00_p4-pl2-sample20-sperm5.tif 4 0 0.7240663827772921 
ch00_p4-pl2-sample20-sperm6.tif 4 4 0.9999995010246152 
ch00_p4-pl2-sample3-sperm2.tif 4 4 0.9714789969247419 
ch00_p4-pl2-sample3-sperm3.tif 4 1 0.9894535825013141 
ch00_p4-pl2-sample3-sperm5.tif 4 4 0.9999999992880665 
ch00_p4-pl2-sample4-sperm2.tif 4 4 0.5859732382769522 
ch00_p4-pl2-sample4-sperm7.tif 4 4 0.9999999989285397 
ch00_p4-pl2-sample5-sperm4.tif 4 4 0.9823982921941806 
ch00_p4-pl2-sample6-sperm2.tif 4 4 0.9999974134578015 
ch00_p4-pl2-sample6-sperm3.tif 4 4 0.9999999443220766 
ch00_p4-pl2-sample7-sperm3.tif 4 0 0.9219090282134771 
ch00_p4-pl2-sample7-sperm4.tif 4 4 0.9081295430478279 
ch00_p4-pl2-sample7-sperm7.tif 4 4 0.8948189796924065 
ch00_p4-pl2-sample8-sperm9.tif 4 4 0.9999999999998698 
ch00_p5-pl1-sample1-sperm13.tif 4 4 0.9999999845407164 
ch00_p5-pl1-sample10-sperm18.tif 4 4 0.9957562655495403 
ch00_p5-pl1-sample10-sperm4.tif 4 4 0.99999997345631 
ch00_p5-pl1-sample10-sperm6.tif 4 1 0.9981165249162167 
ch00_p5-pl1-sample10-sperm7.tif 4 4 0.9999995501125656 
ch00_p5-pl1-sample11-sperm4.tif 4 1 0.9987860571499823 
ch00_p5-pl1-sample12-sperm13.tif 4 4 0.9973212672488699 
ch00_p5-pl1-sample12-sperm6.tif 4 4 0.6479323534963038 
ch00_p5-pl1-sample13-sperm5.tif 4 0 0.6116832930127122 
ch00_p5-pl1-sample14-sperm6.tif 4 4 0.9999997765886053 
ch00_p5-pl1-sample15-sperm4.tif 4 4 0.9941946628674504 
ch00_p5-pl1-sample17-sperm13.tif 4 4 0.999999959863129 
ch00_p5-pl1-sample17-sperm2.tif 4 3 0.7982570124651196 
ch00_p5-pl1-sample17-sperm3.tif 4 4 0.9257604273248269 
ch00_p5-pl1-sample19-sperm2.tif 4 4 0.9999999838826594 
ch00_p5-pl1-sample2-sperm10.tif 4 1 0.9897228858949897 
ch00_p5-pl1-sample2-sperm11.tif 4 4 0.9982455178342716 
ch00_p5-pl1-sample2-sperm6.tif 4 4 0.9999999987975686 
ch00_p5-pl1-sample20-sperm13.tif 4 1 0.9983754174998873 
ch00_p5-pl1-sample4-sperm10.tif 4 3 0.7390785790979895 
ch00_p5-pl1-sample4-sperm2.tif 4 4 0.977681897206937 
ch00_p5-pl1-sample4-sperm3.tif 4 4 0.9999998251724951 
ch00_p5-pl1-sample5-sperm9.tif 4 1 0.9996465180214816 
ch00_p5-pl1-sample7-sperm5.tif 4 4 0.9999999985149541 
ch00_p5-pl1-sample9-sperm3.tif 4 4 0.5460773580109329 
