ch00_p1-pl2-sample1-sperm10.tif 0 0 0.7375825868081597 
ch00_p1-pl2-sample1-sperm3.tif 0 0 0.9764511889370976 
ch00_p1-pl2-sample10-sperm4.tif 0 0 0.9994412965514136 
ch00_p1-pl2-sample13-sperm11.tif 0 0 0.7188470002091096 
ch00_p1-pl2-sample14-sperm9.tif 0 4 0.5817854293982488 
ch00_p1-pl2-sample25-sperm4.tif 0 4 0.9975897360033303 
ch00_p1-pl2-sample3-sperm12.tif 0 2 0.9098002059731088 
ch00_p1-pl2-sample3-sperm4.tif 0 3 0.5940797453558105 
ch00_p1-pl2-sample9-sperm7.tif 0 4 0.9631235794902662 
ch00_p1-pl3-sample1-sperm17.tif 0 0 0.4146500601822228 
ch00_p1-pl3-sample12-sperm1.tif 0 4 0.995951523635907 
ch00_p1-pl3-sample13-sperm3.tif 0 4 0.9900845759272271 
ch00_p1-pl3-sample15-sperm10.tif 0 0 0.5338373612395659 
ch00_p1-pl3-sample15-sperm22.tif 0 3 0.976456807118394 
ch00_p1-pl3-sample16-sperm10.tif 0 4 0.6002394492909361 
ch00_p1-pl3-sample17-sperm5.tif 0 4 0.9865873661644677 
ch00_p1-pl3-sample2-sperm7.tif 0 4 0.8594995253056485 
ch00_p1-pl3-sample6-sperm11.tif 0 0 0.9915607735200672 
ch00_p3-pl1-sample13-sperm3.tif 0 0 0.9733602630762422 
ch00_p3-pl1-sample21-sperm2.tif 0 0 0.8631001977545308 
ch00_p3-pl1-sample25-sperm12.tif 0 0 0.9994844373566806 
ch00_p3-pl1-sample3-sperm4.tif 0 0 0.8906155252523015 
ch00_p4-pl1-sample13-sperm6.tif 0 0 0.9619822094581771 
ch00_p4-pl1-sample13-sperm9.tif 0 4 0.9907806568224455 
ch00_p4-pl1-sample19-sperm1.tif 0 4 0.9871238763183383 
ch00_p4-pl1-sample2-sperm11.tif 0 4 0.9487387479312034 
ch00_p4-pl1-sample20-sperm7.tif 0 4 0.9690722376083115 
ch00_p4-pl2-sample17-sperm5.tif 0 4 0.9983596145626129 
ch00_p4-pl2-sample5-sperm6.tif 0 4 0.6845908098779616 
ch00_p5-pl1-sample7-sperm9.tif 0 0 0.79756311502693 
ch00_p1-pl2-sample11-sperm10.tif 1 4 0.9508420641835785 
ch00_p1-pl2-sample11-sperm12.tif 1 1 0.996610550973729 
ch00_p1-pl2-sample13-sperm10.tif 1 1 0.9843371496269183 
ch00_p1-pl2-sample13-sperm18.tif 1 1 0.9856021714376811 
ch00_p1-pl2-sample15-sperm3.tif 1 1 0.6694833809185085 
ch00_p1-pl2-sample19-sperm14.tif 1 1 0.9650599577535091 
ch00_p1-pl2-sample19-sperm8.tif 1 3 0.8615218636329811 
ch00_p1-pl2-sample2-sperm12.tif 1 1 0.994158579004006 
ch00_p1-pl2-sample2-sperm4.tif 1 1 0.9812451543209547 
ch00_p1-pl2-sample20-sperm7.tif 1 4 0.998729734200397 
ch00_p1-pl2-sample22-sperm6.tif 1 4 0.9051428359362701 
ch00_p1-pl2-sample23-sperm10.tif 1 4 0.8245078625617077 
ch00_p1-pl2-sample25-sperm5.tif 1 1 0.9711912010725111 
ch00_p1-pl2-sample3-sperm10.tif 1 1 0.9700204862336506 
ch00_p1-pl2-sample31-sperm4.tif 1 1 0.9706894771109773 
ch00_p1-pl2-sample32-sperm10.tif 1 1 0.9096400698095441 
ch00_p1-pl2-sample35-sperm7.tif 1 4 0.9494041549148268 
ch00_p1-pl2-sample4-sperm18.tif 1 1 0.7243648652426069 
ch00_p1-pl2-sample6-sperm10.tif 1 1 0.8317152165879192 
ch00_p1-pl2-sample6-sperm11.tif 1 1 0.8333041224199363 
ch00_p1-pl2-sample6-sperm3.tif 1 1 0.9251648150539229 
ch00_p1-pl2-sample7-sperm11.tif 1 1 0.998311899100978 
ch00_p1-pl2-sample7-sperm3.tif 1 2 0.8689294350142565 
ch00_p1-pl3-sample10-sperm4.tif 1 4 0.9246326993188803 
ch00_p1-pl3-sample11-sperm10.tif 1 1 0.9915669243293558 
ch00_p1-pl3-sample11-sperm9.tif 1 1 0.6200536796206528 
ch00_p1-pl3-sample12-sperm2.tif 1 4 0.9999991460963868 
ch00_p1-pl3-sample12-sperm5.tif 1 4 0.9999960816943002 
ch00_p1-pl3-sample13-sperm4.tif 1 4 0.9999999992467536 
ch00_p1-pl3-sample14-sperm10.tif 1 4 0.9999972915792694 
ch00_p1-pl3-sample18-sperm4.tif 1 1 0.9856211929422496 
ch00_p1-pl3-sample24-sperm17.tif 1 2 0.9859908148541774 
ch00_p1-pl3-sample24-sperm2.tif 1 1 0.9950885787124248 
ch00_p1-pl3-sample7-sperm6.tif 1 1 0.9823006986798569 
ch00_p1-pl3-sample8-sperm10.tif 1 4 0.9902563573366656 
ch00_p1-pl3-sample9-sperm13.tif 1 4 0.9951256242566358 
ch00_p3-pl1-sample10-sperm2.tif 1 1 0.9249499215240894 
ch00_p3-pl1-sample11-sperm2.tif 1 4 0.7895692525070269 
ch00_p3-pl1-sample15-sperm9.tif 1 4 0.9840376207767904 
ch00_p3-pl1-sample17-sperm2.tif 1 1 0.6735023451636508 
ch00_p3-pl1-sample19-sperm5.tif 1 1 0.954075109182605 
ch00_p3-pl1-sample21-sperm7.tif 1 1 0.9921642048142301 
ch00_p3-pl1-sample23-sperm11.tif 1 1 0.7881055705665848 
ch00_p3-pl1-sample25-sperm11.tif 1 1 0.9886870182882785 
ch00_p3-pl1-sample26-sperm6.tif 1 1 0.9491189481297225 
ch00_p3-pl1-sample28-sperm7.tif 1 4 0.9999998904972176 
ch00_p3-pl1-sample29-sperm6.tif 1 1 0.9999980841620395 
ch00_p3-pl1-sample3-sperm10.tif 1 1 0.99536398376347 
ch00_p3-pl1-sample31-sperm6.tif 1 4 0.9256923012305307 
ch00_p3-pl1-sample4-sperm2.tif 1 1 0.9868266137851649 
ch00_p4-pl1-sample1-sperm11.tif 1 4 0.9982900614910698 
ch00_p4-pl1-sample1-sperm2.tif 1 4 0.9979649102629039 
ch00_p4-pl1-sample1-sperm4.tif 1 4 0.5341118905395595 
ch00_p4-pl1-sample12-sperm5.tif 1 4 0.9999999756926005 
ch00_p4-pl1-sample16-sperm6.tif 1 4 0.8250780277423484 
ch00_p4-pl1-sample19-sperm3.tif 1 4 0.48434503582636895 
ch00_p4-pl1-sample3-sperm4.tif 1 4 0.4071580595877022 
ch00_p4-pl1-sample6-sperm5.tif 1 4 0.924660524861095 
ch00_p4-pl1-sample8-sperm14.tif 1 4 0.9962759674794093 
ch00_p4-pl1-sample9-sperm16.tif 1 4 0.9999941582611601 
ch00_p4-pl2-sample11-sperm1.tif 1 4 0.8798126645423439 
ch00_p4-pl2-sample4-sperm3.tif 1 4 0.9999999974521077 
ch00_p4-pl2-sample5-sperm7.tif 1 4 0.9999986916868451 
ch00_p5-pl1-sample14-sperm1.tif 1 4 0.9981564708830375 
ch00_p5-pl1-sample14-sperm5.tif 1 1 0.8760522734435178 
ch00_p5-pl1-sample20-sperm9.tif 1 1 0.9898998342007608 
ch00_p5-pl1-sample5-sperm16.tif 1 4 0.6054489042663348 
ch00_p5-pl1-sample6-sperm16.tif 1 1 0.9958784133220564 
ch00_p1-pl2-sample10-sperm13.tif 2 4 0.9378389696642244 
ch00_p1-pl2-sample10-sperm7.tif 2 4 0.9999999991220899 
ch00_p1-pl2-sample13-sperm4.tif 2 4 0.8525864181190362 
ch00_p1-pl2-sample15-sperm2.tif 2 2 0.6041644703938123 
ch00_p1-pl2-sample17-sperm10.tif 2 2 0.9194739271674465 
ch00_p1-pl2-sample33-sperm13.tif 2 2 0.6823361447393889 
ch00_p1-pl2-sample34-sperm5.tif 2 1 0.8755368970871474 
ch00_p1-pl2-sample8-sperm4.tif 2 2 0.8096147083634166 
ch00_p1-pl3-sample18-sperm7.tif 2 4 0.9801382070621125 
ch00_p1-pl3-sample4-sperm6.tif 2 4 0.9953328328926517 
ch00_p1-pl3-sample6-sperm17.tif 2 0 0.4272985906989813 
ch00_p1-pl3-sample6-sperm9.tif 2 0 0.738171203254792 
ch00_p3-pl1-sample14-sperm8.tif 2 4 0.9999950704861801 
ch00_p3-pl1-sample29-sperm10.tif 2 4 0.9520156947417303 
ch00_p4-pl1-sample13-sperm4.tif 2 4 0.9970008887282608 
ch00_p4-pl1-sample16-sperm4.tif 2 4 0.9999995383443666 
ch00_p4-pl1-sample17-sperm8.tif 2 4 0.6696288884196255 
ch00_p4-pl1-sample2-sperm8.tif 2 4 0.6366750844149398 
ch00_p4-pl1-sample4-sperm6.tif 2 4 0.9321737192782066 
ch00_p4-pl1-sample5-sperm10.tif 2 4 0.991783167457126 
ch00_p4-pl1-sample5-sperm5.tif 2 4 0.9756202697426067 
ch00_p4-pl1-sample7-sperm15.tif 2 4 0.9987010696945556 
ch00_p1-pl2-sample11-sperm3.tif 3 4 0.9999982793634568 
ch00_p1-pl2-sample17-sperm6.tif 3 4 0.9999999457032777 
ch00_p1-pl2-sample18-sperm4.tif 3 0 0.5411361193900274 
ch00_p1-pl2-sample21-sperm7.tif 3 3 0.5043932322074415 
ch00_p1-pl2-sample25-sperm9.tif 3 0 0.7988326586974344 
ch00_p1-pl2-sample4-sperm12.tif 3 4 0.9999999983779878 
ch00_p1-pl2-sample5-sperm15.tif 3 3 0.5153412033999689 
ch00_p1-pl2-sample5-sperm4.tif 3 4 0.9999988982877 
ch00_p1-pl3-sample13-sperm12.tif 3 4 0.9999999999983905 
ch00_p1-pl3-sample15-sperm11.tif 3 0 0.403383399213378 
ch00_p1-pl3-sample21-sperm8.tif 3 0 0.9203788070484206 
ch00_p1-pl3-sample23-sperm13.tif 3 4 0.9999980488441451 
ch00_p1-pl3-sample23-sperm15.tif 3 4 0.9999999995450435 
ch00_p1-pl3-sample24-sperm1.tif 3 3 0.9743058947369035 
ch00_p3-pl1-sample10-sperm1.tif 3 4 0.9999997440425291 
ch00_p3-pl1-sample14-sperm6.tif 3 3 0.9931816264242866 
ch00_p3-pl1-sample30-sperm1.tif 3 3 0.9793967704738479 
ch00_p4-pl1-sample6-sperm12.tif 3 4 0.9733499977661164 
ch00_p4-pl1-sample9-sperm14.tif 3 4 0.9956792220603113 
ch00_p4-pl2-sample12-sperm8.tif 3 4 0.999999874557154 
ch00_p5-pl1-sample1-sperm4.tif 3 4 0.999996969828874 
ch00_p1-pl2-sample1-sperm1.tif 4 4 0.9999999999996572 
ch00_p1-pl2-sample1-sperm2.tif 4 4 0.9999998118107759 
ch00_p1-pl2-sample10-sperm12.tif 4 4 0.9987974886611158 
ch00_p1-pl2-sample10-sperm8.tif 4 4 0.9999999692138731 
ch00_p1-pl2-sample11-sperm11.tif 4 4 0.9943551514980203 
ch00_p1-pl2-sample12-sperm11.tif 4 4 0.9055909092611601 
ch00_p1-pl2-sample12-sperm12.tif 4 4 0.9999991813449693 
ch00_p1-pl2-sample12-sperm2.tif 4 4 0.9890394652759278 
ch00_p1-pl2-sample12-sperm5.tif 4 4 0.999999523522845 
ch00_p1-pl2-sample12-sperm7.tif 4 1 0.903350278189165 
ch00_p1-pl2-sample14-sperm3.tif 4 4 0.9999999981808103 
ch00_p1-pl2-sample14-sperm8.tif 4 0 0.9404420622635177 
ch00_p1-pl2-sample17-sperm2.tif 4 1 0.6170741060771618 
ch00_p1-pl2-sample18-sperm2.tif 4 4 0.9970678443507968 
ch00_p1-pl2-sample20-sperm10.tif 4 0 0.9366843862354348 
ch00_p1-pl2-sample21-sperm10.tif 4 4 0.9999999871037926 
ch00_p1-pl2-sample24-sperm12.tif 4 4 0.9586600473772827 
ch00_p1-pl2-sample26-sperm1.tif 4 4 0.9740174574550028 
ch00_p1-pl2-sample28-sperm11.tif 4 4 0.9892306337362795 
ch00_p1-pl2-sample28-sperm3.tif 4 4 0.9052978329221083 
ch00_p1-pl2-sample28-sperm4.tif 4 3 0.9991149578210615 
ch00_p1-pl2-sample3-sperm13.tif 4 4 0.9983441233277812 
ch00_p1-pl2-sample31-sperm9.tif 4 4 0.9811722389636748 
ch00_p1-pl2-sample34-sperm11.tif 4 4 0.9999999389119928 
ch00_p1-pl2-sample34-sperm12.tif 4 1 0.7568004974420067 
ch00_p1-pl2-sample34-sperm6.tif 4 4 0.8195602670244245 
ch00_p1-pl2-sample34-sperm8.tif 4 4 0.8926634757243389 
ch00_p1-pl2-sample35-sperm10.tif 4 1 0.9626056901694843 
ch00_p1-pl2-sample35-sperm9.tif 4 4 0.9607409820316536 
ch00_p1-pl2-sample9-sperm18.tif 4 4 0.9967818743271174 
ch00_p1-pl3-sample1-sperm13.tif 4 4 0.9999965989380974 
ch00_p1-pl3-sample10-sperm3.tif 4 0 0.43272422688904205 
ch00_p1-pl3-sample11-sperm5.tif 4 4 0.9826932255121889 
ch00_p1-pl3-sample12-sperm16.tif 4 4 0.9916062693492347 
ch00_p1-pl3-sample13-sperm9.tif 4 4 0.8134023221124373 
ch00_p1-pl3-sample14-sperm13.tif 4 4 0.5037847765754871 
ch00_p1-pl3-sample14-sperm16.tif 4 4 0.43524729219794855 
ch00_p1-pl3-sample15-sperm20.tif 4 3 0.7109447997616565 
ch00_p1-pl3-sample15-sperm9.tif 4 4 0.9999999852834734 
ch00_p1-pl3-sample17-sperm7.tif 4 4 0.9999999869397082 
ch00_p1-pl3-sample18-sperm6.tif 4 4 0.992440169060684 
ch00_p1-pl3-sample19-sperm1.tif 4 4 0.9515948734528591 
ch00_p1-pl3-sample19-sperm2.tif 4 4 0.8905868051609006 
ch00_p1-pl3-sample2-sperm11.tif 4 4 0.9918969739528576 
ch00_p1-pl3-sample2-sperm12.tif 4 2 0.9892072038411228 
ch00_p1-pl3-sample2-sperm4.tif 4 0 0.9998890862417861 
ch00_p1-pl3-sample20-sperm12.tif 4 4 0.9999959227246966 
ch00_p1-pl3-sample20-sperm7.tif 4 4 0.9944478161988763 
ch00_p1-pl3-sample21-sperm3.tif 4 4 0.554827335923497 
ch00_p1-pl3-sample21-sperm4.tif 4 4 0.9999979526507179 
ch00_p1-pl3-sample21-sperm6.tif 4 4 0.6388919667046317 
ch00_p1-pl3-sample22-sperm1.tif 4 4 0.9999999999931842 
ch00_p1-pl3-sample23-sperm17.tif 4 4 0.9872343754577118 
ch00_p1-pl3-sample23-sperm3.tif 4 4 0.9949779968948477 
ch00_p1-pl3-sample24-sperm23.tif 4 4 0.8757501662279847 
ch00_p1-pl3-sample24-sperm5.tif 4 4 0.9724808235757197 
ch00_p1-pl3-sample24-sperm8.tif 4 4 0.9999990499587301 
ch00_p1-pl3-sample25-sperm9.tif 4 2 0.4822826006613156 
ch00_p1-pl3-sample3-sperm5.tif 4 4 0.7823362731895555 
ch00_p1-pl3-sample3-sperm7.tif 4 4 0.9836511102287155 
ch00_p1-pl3-sample4-sperm3.tif 4 3 0.8170339576669506 
ch00_p1-pl3-sample4-sperm9.tif 4 4 0.9955800735466025 
ch00_p1-pl3-sample5-sperm14.tif 4 4 0.9999999999883956 
ch00_p1-pl3-sample5-sperm9.tif 4 4 0.4985984262722828 
ch00_p1-pl3-sample6-sperm5.tif 4 4 0.9999996409100712 
ch00_p1-pl3-sample7-sperm2.tif 4 4 0.9999999999118153 
ch00_p1-pl3-sample7-sperm3.tif 4 4 0.9999997126392269 
ch00_p1-pl3-sample7-sperm7.tif 4 4 0.8409219880689344 
ch00_p1-pl3-sample8-sperm6.tif 4 4 0.8735550291833303 
ch00_p1-pl3-sample9-sperm14.tif 4 4 0.9999999999961787 
ch00_p3-pl1-sample1-sperm4.tif 4 4 0.9999997568556387 
ch00_p3-pl1-sample1-sperm5.tif 4 4 0.999999967110626 
ch00_p3-pl1-sample10-sperm4.tif 4 4 0.7701149765079609 
ch00_p3-pl1-sample11-sperm7.tif 4 4 0.9639316948438 
ch00_p3-pl1-sample12-sperm7.tif 4 4 0.9999997339565754 
ch00_p3-pl1-sample13-sperm1.tif 4 1 0.7316874788107988 
ch00_p3-pl1-sample18-sperm2.tif 4 4 0.9900717009245953 
ch00_p3-pl1-sample19-sperm3.tif 4 4 0.5911991924327787 
ch00_p3-pl1-sample2-sperm6.tif 4 4 0.9999999998650899 
ch00_p3-pl1-sample20-sperm4.tif 4 1 0.9974017465810338 
ch00_p3-pl1-sample21-sperm8.tif 4 3 0.9999324149537457 
ch00_p3-pl1-sample22-sperm8.tif 4 0 0.9999869386367904 
ch00_p3-pl1-sample23-sperm2.tif 4 4 0.999999997795249 
ch00_p3-pl1-sample23-sperm7.tif 4 4 0.9999999999997204 
ch00_p3-pl1-sample24-sperm2.tif 4 4 0.9999998580109342 
ch00_p3-pl1-sample25-sperm10.tif 4 1 0.8807937960741877 
ch00_p3-pl1-sample25-sperm5.tif 4 4 0.9982703123901392 
ch00_p3-pl1-sample25-sperm8.tif 4 4 0.9967277510610257 
ch00_p3-pl1-sample26-sperm1.tif 4 4 0.9999999903191491 
ch00_p3-pl1-sample27-sperm3.tif 4 3 0.5692908323317032 
ch00_p3-pl1-sample29-sperm9.tif 4 4 0.9999999996434087 
ch00_p3-pl1-sample31-sperm7.tif 4 4 0.9914151914616991 
ch00_p3-pl1-sample32-sperm7.tif 4 1 0.9967377473255755 
ch00_p3-pl1-sample5-sperm3.tif 4 1 0.9991737209648984 
ch00_p3-pl1-sample5-sperm5.tif 4 4 0.9999999448239189 
ch00_p3-pl1-sample7-sperm6.tif 4 4 0.9999999318954195 
ch00_p4-pl1-sample1-sperm6.tif 4 4 0.9999990527645451 
ch00_p4-pl1-sample1-sperm7.tif 4 4 0.9999952054559436 
ch00_p4-pl1-sample1-sperm9.tif 4 0 0.5739738562673949 
ch00_p4-pl1-sample10-sperm15.tif 4 0 0.997136571809636 
ch00_p4-pl1-sample10-sperm17.tif 4 0 0.8291005340630925 
ch00_p4-pl1-sample10-sperm20.tif 4 4 0.9672313681436526 
ch00_p4-pl1-sample10-sperm5.tif 4 4 0.9999983156273632 
ch00_p4-pl1-sample11-sperm5.tif 4 4 0.9999979323813767 
ch00_p4-pl1-sample12-sperm1.tif 4 4 0.9999999999838959 
ch00_p4-pl1-sample12-sperm11.tif 4 4 0.9999999804275707 
ch00_p4-pl1-sample12-sperm9.tif 4 4 0.9999995762070992 
ch00_p4-pl1-sample14-sperm12.tif 4 4 0.9798835484306473 
ch00_p4-pl1-sample14-sperm3.tif 4 4 0.999999990663101 
ch00_p4-pl1-sample14-sperm7.tif 4 4 0.9999999691317623 
ch00_p4-pl1-sample16-sperm1.tif 4 1 0.8690448112181038 
ch00_p4-pl1-sample16-sperm7.tif 4 0 0.9954147713562225 
ch00_p4-pl1-sample17-sperm5.tif 4 4 0.9941130335164611 
ch00_p4-pl1-sample18-sperm6.tif 4 4 0.984534431560702 
ch00_p4-pl1-sample2-sperm10.tif 4 4 0.997188331382056 
ch00_p4-pl1-sample2-sperm12.tif 4 4 0.9999993759766651 
ch00_p4-pl1-sample2-sperm5.tif 4 4 0.7235866460491027 
ch00_p4-pl1-sample20-sperm10.tif 4 0 0.40826605414893596 
ch00_p4-pl1-sample20-sperm11.tif 4 4 0.9360168929799062 
ch00_p4-pl1-sample20-sperm6.tif 4 4 0.9999999980825853 
ch00_p4-pl1-sample4-sperm14.tif 4 4 0.9674786393372514 
ch00_p4-pl1-sample4-sperm3.tif 4 4 0.9972437353422281 
ch00_p4-pl1-sample6-sperm11.tif 4 4 0.9896888651513347 
ch00_p4-pl1-sample6-sperm4.tif 4 4 0.851922208574533 
ch00_p4-pl1-sample6-sperm8.tif 4 2 0.8606116533628977 
ch00_p4-pl1-sample7-sperm10.tif 4 4 0.7279231298356438 
ch00_p4-pl1-sample7-sperm17.tif 4 0 0.8937184415090462 
ch00_p4-pl1-sample7-sperm2.tif 4 4 0.9999971450099941 
ch00_p4-pl1-sample7-sperm3.tif 4 4 0.9999994668149754 
ch00_p4-pl1-sample8-sperm10.tif 4 4 0.8645912236555007 
ch00_p4-pl1-sample8-sperm2.tif 4 4 0.9242926035552811 
ch00_p4-pl1-sample9-sperm11.tif 4 4 0.9999996193897854 
ch00_p4-pl1-sample9-sperm4.tif 4 4 0.9999999839928762 
ch00_p4-pl1-sample9-sperm9.tif 4 0 0.9797084352986802 
ch00_p4-pl2-sample10-sperm10.tif 4 4 0.9817072441583544 
ch00_p4-pl2-sample10-sperm12.tif 4 4 0.9980717452968652 
ch00_p4-pl2-sample10-sperm6.tif 4 4 0.9999999912271835 
ch00_p4-pl2-sample11-sperm2.tif 4 4 0.9915593836548238 
ch00_p4-pl2-sample11-sperm3.tif 4 4 0.9999962500111201 
ch00_p4-pl2-sample12-sperm1.tif 4 0 0.9859779011373946 
ch00_p4-pl2-sample12-sperm7.tif 4 4 0.9812344212280327 
ch00_p4-pl2-sample14-sperm10.tif 4 0 0.9918515662354898 
ch00_p4-pl2-sample15-sperm1.tif 4 4 0.9862823339218041 
ch00_p4-pl2-sample15-sperm4.tif 4 4 0.9999999999094444 
ch00_p4-pl2-sample16-sperm5.tif 4 4 0.957204468533499 
ch00_p4-pl2-sample16-sperm7.tif 4 4 0.8695224042210031 
ch00_p4-pl2-sample17-sperm2.tif 4 0 0.9943975940398047 
ch00_p4-pl2-sample17-sperm4.tif 4 4 0.999999685456355 
ch00_p4-pl2-sample18-sperm3.tif 4 4 0.999999999990451 
ch00_p4-pl2-sample18-sperm5.tif 4 4 0.9999999953478718 
ch00_p4-pl2-sample18-sperm6.tif 4 4 0.9320913186553258 
ch00_p4-pl2-sample18-sperm8.tif 4 4 0.9999999999996114 
ch00_p4-pl2-sample19-sperm2.tif 4 4 0.8911239200625368 
ch00_p4-pl2-sample19-sperm7.tif 4 4 0.9999985688514959 
ch00_p4-pl2-sample3-sperm4.tif 4 1 0.8534997000418211 
ch00_p4-pl2-sample3-sperm5.tif 4 4 0.9999996328587364 
ch00_p4-pl2-sample3-sperm9.tif 4 4 0.9479434643656232 
ch00_p4-pl2-sample4-sperm7.tif 4 4 0.98304663039159 
ch00_p4-pl2-sample4-sperm9.tif 4 0 0.955842343721805 
ch00_p4-pl2-sample5-sperm1.tif 4 4 0.9981970379205007 
ch00_p4-pl2-sample5-sperm5.tif 4 4 0.9999997257549815 
ch00_p4-pl2-sample6-sperm2.tif 4 4 0.9992572796588379 
ch00_p4-pl2-sample6-sperm6.tif 4 4 0.8885986137880041 
ch00_p4-pl2-sample7-sperm10.tif 4 4 0.9780164090726595 
ch00_p4-pl2-sample7-sperm6.tif 4 4 0.982412063487589 
ch00_p4-pl2-sample7-sperm9.tif 4 4 0.9999998274748754 
ch00_p4-pl2-sample8-sperm1.tif 4 4 0.9999997975034065 
ch00_p4-pl2-sample8-sperm2.tif 4 4 0.9420438654606804 
ch00_p4-pl2-sample9-sperm7.tif 4 4 0.9707118499055469 
ch00_p5-pl1-sample1-sperm7.tif 4 1 0.6666891795951487 
ch00_p5-pl1-sample10-sperm6.tif 4 4 0.9999995046113178 
ch00_p5-pl1-sample11-sperm10.tif 4 4 0.6160660258276206 
ch00_p5-pl1-sample12-sperm10.tif 4 4 0.9999943970644831 
ch00_p5-pl1-sample12-sperm13.tif 4 4 0.9999955491353711 
ch00_p5-pl1-sample12-sperm5.tif 4 4 0.9740098697386118 
ch00_p5-pl1-sample13-sperm6.tif 4 4 0.9503410077277833 
ch00_p5-pl1-sample15-sperm2.tif 4 4 0.950017928540808 
ch00_p5-pl1-sample15-sperm3.tif 4 4 0.9999999637214619 
ch00_p5-pl1-sample15-sperm4.tif 4 4 0.9999971090131572 
ch00_p5-pl1-sample17-sperm10.tif 4 4 0.9743313548397511 
ch00_p5-pl1-sample17-sperm17.tif 4 0 0.6118420154701965 
ch00_p5-pl1-sample18-sperm3.tif 4 4 0.9987766151995158 
ch00_p5-pl1-sample18-sperm6.tif 4 4 0.9999979843465033 
ch00_p5-pl1-sample2-sperm10.tif 4 1 0.8086449869827281 
ch00_p5-pl1-sample2-sperm3.tif 4 4 0.8848028891015075 
ch00_p5-pl1-sample2-sperm6.tif 4 4 0.9976291700613823 
ch00_p5-pl1-sample20-sperm12.tif 4 4 0.6763202300509097 
ch00_p5-pl1-sample20-sperm2.tif 4 4 0.8999975691756066 
ch00_p5-pl1-sample20-sperm7.tif 4 4 0.4935665509620709 
ch00_p5-pl1-sample3-sperm13.tif 4 4 0.9977879072017594 
ch00_p5-pl1-sample3-sperm15.tif 4 4 0.5815862763031484 
ch00_p5-pl1-sample3-sperm5.tif 4 1 0.825229358755774 
ch00_p5-pl1-sample4-sperm10.tif 4 0 0.7062722436617388 
ch00_p5-pl1-sample4-sperm7.tif 4 4 0.9999999923801437 
ch00_p5-pl1-sample5-sperm9.tif 4 1 0.6666541380524953 
ch00_p5-pl1-sample9-sperm4.tif 4 4 0.9976568334551432 
