ch00_p1-pl2-sample1-sperm10.tif 0 0 0.9846657432428761 
ch00_p1-pl2-sample1-sperm3.tif 0 0 0.9984921566841503 
ch00_p1-pl2-sample10-sperm4.tif 0 0 0.9926496032841254 
ch00_p1-pl2-sample13-sperm11.tif 0 0 0.9609570635287599 
ch00_p1-pl2-sample14-sperm9.tif 0 4 0.8742901816684405 
ch00_p1-pl2-sample25-sperm4.tif 0 4 0.9867435133199979 
ch00_p1-pl2-sample3-sperm12.tif 0 4 0.9535124766148445 
ch00_p1-pl2-sample3-sperm4.tif 0 4 0.7141547708175088 
ch00_p1-pl2-sample9-sperm7.tif 0 0 0.9903814167951891 
ch00_p1-pl3-sample1-sperm17.tif 0 0 0.9662045556986951 
ch00_p1-pl3-sample12-sperm1.tif 0 4 0.7814130439007412 
ch00_p1-pl3-sample13-sperm3.tif 0 4 0.893885935674921 
ch00_p1-pl3-sample15-sperm10.tif 0 0 0.717332525161385 
ch00_p1-pl3-sample15-sperm22.tif 0 3 0.9774904697844227 
ch00_p1-pl3-sample16-sperm10.tif 0 0 0.811601737465187 
ch00_p1-pl3-sample17-sperm5.tif 0 0 0.9916627677785018 
ch00_p1-pl3-sample2-sperm7.tif 0 0 0.9855231654594768 
ch00_p1-pl3-sample6-sperm11.tif 0 4 0.8886173280362674 
ch00_p3-pl1-sample13-sperm3.tif 0 0 0.973219425800216 
ch00_p3-pl1-sample21-sperm2.tif 0 0 0.9889225786738401 
ch00_p3-pl1-sample25-sperm12.tif 0 0 0.9980773070609665 
ch00_p3-pl1-sample3-sperm4.tif 0 0 0.9824259407646103 
ch00_p4-pl1-sample13-sperm6.tif 0 0 0.8171386139274978 
ch00_p4-pl1-sample13-sperm9.tif 0 4 0.9776658542405237 
ch00_p4-pl1-sample19-sperm1.tif 0 4 0.8057096101515644 
ch00_p4-pl1-sample2-sperm11.tif 0 0 0.8358556069602054 
ch00_p4-pl1-sample20-sperm7.tif 0 4 0.9963329028284241 
ch00_p4-pl2-sample17-sperm5.tif 0 4 0.9952005333372224 
ch00_p4-pl2-sample5-sperm6.tif 0 0 0.8991922046362556 
ch00_p5-pl1-sample7-sperm9.tif 0 4 0.6817307382675318 
ch00_p1-pl2-sample11-sperm10.tif 1 1 0.9899863175777032 
ch00_p1-pl2-sample11-sperm12.tif 1 1 0.9962468851090704 
ch00_p1-pl2-sample13-sperm10.tif 1 1 0.9916137943351708 
ch00_p1-pl2-sample13-sperm18.tif 1 1 0.9735478893933603 
ch00_p1-pl2-sample15-sperm3.tif 1 1 0.931327686957424 
ch00_p1-pl2-sample19-sperm14.tif 1 2 0.9159346732180083 
ch00_p1-pl2-sample19-sperm8.tif 1 4 0.822335801393048 
ch00_p1-pl2-sample2-sperm12.tif 1 1 0.9751642073845356 
ch00_p1-pl2-sample2-sperm4.tif 1 1 0.9919492037967509 
ch00_p1-pl2-sample20-sperm7.tif 1 4 0.9999986033646316 
ch00_p1-pl2-sample22-sperm6.tif 1 0 0.7852017866807772 
ch00_p1-pl2-sample23-sperm10.tif 1 1 0.9964551544339111 
ch00_p1-pl2-sample25-sperm5.tif 1 1 0.9942325773411778 
ch00_p1-pl2-sample3-sperm10.tif 1 1 0.846642915093933 
ch00_p1-pl2-sample31-sperm4.tif 1 1 0.9962779121815565 
ch00_p1-pl2-sample32-sperm10.tif 1 4 0.9895309256298002 
ch00_p1-pl2-sample35-sperm7.tif 1 1 0.9432669668071376 
ch00_p1-pl2-sample4-sperm18.tif 1 1 0.9854266546458512 
ch00_p1-pl2-sample6-sperm10.tif 1 1 0.9968806144360095 
ch00_p1-pl2-sample6-sperm11.tif 1 4 0.9839982289950262 
ch00_p1-pl2-sample6-sperm3.tif 1 1 0.9858601441061867 
ch00_p1-pl2-sample7-sperm11.tif 1 1 0.9842808449054733 
ch00_p1-pl2-sample7-sperm3.tif 1 4 0.8436166114778401 
ch00_p1-pl3-sample10-sperm4.tif 1 4 0.9893196648683715 
ch00_p1-pl3-sample11-sperm10.tif 1 4 0.6254679172499268 
ch00_p1-pl3-sample11-sperm9.tif 1 1 0.9922435058765684 
ch00_p1-pl3-sample12-sperm2.tif 1 4 0.8939695994937003 
ch00_p1-pl3-sample12-sperm5.tif 1 1 0.9913551957952493 
ch00_p1-pl3-sample13-sperm4.tif 1 4 0.981704568930704 
ch00_p1-pl3-sample14-sperm10.tif 1 4 0.9952950707507684 
ch00_p1-pl3-sample18-sperm4.tif 1 1 0.996144668692137 
ch00_p1-pl3-sample24-sperm17.tif 1 2 0.9998914698576067 
ch00_p1-pl3-sample24-sperm2.tif 1 4 0.9962729559028691 
ch00_p1-pl3-sample7-sperm6.tif 1 1 0.9912872610156687 
ch00_p1-pl3-sample8-sperm10.tif 1 0 0.8174340153731072 
ch00_p1-pl3-sample9-sperm13.tif 1 1 0.8996445122139219 
ch00_p3-pl1-sample10-sperm2.tif 1 1 0.9893906305122783 
ch00_p3-pl1-sample11-sperm2.tif 1 4 0.47343837714155795 
ch00_p3-pl1-sample15-sperm9.tif 1 4 0.9983186759739013 
ch00_p3-pl1-sample17-sperm2.tif 1 1 0.971686292488185 
ch00_p3-pl1-sample19-sperm5.tif 1 1 0.9622653452204362 
ch00_p3-pl1-sample21-sperm7.tif 1 1 0.9788606084449634 
ch00_p3-pl1-sample23-sperm11.tif 1 1 0.9951422401483537 
ch00_p3-pl1-sample25-sperm11.tif 1 1 0.9971218021869089 
ch00_p3-pl1-sample26-sperm6.tif 1 1 0.9952729699073338 
ch00_p3-pl1-sample28-sperm7.tif 1 4 0.8539286232744884 
ch00_p3-pl1-sample29-sperm6.tif 1 1 0.9931958741956154 
ch00_p3-pl1-sample3-sperm10.tif 1 1 0.9897634817560598 
ch00_p3-pl1-sample31-sperm6.tif 1 4 0.9409899224919085 
ch00_p3-pl1-sample4-sperm2.tif 1 1 0.976204443560514 
ch00_p4-pl1-sample1-sperm11.tif 1 4 0.9526045710689666 
ch00_p4-pl1-sample1-sperm2.tif 1 4 0.6135939451345139 
ch00_p4-pl1-sample1-sperm4.tif 1 1 0.9932000396204201 
ch00_p4-pl1-sample12-sperm5.tif 1 4 0.7144567334309512 
ch00_p4-pl1-sample16-sperm6.tif 1 4 0.7034158649725007 
ch00_p4-pl1-sample19-sperm3.tif 1 1 0.7627028186265299 
ch00_p4-pl1-sample3-sperm4.tif 1 4 0.9260103812876822 
ch00_p4-pl1-sample6-sperm5.tif 1 1 0.9902604756712864 
ch00_p4-pl1-sample8-sperm14.tif 1 2 0.5856164309370087 
ch00_p4-pl1-sample9-sperm16.tif 1 1 0.9963097856589405 
ch00_p4-pl2-sample11-sperm1.tif 1 4 0.8940703516282907 
ch00_p4-pl2-sample4-sperm3.tif 1 4 0.9942379168600601 
ch00_p4-pl2-sample5-sperm7.tif 1 1 0.9894667436537037 
ch00_p5-pl1-sample14-sperm1.tif 1 1 0.9270449042931472 
ch00_p5-pl1-sample14-sperm5.tif 1 1 0.7364404442594235 
ch00_p5-pl1-sample20-sperm9.tif 1 1 0.9915152463056855 
ch00_p5-pl1-sample5-sperm16.tif 1 1 0.5463623605457313 
ch00_p5-pl1-sample6-sperm16.tif 1 1 0.9913405789835541 
ch00_p1-pl2-sample10-sperm13.tif 2 4 0.9939324173149134 
ch00_p1-pl2-sample10-sperm7.tif 2 1 0.9933444464095064 
ch00_p1-pl2-sample13-sperm4.tif 2 1 0.5611379124144957 
ch00_p1-pl2-sample15-sperm2.tif 2 4 0.4939213034548336 
ch00_p1-pl2-sample17-sperm10.tif 2 4 0.9961059374621166 
ch00_p1-pl2-sample33-sperm13.tif 2 4 0.7141824212739799 
ch00_p1-pl2-sample34-sperm5.tif 2 1 0.7312218704973439 
ch00_p1-pl2-sample8-sperm4.tif 2 1 0.8163462050908794 
ch00_p1-pl3-sample18-sperm7.tif 2 2 0.9983090277353617 
ch00_p1-pl3-sample4-sperm6.tif 2 4 0.773582265230423 
ch00_p1-pl3-sample6-sperm17.tif 2 4 0.9155479171358664 
ch00_p1-pl3-sample6-sperm9.tif 2 0 0.9261403417394526 
ch00_p3-pl1-sample14-sperm8.tif 2 4 0.9983604207188947 
ch00_p3-pl1-sample29-sperm10.tif 2 4 0.7406396322186467 
ch00_p4-pl1-sample13-sperm4.tif 2 4 0.8347638166490589 
ch00_p4-pl1-sample16-sperm4.tif 2 4 0.9987820139793843 
ch00_p4-pl1-sample17-sperm8.tif 2 4 0.987330246096721 
ch00_p4-pl1-sample2-sperm8.tif 2 4 0.9944380500214832 
ch00_p4-pl1-sample4-sperm6.tif 2 2 0.43092733449022264 
ch00_p4-pl1-sample5-sperm10.tif 2 2 0.9879695896276759 
ch00_p4-pl1-sample5-sperm5.tif 2 0 0.5818871954061948 
ch00_p4-pl1-sample7-sperm15.tif 2 4 0.9999983845711149 
ch00_p1-pl2-sample11-sperm3.tif 3 4 0.8387598698761788 
ch00_p1-pl2-sample17-sperm6.tif 3 4 0.9471797284016756 
ch00_p1-pl2-sample18-sperm4.tif 3 3 0.902026829970921 
ch00_p1-pl2-sample21-sperm7.tif 3 3 0.9962089035820195 
ch00_p1-pl2-sample25-sperm9.tif 3 0 0.9933144082914849 
ch00_p1-pl2-sample4-sperm12.tif 3 4 0.9654883479305315 
ch00_p1-pl2-sample5-sperm15.tif 3 4 0.7220558076985786 
ch00_p1-pl2-sample5-sperm4.tif 3 3 0.8531637425680522 
ch00_p1-pl3-sample13-sperm12.tif 3 4 0.9982062620535008 
ch00_p1-pl3-sample15-sperm11.tif 3 4 0.801720638836917 
ch00_p1-pl3-sample21-sperm8.tif 3 0 0.9104743512460638 
ch00_p1-pl3-sample23-sperm13.tif 3 4 0.8854337598702232 
ch00_p1-pl3-sample23-sperm15.tif 3 4 0.8829944194268765 
ch00_p1-pl3-sample24-sperm1.tif 3 3 0.9903087361280553 
ch00_p3-pl1-sample10-sperm1.tif 3 0 0.4014756448962048 
ch00_p3-pl1-sample14-sperm6.tif 3 3 0.9956901880117508 
ch00_p3-pl1-sample30-sperm1.tif 3 3 0.9974391251488522 
ch00_p4-pl1-sample6-sperm12.tif 3 4 0.6477488667701254 
ch00_p4-pl1-sample9-sperm14.tif 3 3 0.8507779622073235 
ch00_p4-pl2-sample12-sperm8.tif 3 4 0.9809817626777513 
ch00_p5-pl1-sample1-sperm4.tif 3 3 0.5915153793661534 
ch00_p1-pl2-sample1-sperm1.tif 4 4 0.9989315858182781 
ch00_p1-pl2-sample1-sperm2.tif 4 4 0.999999184377515 
ch00_p1-pl2-sample10-sperm12.tif 4 4 0.6920425152593196 
ch00_p1-pl2-sample10-sperm8.tif 4 4 0.5933682292834571 
ch00_p1-pl2-sample11-sperm11.tif 4 2 0.9765977499224219 
ch00_p1-pl2-sample12-sperm11.tif 4 4 0.9947031753740009 
ch00_p1-pl2-sample12-sperm12.tif 4 4 0.992777298007945 
ch00_p1-pl2-sample12-sperm2.tif 4 4 0.9977236553835888 
ch00_p1-pl2-sample12-sperm5.tif 4 4 0.9972654911384302 
ch00_p1-pl2-sample12-sperm7.tif 4 4 0.8859690610960933 
ch00_p1-pl2-sample14-sperm3.tif 4 4 0.9980649200772026 
ch00_p1-pl2-sample14-sperm8.tif 4 0 0.9366178801286176 
ch00_p1-pl2-sample17-sperm2.tif 4 4 0.9873016633253472 
ch00_p1-pl2-sample18-sperm2.tif 4 4 0.9754126294437011 
ch00_p1-pl2-sample20-sperm10.tif 4 0 0.7799342504271894 
ch00_p1-pl2-sample21-sperm10.tif 4 4 0.9890312471159859 
ch00_p1-pl2-sample24-sperm12.tif 4 4 0.57007572380993 
ch00_p1-pl2-sample26-sperm1.tif 4 3 0.9219830564196767 
ch00_p1-pl2-sample28-sperm11.tif 4 4 0.8376568283273793 
ch00_p1-pl2-sample28-sperm3.tif 4 4 0.9999996484014849 
ch00_p1-pl2-sample28-sperm4.tif 4 3 0.537426320243625 
ch00_p1-pl2-sample3-sperm13.tif 4 4 0.7023538761111359 
ch00_p1-pl2-sample31-sperm9.tif 4 4 0.9035803797646939 
ch00_p1-pl2-sample34-sperm11.tif 4 4 0.9977294584445604 
ch00_p1-pl2-sample34-sperm12.tif 4 4 0.9559074827899732 
ch00_p1-pl2-sample34-sperm6.tif 4 4 0.5990652288794732 
ch00_p1-pl2-sample34-sperm8.tif 4 2 0.9576408812544558 
ch00_p1-pl2-sample35-sperm10.tif 4 1 0.6413971395755232 
ch00_p1-pl2-sample35-sperm9.tif 4 3 0.8768368492440941 
ch00_p1-pl2-sample9-sperm18.tif 4 0 0.8060959034739156 
ch00_p1-pl3-sample1-sperm13.tif 4 4 0.9929676272442751 
ch00_p1-pl3-sample10-sperm3.tif 4 4 0.9854735078842906 
ch00_p1-pl3-sample11-sperm5.tif 4 4 0.6890881680586071 
ch00_p1-pl3-sample12-sperm16.tif 4 4 0.9934079391940229 
ch00_p1-pl3-sample13-sperm9.tif 4 2 0.9900174174273499 
ch00_p1-pl3-sample14-sperm13.tif 4 0 0.9906781510081628 
ch00_p1-pl3-sample14-sperm16.tif 4 4 0.9348825602685363 
ch00_p1-pl3-sample15-sperm20.tif 4 4 0.9182954896414572 
ch00_p1-pl3-sample15-sperm9.tif 4 4 0.9948652325885436 
ch00_p1-pl3-sample17-sperm7.tif 4 4 0.9858707023225544 
ch00_p1-pl3-sample18-sperm6.tif 4 4 0.9650568127628966 
ch00_p1-pl3-sample19-sperm1.tif 4 4 0.9936218830702347 
ch00_p1-pl3-sample19-sperm2.tif 4 2 0.8093239696119207 
ch00_p1-pl3-sample2-sperm11.tif 4 4 0.9999988461251569 
ch00_p1-pl3-sample2-sperm12.tif 4 2 0.45020782108486357 
ch00_p1-pl3-sample2-sperm4.tif 4 4 0.7593225275076885 
ch00_p1-pl3-sample20-sperm12.tif 4 4 0.999997751021798 
ch00_p1-pl3-sample20-sperm7.tif 4 1 0.6062940603044393 
ch00_p1-pl3-sample21-sperm3.tif 4 2 0.9953041774548608 
ch00_p1-pl3-sample21-sperm4.tif 4 4 0.8540906682067857 
ch00_p1-pl3-sample21-sperm6.tif 4 0 0.709661704549101 
ch00_p1-pl3-sample22-sperm1.tif 4 4 0.9987288744499834 
ch00_p1-pl3-sample23-sperm17.tif 4 2 0.8279135760901226 
ch00_p1-pl3-sample23-sperm3.tif 4 1 0.5863864048812385 
ch00_p1-pl3-sample24-sperm23.tif 4 4 0.9521753656331209 
ch00_p1-pl3-sample24-sperm5.tif 4 1 0.6624523494608884 
ch00_p1-pl3-sample24-sperm8.tif 4 4 0.9894230332106193 
ch00_p1-pl3-sample25-sperm9.tif 4 2 0.7281857398116706 
ch00_p1-pl3-sample3-sperm5.tif 4 4 0.9687427048917143 
ch00_p1-pl3-sample3-sperm7.tif 4 4 0.8450667268327049 
ch00_p1-pl3-sample4-sperm3.tif 4 3 0.8035668989802485 
ch00_p1-pl3-sample4-sperm9.tif 4 4 0.9740606958309145 
ch00_p1-pl3-sample5-sperm14.tif 4 4 0.9978900477455004 
ch00_p1-pl3-sample5-sperm9.tif 4 1 0.976606964504422 
ch00_p1-pl3-sample6-sperm5.tif 4 1 0.620421220263957 
ch00_p1-pl3-sample7-sperm2.tif 4 4 0.9982160938698524 
ch00_p1-pl3-sample7-sperm3.tif 4 4 0.9974652023805141 
ch00_p1-pl3-sample7-sperm7.tif 4 4 0.5833297568644426 
ch00_p1-pl3-sample8-sperm6.tif 4 4 0.9933837557704909 
ch00_p1-pl3-sample9-sperm14.tif 4 4 0.9910705148235982 
ch00_p3-pl1-sample1-sperm4.tif 4 4 0.9830637353315009 
ch00_p3-pl1-sample1-sperm5.tif 4 1 0.6603639823768424 
ch00_p3-pl1-sample10-sperm4.tif 4 0 0.5285481702678745 
ch00_p3-pl1-sample11-sperm7.tif 4 1 0.9795746643471301 
ch00_p3-pl1-sample12-sperm7.tif 4 4 0.6508391805045862 
ch00_p3-pl1-sample13-sperm1.tif 4 4 0.7972004879387512 
ch00_p3-pl1-sample18-sperm2.tif 4 0 0.8550462160476745 
ch00_p3-pl1-sample19-sperm3.tif 4 4 0.9988435241255176 
ch00_p3-pl1-sample2-sperm6.tif 4 4 0.9999981939393664 
ch00_p3-pl1-sample20-sperm4.tif 4 4 0.925832810822791 
ch00_p3-pl1-sample21-sperm8.tif 4 3 0.9783106116337129 
ch00_p3-pl1-sample22-sperm8.tif 4 0 0.9974255685747137 
ch00_p3-pl1-sample23-sperm2.tif 4 4 0.9971989453650392 
ch00_p3-pl1-sample23-sperm7.tif 4 4 0.9999996146101735 
ch00_p3-pl1-sample24-sperm2.tif 4 4 0.9999986785499877 
ch00_p3-pl1-sample25-sperm10.tif 4 1 0.7402375333919691 
ch00_p3-pl1-sample25-sperm5.tif 4 4 0.9932034384555459 
ch00_p3-pl1-sample25-sperm8.tif 4 4 0.989397820632369 
ch00_p3-pl1-sample26-sperm1.tif 4 4 0.9850177185503769 
ch00_p3-pl1-sample27-sperm3.tif 4 4 0.9851738366755264 
ch00_p3-pl1-sample29-sperm9.tif 4 4 0.996950443959042 
ch00_p3-pl1-sample31-sperm7.tif 4 4 0.8718552117920043 
ch00_p3-pl1-sample32-sperm7.tif 4 1 0.9801739772804215 
ch00_p3-pl1-sample5-sperm3.tif 4 1 0.9964339583831998 
ch00_p3-pl1-sample5-sperm5.tif 4 4 0.9986538732586842 
ch00_p3-pl1-sample7-sperm6.tif 4 4 0.998292880152316 
ch00_p4-pl1-sample1-sperm6.tif 4 4 0.9779656591058471 
ch00_p4-pl1-sample1-sperm7.tif 4 4 0.9619800910353904 
ch00_p4-pl1-sample1-sperm9.tif 4 4 0.7894079772374968 
ch00_p4-pl1-sample10-sperm15.tif 4 4 0.990417256317659 
ch00_p4-pl1-sample10-sperm17.tif 4 4 0.7725404345016652 
ch00_p4-pl1-sample10-sperm20.tif 4 2 0.8172182875252294 
ch00_p4-pl1-sample10-sperm5.tif 4 2 0.6259792738272777 
ch00_p4-pl1-sample11-sperm5.tif 4 4 0.9911770712761006 
ch00_p4-pl1-sample12-sperm1.tif 4 4 0.9306389868026487 
ch00_p4-pl1-sample12-sperm11.tif 4 4 0.6422901712775623 
ch00_p4-pl1-sample12-sperm9.tif 4 4 0.8745031145090517 
ch00_p4-pl1-sample14-sperm12.tif 4 4 0.9467042215248413 
ch00_p4-pl1-sample14-sperm3.tif 4 4 0.9778595297617038 
ch00_p4-pl1-sample14-sperm7.tif 4 4 0.997980141834105 
ch00_p4-pl1-sample16-sperm1.tif 4 1 0.9887060155939089 
ch00_p4-pl1-sample16-sperm7.tif 4 0 0.9150786476098636 
ch00_p4-pl1-sample17-sperm5.tif 4 2 0.9485816537404336 
ch00_p4-pl1-sample18-sperm6.tif 4 4 0.9925178051665515 
ch00_p4-pl1-sample2-sperm10.tif 4 4 0.9968944359649622 
ch00_p4-pl1-sample2-sperm12.tif 4 4 0.9946465672430794 
ch00_p4-pl1-sample2-sperm5.tif 4 4 0.9999957684336571 
ch00_p4-pl1-sample20-sperm10.tif 4 0 0.9956707443410009 
ch00_p4-pl1-sample20-sperm11.tif 4 4 0.8755679632016068 
ch00_p4-pl1-sample20-sperm6.tif 4 1 0.9938041294342932 
ch00_p4-pl1-sample4-sperm14.tif 4 0 0.739056976611991 
ch00_p4-pl1-sample4-sperm3.tif 4 4 0.9964818821516697 
ch00_p4-pl1-sample6-sperm11.tif 4 4 0.9539031245914191 
ch00_p4-pl1-sample6-sperm4.tif 4 4 0.6664573161027958 
ch00_p4-pl1-sample6-sperm8.tif 4 1 0.8706230906094328 
ch00_p4-pl1-sample7-sperm10.tif 4 3 0.9623805300292108 
ch00_p4-pl1-sample7-sperm17.tif 4 0 0.9550865786538013 
ch00_p4-pl1-sample7-sperm2.tif 4 4 0.9906354224645593 
ch00_p4-pl1-sample7-sperm3.tif 4 4 0.9763090085225056 
ch00_p4-pl1-sample8-sperm10.tif 4 2 0.9534983335306788 
ch00_p4-pl1-sample8-sperm2.tif 4 4 0.8119426385350695 
ch00_p4-pl1-sample9-sperm11.tif 4 4 0.9801861113480407 
ch00_p4-pl1-sample9-sperm4.tif 4 4 0.9980015050198483 
ch00_p4-pl1-sample9-sperm9.tif 4 0 0.6043690445697781 
ch00_p4-pl2-sample10-sperm10.tif 4 4 0.97781791377762 
ch00_p4-pl2-sample10-sperm12.tif 4 4 0.9868317083926987 
ch00_p4-pl2-sample10-sperm6.tif 4 4 0.9999944676763902 
ch00_p4-pl2-sample11-sperm2.tif 4 4 0.8373544659336217 
ch00_p4-pl2-sample11-sperm3.tif 4 4 0.9965689228375813 
ch00_p4-pl2-sample12-sperm1.tif 4 3 0.9563309443098508 
ch00_p4-pl2-sample12-sperm7.tif 4 4 0.8829155612608864 
ch00_p4-pl2-sample14-sperm10.tif 4 0 0.9979306221589117 
ch00_p4-pl2-sample15-sperm1.tif 4 2 0.5641704311885681 
ch00_p4-pl2-sample15-sperm4.tif 4 4 0.8511122841196191 
ch00_p4-pl2-sample16-sperm5.tif 4 4 0.9355785481401988 
ch00_p4-pl2-sample16-sperm7.tif 4 4 0.786567731012366 
ch00_p4-pl2-sample17-sperm2.tif 4 4 0.9287970865685543 
ch00_p4-pl2-sample17-sperm4.tif 4 1 0.996991158312715 
ch00_p4-pl2-sample18-sperm3.tif 4 4 0.9792129709912025 
ch00_p4-pl2-sample18-sperm5.tif 4 4 0.9968522490608168 
ch00_p4-pl2-sample18-sperm6.tif 4 4 0.8842563540256613 
ch00_p4-pl2-sample18-sperm8.tif 4 4 0.6016101303409843 
ch00_p4-pl2-sample19-sperm2.tif 4 1 0.4300070878752539 
ch00_p4-pl2-sample19-sperm7.tif 4 2 0.6665907400259952 
ch00_p4-pl2-sample3-sperm4.tif 4 1 0.9817220333768126 
ch00_p4-pl2-sample3-sperm5.tif 4 4 0.9999992344354658 
ch00_p4-pl2-sample3-sperm9.tif 4 4 0.9999951040253253 
ch00_p4-pl2-sample4-sperm7.tif 4 4 0.9989334507123833 
ch00_p4-pl2-sample4-sperm9.tif 4 4 0.9982950009465407 
ch00_p4-pl2-sample5-sperm1.tif 4 4 0.9970344068483727 
ch00_p4-pl2-sample5-sperm5.tif 4 3 0.9911874194043838 
ch00_p4-pl2-sample6-sperm2.tif 4 3 0.7321453735558365 
ch00_p4-pl2-sample6-sperm6.tif 4 2 0.7364322004595671 
ch00_p4-pl2-sample7-sperm10.tif 4 4 0.9861922185783932 
ch00_p4-pl2-sample7-sperm6.tif 4 1 0.7432496041861857 
ch00_p4-pl2-sample7-sperm9.tif 4 4 0.9956894837395771 
ch00_p4-pl2-sample8-sperm1.tif 4 3 0.997302385196775 
ch00_p4-pl2-sample8-sperm2.tif 4 4 0.9405977782510976 
ch00_p4-pl2-sample9-sperm7.tif 4 2 0.4623312241118406 
ch00_p5-pl1-sample1-sperm7.tif 4 1 0.916583031687916 
ch00_p5-pl1-sample10-sperm6.tif 4 4 0.9948427834955171 
ch00_p5-pl1-sample11-sperm10.tif 4 3 0.599560440706794 
ch00_p5-pl1-sample12-sperm10.tif 4 4 0.9717491781854085 
ch00_p5-pl1-sample12-sperm13.tif 4 4 0.9700395621021873 
ch00_p5-pl1-sample12-sperm5.tif 4 4 0.9758248404793617 
ch00_p5-pl1-sample13-sperm6.tif 4 0 0.670613610171192 
ch00_p5-pl1-sample15-sperm2.tif 4 4 0.8678922028221168 
ch00_p5-pl1-sample15-sperm3.tif 4 4 0.9935213455825425 
ch00_p5-pl1-sample15-sperm4.tif 4 3 0.5797010214098487 
ch00_p5-pl1-sample17-sperm10.tif 4 3 0.9920944401695134 
ch00_p5-pl1-sample17-sperm17.tif 4 4 0.9368366946245652 
ch00_p5-pl1-sample18-sperm3.tif 4 4 0.6703666018479861 
ch00_p5-pl1-sample18-sperm6.tif 4 4 0.9666497585931516 
ch00_p5-pl1-sample2-sperm10.tif 4 1 0.8194280712201544 
ch00_p5-pl1-sample2-sperm3.tif 4 4 0.839925428886109 
ch00_p5-pl1-sample2-sperm6.tif 4 3 0.99825702647996 
ch00_p5-pl1-sample20-sperm12.tif 4 4 0.9808015800786207 
ch00_p5-pl1-sample20-sperm2.tif 4 4 0.9862718646190376 
ch00_p5-pl1-sample20-sperm7.tif 4 1 0.7032359230717239 
ch00_p5-pl1-sample3-sperm13.tif 4 4 0.9475343794364788 
ch00_p5-pl1-sample3-sperm15.tif 4 4 0.9789032273725827 
ch00_p5-pl1-sample3-sperm5.tif 4 4 0.9873247988963963 
ch00_p5-pl1-sample4-sperm10.tif 4 3 0.994556906112411 
ch00_p5-pl1-sample4-sperm7.tif 4 4 0.8498345775188278 
ch00_p5-pl1-sample5-sperm9.tif 4 4 0.8350475106237526 
ch00_p5-pl1-sample9-sperm4.tif 4 4 0.8868444149591613 
