ch00_p1-pl2-sample10-sperm10.tif 0 0 0.9689010556809748 
ch00_p1-pl2-sample12-sperm13.tif 0 1 0.7198985194079361 
ch00_p1-pl2-sample12-sperm9.tif 0 0 0.9670232432757847 
ch00_p1-pl2-sample14-sperm9.tif 0 0 0.6879720195974731 
ch00_p1-pl2-sample22-sperm5.tif 0 0 0.9797739638049652 
ch00_p1-pl2-sample3-sperm4.tif 0 3 0.7100253693917589 
ch00_p1-pl2-sample32-sperm3.tif 0 0 0.7620018343989143 
ch00_p1-pl2-sample34-sperm9.tif 0 0 0.5334985759429612 
ch00_p1-pl2-sample35-sperm1.tif 0 0 0.6593962088519653 
ch00_p1-pl2-sample5-sperm3.tif 0 0 0.5147326356404909 
ch00_p1-pl2-sample8-sperm6.tif 0 0 0.9306580989013808 
ch00_p1-pl2-sample9-sperm7.tif 0 0 0.6987280660649753 
ch00_p1-pl3-sample1-sperm3.tif 0 0 0.9891888537962188 
ch00_p1-pl3-sample12-sperm1.tif 0 4 0.7328293694448964 
ch00_p1-pl3-sample17-sperm3.tif 0 4 0.47277936533471376 
ch00_p1-pl3-sample6-sperm11.tif 0 4 0.6842585305253729 
ch00_p3-pl1-sample13-sperm3.tif 0 1 0.4361816636812938 
ch00_p3-pl1-sample30-sperm6.tif 0 3 0.4899322058342173 
ch00_p4-pl1-sample1-sperm13.tif 0 0 0.5316939466140048 
ch00_p4-pl1-sample10-sperm9.tif 0 0 0.9016996575057193 
ch00_p4-pl1-sample15-sperm4.tif 0 0 0.8634933466619759 
ch00_p4-pl1-sample15-sperm7.tif 0 0 0.8968444696514397 
ch00_p4-pl1-sample19-sperm1.tif 0 4 0.5238396207388569 
ch00_p4-pl1-sample6-sperm1.tif 0 0 0.8542496510964096 
ch00_p4-pl1-sample6-sperm10.tif 0 0 0.6138192473575251 
ch00_p4-pl2-sample13-sperm1.tif 0 4 0.7413112454931948 
ch00_p4-pl2-sample16-sperm9.tif 0 0 0.9012291283310002 
ch00_p4-pl2-sample5-sperm6.tif 0 4 0.5299279511774274 
ch00_p4-pl2-sample8-sperm5.tif 0 0 0.9955938474395342 
ch00_p5-pl1-sample5-sperm3.tif 0 4 0.6160768461461263 
ch00_p1-pl2-sample1-sperm6.tif 1 4 0.5913418948696876 
ch00_p1-pl2-sample11-sperm4.tif 1 4 0.8890353765609936 
ch00_p1-pl2-sample13-sperm6.tif 1 3 0.5573345247324422 
ch00_p1-pl2-sample14-sperm13.tif 1 1 0.5883964872936617 
ch00_p1-pl2-sample18-sperm3.tif 1 1 0.926366976148784 
ch00_p1-pl2-sample19-sperm10.tif 1 4 0.924885887108102 
ch00_p1-pl2-sample19-sperm4.tif 1 1 0.9565051375978211 
ch00_p1-pl2-sample2-sperm3.tif 1 4 0.5010356335800803 
ch00_p1-pl2-sample20-sperm7.tif 1 4 0.7160203115000789 
ch00_p1-pl2-sample21-sperm3.tif 1 1 0.9749647336146922 
ch00_p1-pl2-sample21-sperm9.tif 1 1 0.9032785026474656 
ch00_p1-pl2-sample23-sperm10.tif 1 1 0.8097891226305329 
ch00_p1-pl2-sample23-sperm14.tif 1 4 0.9329279890437953 
ch00_p1-pl2-sample23-sperm15.tif 1 4 0.676193399668781 
ch00_p1-pl2-sample25-sperm8.tif 1 4 0.5125698867255633 
ch00_p1-pl2-sample29-sperm5.tif 1 1 0.9715844297292474 
ch00_p1-pl2-sample3-sperm9.tif 1 1 0.8965256975110087 
ch00_p1-pl2-sample31-sperm4.tif 1 1 0.8473872875923588 
ch00_p1-pl2-sample31-sperm8.tif 1 1 0.8559355301190972 
ch00_p1-pl2-sample32-sperm7.tif 1 4 0.5202102589061778 
ch00_p1-pl2-sample35-sperm7.tif 1 1 0.9080092681810423 
ch00_p1-pl2-sample4-sperm11.tif 1 2 0.8893584839928541 
ch00_p1-pl2-sample4-sperm14.tif 1 1 0.9795516733256459 
ch00_p1-pl2-sample4-sperm17.tif 1 1 0.782293551837 
ch00_p1-pl2-sample4-sperm5.tif 1 1 0.9302732843562719 
ch00_p1-pl2-sample5-sperm16.tif 1 4 0.576415578415023 
ch00_p1-pl2-sample6-sperm3.tif 1 1 0.9517793406003889 
ch00_p1-pl2-sample7-sperm11.tif 1 1 0.9862621908769839 
ch00_p1-pl2-sample8-sperm3.tif 1 1 0.856840146804628 
ch00_p1-pl2-sample9-sperm14.tif 1 1 0.9902358194041019 
ch00_p1-pl2-sample9-sperm15.tif 1 1 0.8420525308016378 
ch00_p1-pl2-sample9-sperm2.tif 1 1 0.9020462255499496 
ch00_p1-pl3-sample12-sperm19.tif 1 1 0.5796998784963835 
ch00_p1-pl3-sample12-sperm5.tif 1 1 0.8953302944697012 
ch00_p1-pl3-sample12-sperm7.tif 1 1 0.7500098960693126 
ch00_p1-pl3-sample13-sperm13.tif 1 1 0.9943506973066168 
ch00_p1-pl3-sample14-sperm8.tif 1 1 0.9504120731436684 
ch00_p1-pl3-sample19-sperm7.tif 1 4 0.8229548992270509 
ch00_p1-pl3-sample24-sperm17.tif 1 2 0.9772436368149787 
ch00_p1-pl3-sample5-sperm2.tif 1 4 0.869740823786344 
ch00_p1-pl3-sample6-sperm16.tif 1 4 0.6611909642211592 
ch00_p3-pl1-sample12-sperm5.tif 1 1 0.9761780224923235 
ch00_p3-pl1-sample15-sperm9.tif 1 1 0.9415765171280478 
ch00_p3-pl1-sample17-sperm2.tif 1 4 0.8339735311341495 
ch00_p3-pl1-sample19-sperm6.tif 1 4 0.8829468762793439 
ch00_p3-pl1-sample2-sperm7.tif 1 1 0.9871994501645976 
ch00_p3-pl1-sample22-sperm2.tif 1 4 0.5398970826889468 
ch00_p3-pl1-sample26-sperm6.tif 1 1 0.9730128156322333 
ch00_p3-pl1-sample27-sperm4.tif 1 1 0.7874493775042775 
ch00_p3-pl1-sample28-sperm7.tif 1 1 0.44649057328877617 
ch00_p3-pl1-sample30-sperm2.tif 1 1 0.9853755969667272 
ch00_p3-pl1-sample31-sperm5.tif 1 1 0.9908474694140288 
ch00_p3-pl1-sample4-sperm2.tif 1 1 0.9636982358599882 
ch00_p3-pl1-sample5-sperm1.tif 1 1 0.8054279454279648 
ch00_p3-pl1-sample8-sperm2.tif 1 1 0.9785202919056158 
ch00_p4-pl1-sample12-sperm7.tif 1 1 0.8445841585255174 
ch00_p4-pl1-sample6-sperm5.tif 1 1 0.7679208714207295 
ch00_p4-pl1-sample7-sperm16.tif 1 1 0.5537031022926089 
ch00_p4-pl2-sample4-sperm3.tif 1 4 0.8984167936493783 
ch00_p4-pl2-sample7-sperm11.tif 1 4 0.9657762100678948 
ch00_p4-pl2-sample8-sperm6.tif 1 1 0.8285172802761422 
ch00_p5-pl1-sample11-sperm2.tif 1 1 0.9481396262703882 
ch00_p5-pl1-sample19-sperm11.tif 1 1 0.5319213312460295 
ch00_p5-pl1-sample2-sperm2.tif 1 1 0.6933739980442521 
ch00_p5-pl1-sample5-sperm16.tif 1 1 0.8922899441858305 
ch00_p5-pl1-sample5-sperm20.tif 1 1 0.864549461906205 
ch00_p5-pl1-sample8-sperm2.tif 1 4 0.42053831251437496 
ch00_p5-pl1-sample8-sperm5.tif 1 1 0.9260226724587544 
ch00_p1-pl2-sample13-sperm20.tif 2 2 0.7720377868538694 
ch00_p1-pl2-sample17-sperm10.tif 2 4 0.8251522621375363 
ch00_p1-pl2-sample2-sperm6.tif 2 4 0.8288714107416439 
ch00_p1-pl2-sample24-sperm4.tif 2 2 0.7266803522013986 
ch00_p1-pl2-sample33-sperm13.tif 2 0 0.7620845071119005 
ch00_p1-pl2-sample35-sperm6.tif 2 4 0.7380479409675197 
ch00_p1-pl2-sample8-sperm4.tif 2 2 0.9009182186755308 
ch00_p1-pl3-sample1-sperm15.tif 2 1 0.5081362712504746 
ch00_p1-pl3-sample11-sperm6.tif 2 2 0.9289511776171367 
ch00_p1-pl3-sample12-sperm12.tif 2 2 0.9178081287384726 
ch00_p1-pl3-sample15-sperm14.tif 2 2 0.9625027928917791 
ch00_p1-pl3-sample21-sperm10.tif 2 2 0.9527350987923888 
ch00_p1-pl3-sample22-sperm11.tif 2 2 0.9116356718400576 
ch00_p1-pl3-sample6-sperm17.tif 2 2 0.9763804511279921 
ch00_p3-pl1-sample28-sperm5.tif 2 2 0.905798685932932 
ch00_p4-pl1-sample10-sperm10.tif 2 4 0.527602941551347 
ch00_p4-pl1-sample17-sperm4.tif 2 1 0.4887203998911003 
ch00_p4-pl1-sample17-sperm8.tif 2 2 0.5996333196589859 
ch00_p4-pl1-sample3-sperm7.tif 2 0 0.38746228662564347 
ch00_p4-pl1-sample5-sperm10.tif 2 2 0.9818254738713069 
ch00_p4-pl1-sample7-sperm19.tif 2 4 0.6715657766426096 
ch00_p4-pl2-sample3-sperm10.tif 2 2 0.9746637041416996 
ch00_p1-pl2-sample14-sperm12.tif 3 0 0.5957721692426964 
ch00_p1-pl2-sample15-sperm6.tif 3 3 0.9834727251621468 
ch00_p1-pl2-sample18-sperm8.tif 3 4 0.8223149426307766 
ch00_p1-pl2-sample5-sperm11.tif 3 3 0.9653281764521728 
ch00_p1-pl2-sample5-sperm4.tif 3 4 0.9516307055187114 
ch00_p1-pl3-sample16-sperm11.tif 3 3 0.887807048959249 
ch00_p1-pl3-sample17-sperm4.tif 3 3 0.9879290998862342 
ch00_p1-pl3-sample2-sperm13.tif 3 1 0.607951107513639 
ch00_p1-pl3-sample20-sperm9.tif 3 3 0.7497972395304515 
ch00_p1-pl3-sample21-sperm7.tif 3 3 0.8781595557786009 
ch00_p1-pl3-sample23-sperm15.tif 3 4 0.7364785012776022 
ch00_p1-pl3-sample5-sperm3.tif 3 3 0.9372798958250186 
ch00_p1-pl3-sample9-sperm6.tif 3 3 0.765747951321581 
ch00_p1-pl3-sample9-sperm9.tif 3 3 0.9903541368177734 
ch00_p3-pl1-sample30-sperm1.tif 3 4 0.770883665701777 
ch00_p3-pl1-sample31-sperm4.tif 3 4 0.7419620209912607 
ch00_p3-pl1-sample32-sperm1.tif 3 0 0.34187881271560766 
ch00_p4-pl1-sample11-sperm3.tif 3 3 0.7784381569580294 
ch00_p4-pl1-sample20-sperm4.tif 3 4 0.683326160382438 
ch00_p4-pl1-sample5-sperm8.tif 3 4 0.9646230223620279 
ch00_p5-pl1-sample1-sperm4.tif 3 3 0.7430215426874183 
ch00_p1-pl2-sample10-sperm2.tif 4 2 0.5607513321362785 
ch00_p1-pl2-sample12-sperm1.tif 4 0 0.5274566111790078 
ch00_p1-pl2-sample12-sperm5.tif 4 4 0.8533900783967037 
ch00_p1-pl2-sample12-sperm7.tif 4 1 0.7033928052329452 
ch00_p1-pl2-sample12-sperm8.tif 4 4 0.8750131445086207 
ch00_p1-pl2-sample13-sperm1.tif 4 4 0.5253500726527852 
ch00_p1-pl2-sample14-sperm14.tif 4 4 0.838603085179807 
ch00_p1-pl2-sample14-sperm2.tif 4 1 0.8367128266472198 
ch00_p1-pl2-sample14-sperm8.tif 4 4 0.6120021027755519 
ch00_p1-pl2-sample17-sperm2.tif 4 2 0.5817508331352241 
ch00_p1-pl2-sample18-sperm6.tif 4 3 0.42882119109935923 
ch00_p1-pl2-sample18-sperm9.tif 4 4 0.5955374187505484 
ch00_p1-pl2-sample20-sperm2.tif 4 4 0.7430433255728259 
ch00_p1-pl2-sample21-sperm10.tif 4 4 0.9292528846061556 
ch00_p1-pl2-sample22-sperm11.tif 4 3 0.9739089350387972 
ch00_p1-pl2-sample23-sperm17.tif 4 4 0.48704868857081246 
ch00_p1-pl2-sample24-sperm10.tif 4 0 0.5305735322393405 
ch00_p1-pl2-sample24-sperm13.tif 4 1 0.5311002785042838 
ch00_p1-pl2-sample26-sperm7.tif 4 0 0.5198950256098938 
ch00_p1-pl2-sample27-sperm5.tif 4 4 0.6837912638651762 
ch00_p1-pl2-sample28-sperm10.tif 4 4 0.5637422045679173 
ch00_p1-pl2-sample28-sperm3.tif 4 1 0.44757829621502443 
ch00_p1-pl2-sample28-sperm6.tif 4 2 0.5129962160765895 
ch00_p1-pl2-sample3-sperm14.tif 4 3 0.8665097675213588 
ch00_p1-pl2-sample30-sperm1.tif 4 4 0.5130688188307491 
ch00_p1-pl2-sample30-sperm6.tif 4 1 0.8811101870557181 
ch00_p1-pl2-sample31-sperm12.tif 4 3 0.7604411394037162 
ch00_p1-pl2-sample31-sperm3.tif 4 4 0.6881323071824561 
ch00_p1-pl2-sample32-sperm5.tif 4 0 0.4613235994544822 
ch00_p1-pl2-sample33-sperm10.tif 4 4 0.9027128606410497 
ch00_p1-pl2-sample34-sperm3.tif 4 4 0.7691205503759505 
ch00_p1-pl2-sample34-sperm6.tif 4 0 0.4968443844048239 
ch00_p1-pl2-sample34-sperm8.tif 4 4 0.6493398772785587 
ch00_p1-pl2-sample35-sperm12.tif 4 0 0.6151910704709014 
ch00_p1-pl2-sample35-sperm9.tif 4 4 0.7069004953324077 
ch00_p1-pl2-sample4-sperm16.tif 4 1 0.8900307532206889 
ch00_p1-pl2-sample7-sperm5.tif 4 4 0.8886282409086919 
ch00_p1-pl2-sample9-sperm5.tif 4 1 0.5577990867888867 
ch00_p1-pl3-sample1-sperm1.tif 4 1 0.9508367939649448 
ch00_p1-pl3-sample1-sperm7.tif 4 1 0.518751633560882 
ch00_p1-pl3-sample10-sperm1.tif 4 2 0.6333725153944052 
ch00_p1-pl3-sample10-sperm3.tif 4 0 0.9163343111618771 
ch00_p1-pl3-sample12-sperm4.tif 4 1 0.9273702131501949 
ch00_p1-pl3-sample12-sperm6.tif 4 3 0.9043841262140832 
ch00_p1-pl3-sample13-sperm5.tif 4 1 0.7531699962111723 
ch00_p1-pl3-sample14-sperm11.tif 4 3 0.8617933790010898 
ch00_p1-pl3-sample14-sperm6.tif 4 3 0.9509910167615316 
ch00_p1-pl3-sample15-sperm19.tif 4 4 0.8999001356097341 
ch00_p1-pl3-sample15-sperm20.tif 4 4 0.4886711249732049 
ch00_p1-pl3-sample15-sperm7.tif 4 4 0.6270288852314254 
ch00_p1-pl3-sample15-sperm8.tif 4 1 0.8718520610130285 
ch00_p1-pl3-sample16-sperm17.tif 4 4 0.7649364479986684 
ch00_p1-pl3-sample17-sperm11.tif 4 4 0.7083896431445657 
ch00_p1-pl3-sample19-sperm1.tif 4 4 0.6198029179126205 
ch00_p1-pl3-sample2-sperm11.tif 4 4 0.7218157416954599 
ch00_p1-pl3-sample2-sperm4.tif 4 1 0.536581018244171 
ch00_p1-pl3-sample20-sperm8.tif 4 4 0.9178010525118424 
ch00_p1-pl3-sample21-sperm11.tif 4 4 0.8115064897392241 
ch00_p1-pl3-sample21-sperm4.tif 4 1 0.6815478541824513 
ch00_p1-pl3-sample21-sperm9.tif 4 1 0.6346788151350694 
ch00_p1-pl3-sample22-sperm1.tif 4 4 0.8123085394627689 
ch00_p1-pl3-sample22-sperm3.tif 4 2 0.8734317620421105 
ch00_p1-pl3-sample23-sperm14.tif 4 1 0.9778696048418289 
ch00_p1-pl3-sample24-sperm11.tif 4 3 0.9202445241451638 
ch00_p1-pl3-sample24-sperm13.tif 4 1 0.753683790130619 
ch00_p1-pl3-sample24-sperm14.tif 4 2 0.7146302134104952 
ch00_p1-pl3-sample24-sperm22.tif 4 1 0.7717761876998633 
ch00_p1-pl3-sample24-sperm5.tif 4 1 0.5554431133965614 
ch00_p1-pl3-sample25-sperm1.tif 4 0 0.5489866638906049 
ch00_p1-pl3-sample25-sperm10.tif 4 1 0.860334566098891 
ch00_p1-pl3-sample25-sperm11.tif 4 4 0.8358840776169981 
ch00_p1-pl3-sample25-sperm13.tif 4 1 0.7223031795903004 
ch00_p1-pl3-sample25-sperm4.tif 4 2 0.5945916626214223 
ch00_p1-pl3-sample25-sperm8.tif 4 0 0.6979975823264666 
ch00_p1-pl3-sample3-sperm4.tif 4 4 0.5303385250034269 
ch00_p1-pl3-sample4-sperm8.tif 4 1 0.8957508236759041 
ch00_p1-pl3-sample4-sperm9.tif 4 4 0.6499355338084493 
ch00_p1-pl3-sample5-sperm4.tif 4 0 0.7917617265398514 
ch00_p1-pl3-sample6-sperm3.tif 4 1 0.9188898742301795 
ch00_p1-pl3-sample6-sperm5.tif 4 4 0.8425065089954558 
ch00_p1-pl3-sample6-sperm6.tif 4 0 0.6504697502317633 
ch00_p1-pl3-sample7-sperm14.tif 4 1 0.5105084614381818 
ch00_p1-pl3-sample7-sperm3.tif 4 4 0.8062124841078491 
ch00_p1-pl3-sample7-sperm7.tif 4 2 0.5881003427322488 
ch00_p1-pl3-sample8-sperm11.tif 4 1 0.9197890182633969 
ch00_p1-pl3-sample8-sperm6.tif 4 0 0.7824765463746594 
ch00_p1-pl3-sample9-sperm8.tif 4 4 0.6930013607302077 
ch00_p3-pl1-sample1-sperm4.tif 4 0 0.40051423725437957 
ch00_p3-pl1-sample11-sperm5.tif 4 1 0.7923198316385746 
ch00_p3-pl1-sample12-sperm2.tif 4 0 0.937773412597723 
ch00_p3-pl1-sample15-sperm4.tif 4 0 0.6811810124620997 
ch00_p3-pl1-sample15-sperm8.tif 4 4 0.7684470599349389 
ch00_p3-pl1-sample16-sperm3.tif 4 3 0.7118692652496106 
ch00_p3-pl1-sample16-sperm4.tif 4 3 0.8750172594313209 
ch00_p3-pl1-sample18-sperm2.tif 4 0 0.8708891201244127 
ch00_p3-pl1-sample19-sperm8.tif 4 4 0.6938496850808143 
ch00_p3-pl1-sample19-sperm9.tif 4 4 0.5763337909568352 
ch00_p3-pl1-sample23-sperm7.tif 4 4 0.502067681377413 
ch00_p3-pl1-sample23-sperm9.tif 4 0 0.882195532372325 
ch00_p3-pl1-sample25-sperm10.tif 4 1 0.9956024226923761 
ch00_p3-pl1-sample25-sperm5.tif 4 4 0.8935622603407196 
ch00_p3-pl1-sample25-sperm8.tif 4 3 0.8996460385987334 
ch00_p3-pl1-sample26-sperm1.tif 4 4 0.6473078429804647 
ch00_p3-pl1-sample29-sperm9.tif 4 4 0.3871124097605918 
ch00_p3-pl1-sample4-sperm1.tif 4 1 0.7411723018415842 
ch00_p3-pl1-sample4-sperm5.tif 4 1 0.620976716476931 
ch00_p3-pl1-sample6-sperm4.tif 4 4 0.9201324953248208 
ch00_p3-pl1-sample8-sperm3.tif 4 1 0.8957554432372086 
ch00_p4-pl1-sample1-sperm12.tif 4 4 0.6455365625775149 
ch00_p4-pl1-sample1-sperm6.tif 4 4 0.5402998369704355 
ch00_p4-pl1-sample1-sperm8.tif 4 4 0.5431672462955337 
ch00_p4-pl1-sample10-sperm12.tif 4 3 0.7469522834913738 
ch00_p4-pl1-sample10-sperm22.tif 4 1 0.7286660315533671 
ch00_p4-pl1-sample11-sperm13.tif 4 4 0.44696769692534 
ch00_p4-pl1-sample11-sperm4.tif 4 4 0.542110258504607 
ch00_p4-pl1-sample12-sperm11.tif 4 4 0.8302441115706996 
ch00_p4-pl1-sample12-sperm3.tif 4 4 0.5311969719697485 
ch00_p4-pl1-sample12-sperm6.tif 4 4 0.7928409031383015 
ch00_p4-pl1-sample14-sperm12.tif 4 4 0.5442506404805724 
ch00_p4-pl1-sample14-sperm4.tif 4 0 0.8996411930995641 
ch00_p4-pl1-sample14-sperm5.tif 4 4 0.8393814205511803 
ch00_p4-pl1-sample16-sperm15.tif 4 2 0.6655522715659085 
ch00_p4-pl1-sample17-sperm10.tif 4 4 0.6960802316386007 
ch00_p4-pl1-sample19-sperm6.tif 4 4 0.7745436174480677 
ch00_p4-pl1-sample2-sperm13.tif 4 2 0.8394511858759965 
ch00_p4-pl1-sample4-sperm14.tif 4 4 0.8584011091942536 
ch00_p4-pl1-sample5-sperm9.tif 4 4 0.6248986494195174 
ch00_p4-pl1-sample6-sperm11.tif 4 4 0.8489991410721712 
ch00_p4-pl1-sample6-sperm8.tif 4 4 0.7405076597929926 
ch00_p4-pl1-sample7-sperm10.tif 4 3 0.4832746893820137 
ch00_p4-pl1-sample7-sperm13.tif 4 3 0.9506953796425421 
ch00_p4-pl1-sample7-sperm2.tif 4 4 0.9482443016624037 
ch00_p4-pl1-sample7-sperm8.tif 4 0 0.8971793287055841 
ch00_p4-pl1-sample8-sperm1.tif 4 4 0.62696773482415 
ch00_p4-pl1-sample8-sperm2.tif 4 2 0.7267610750047557 
ch00_p4-pl1-sample8-sperm8.tif 4 4 0.5858546657823824 
ch00_p4-pl1-sample9-sperm11.tif 4 1 0.5203028750680087 
ch00_p4-pl1-sample9-sperm12.tif 4 4 0.7575613736498336 
ch00_p4-pl1-sample9-sperm4.tif 4 4 0.8181955590690511 
ch00_p4-pl1-sample9-sperm6.tif 4 3 0.5322770033161447 
ch00_p4-pl2-sample10-sperm1.tif 4 0 0.5577879271787566 
ch00_p4-pl2-sample10-sperm10.tif 4 3 0.3760736641214982 
ch00_p4-pl2-sample10-sperm11.tif 4 4 0.7435858013608607 
ch00_p4-pl2-sample10-sperm8.tif 4 1 0.7134314780519005 
ch00_p4-pl2-sample10-sperm9.tif 4 1 0.9492460338296348 
ch00_p4-pl2-sample11-sperm3.tif 4 4 0.9120351151648138 
ch00_p4-pl2-sample12-sperm11.tif 4 2 0.8764013939450325 
ch00_p4-pl2-sample12-sperm7.tif 4 4 0.6302827847231076 
ch00_p4-pl2-sample12-sperm9.tif 4 4 0.44792781844447627 
ch00_p4-pl2-sample13-sperm10.tif 4 4 0.9053955285198535 
ch00_p4-pl2-sample13-sperm2.tif 4 0 0.8645057573124009 
ch00_p4-pl2-sample13-sperm9.tif 4 4 0.6775662634238475 
ch00_p4-pl2-sample14-sperm9.tif 4 4 0.9152456182982026 
ch00_p4-pl2-sample19-sperm1.tif 4 4 0.9249784372610504 
ch00_p4-pl2-sample19-sperm8.tif 4 4 0.7698691951130012 
ch00_p4-pl2-sample2-sperm3.tif 4 2 0.5551308759452804 
ch00_p4-pl2-sample2-sperm5.tif 4 4 0.8226128178222528 
ch00_p4-pl2-sample2-sperm7.tif 4 4 0.9399788213502285 
ch00_p4-pl2-sample20-sperm2.tif 4 4 0.6949502276134032 
ch00_p4-pl2-sample20-sperm4.tif 4 2 0.972881935567942 
ch00_p4-pl2-sample3-sperm3.tif 4 4 0.8878881809061997 
ch00_p4-pl2-sample3-sperm5.tif 4 4 0.7424226623050024 
ch00_p4-pl2-sample3-sperm6.tif 4 1 0.40219270120562195 
ch00_p4-pl2-sample3-sperm7.tif 4 4 0.7595182310166531 
ch00_p4-pl2-sample4-sperm4.tif 4 4 0.617131886826078 
ch00_p4-pl2-sample5-sperm4.tif 4 3 0.8387006443260352 
ch00_p4-pl2-sample6-sperm3.tif 4 4 0.819243301132564 
ch00_p4-pl2-sample7-sperm4.tif 4 4 0.4950288389323368 
ch00_p4-pl2-sample7-sperm5.tif 4 4 0.8937053695231625 
ch00_p4-pl2-sample7-sperm6.tif 4 0 0.7259481864523832 
ch00_p4-pl2-sample7-sperm7.tif 4 1 0.7546480829535583 
ch00_p4-pl2-sample7-sperm8.tif 4 0 0.9741681462240407 
ch00_p4-pl2-sample8-sperm9.tif 4 3 0.8495544273458016 
ch00_p4-pl2-sample9-sperm7.tif 4 4 0.5614258480881126 
ch00_p5-pl1-sample1-sperm12.tif 4 1 0.5703506892578315 
ch00_p5-pl1-sample10-sperm6.tif 4 1 0.9321673952477317 
ch00_p5-pl1-sample10-sperm7.tif 4 1 0.9732664480097498 
ch00_p5-pl1-sample12-sperm13.tif 4 0 0.645487510432078 
ch00_p5-pl1-sample12-sperm16.tif 4 4 0.5110367668569139 
ch00_p5-pl1-sample12-sperm7.tif 4 0 0.7790174667372346 
ch00_p5-pl1-sample17-sperm13.tif 4 4 0.4606035622266733 
ch00_p5-pl1-sample17-sperm2.tif 4 4 0.8693014736857398 
ch00_p5-pl1-sample17-sperm3.tif 4 0 0.4039373345040585 
ch00_p5-pl1-sample19-sperm2.tif 4 1 0.8932117180338108 
ch00_p5-pl1-sample2-sperm13.tif 4 4 0.8797123643204721 
ch00_p5-pl1-sample20-sperm12.tif 4 4 0.8189096613806993 
ch00_p5-pl1-sample20-sperm13.tif 4 1 0.8882758741211413 
ch00_p5-pl1-sample20-sperm2.tif 4 4 0.4970066880123227 
ch00_p5-pl1-sample20-sperm5.tif 4 4 0.6214169092336412 
ch00_p5-pl1-sample20-sperm6.tif 4 4 0.41448564703393387 
ch00_p5-pl1-sample20-sperm7.tif 4 4 0.7000620915479541 
ch00_p5-pl1-sample3-sperm7.tif 4 1 0.9871618780200155 
ch00_p5-pl1-sample4-sperm8.tif 4 4 0.5750493936444862 
ch00_p5-pl1-sample5-sperm10.tif 4 0 0.4626412905551739 
ch00_p5-pl1-sample9-sperm1.tif 4 4 0.8725683213316482 
ch00_p5-pl1-sample9-sperm3.tif 4 1 0.81705938843546 
