ch00_p1-pl2-sample10-sperm10.tif 0 4 0.9692605879006726 
ch00_p1-pl2-sample12-sperm13.tif 0 1 0.4695498801956643 
ch00_p1-pl2-sample12-sperm9.tif 0 4 0.905266218993793 
ch00_p1-pl2-sample14-sperm9.tif 0 2 0.8369497094108352 
ch00_p1-pl2-sample22-sperm5.tif 0 4 0.8790569241259418 
ch00_p1-pl2-sample3-sperm4.tif 0 0 0.6696077393766725 
ch00_p1-pl2-sample32-sperm3.tif 0 4 0.9807544515619805 
ch00_p1-pl2-sample34-sperm9.tif 0 4 0.9984227687677103 
ch00_p1-pl2-sample35-sperm1.tif 0 1 0.7382923531260225 
ch00_p1-pl2-sample5-sperm3.tif 0 4 0.9989780447238734 
ch00_p1-pl2-sample8-sperm6.tif 0 4 0.9870136773173942 
ch00_p1-pl2-sample9-sperm7.tif 0 0 0.9263556342499432 
ch00_p1-pl3-sample1-sperm3.tif 0 4 0.9273130603043921 
ch00_p1-pl3-sample12-sperm1.tif 0 4 0.9999999996713308 
ch00_p1-pl3-sample17-sperm3.tif 0 4 0.9807861416750567 
ch00_p1-pl3-sample6-sperm11.tif 0 0 0.9940985143732691 
ch00_p3-pl1-sample13-sperm3.tif 0 2 0.8696904767103226 
ch00_p3-pl1-sample30-sperm6.tif 0 0 0.6797398032582948 
ch00_p4-pl1-sample1-sperm13.tif 0 4 0.9999960698985915 
ch00_p4-pl1-sample10-sperm9.tif 0 4 0.4659091521024532 
ch00_p4-pl1-sample15-sperm4.tif 0 0 0.9597704799946872 
ch00_p4-pl1-sample15-sperm7.tif 0 4 0.9909689778985448 
ch00_p4-pl1-sample19-sperm1.tif 0 4 0.9982705694005525 
ch00_p4-pl1-sample6-sperm1.tif 0 0 0.8893207475888593 
ch00_p4-pl1-sample6-sperm10.tif 0 4 0.9985362762900059 
ch00_p4-pl2-sample13-sperm1.tif 0 4 0.9999995176316167 
ch00_p4-pl2-sample16-sperm9.tif 0 4 0.991057018880141 
ch00_p4-pl2-sample5-sperm6.tif 0 4 0.9999999037391335 
ch00_p4-pl2-sample8-sperm5.tif 0 4 0.9989389478474954 
ch00_p5-pl1-sample5-sperm3.tif 0 4 0.9999983365501788 
ch00_p1-pl2-sample1-sperm6.tif 1 4 0.9751559091425237 
ch00_p1-pl2-sample11-sperm4.tif 1 1 0.9785001843184282 
ch00_p1-pl2-sample13-sperm6.tif 1 1 0.9903125967747985 
ch00_p1-pl2-sample14-sperm13.tif 1 1 0.9406071715339981 
ch00_p1-pl2-sample18-sperm3.tif 1 1 0.9998916519711388 
ch00_p1-pl2-sample19-sperm10.tif 1 4 0.9766784067192879 
ch00_p1-pl2-sample19-sperm4.tif 1 1 0.9370637889554418 
ch00_p1-pl2-sample2-sperm3.tif 1 4 0.9960407078390666 
ch00_p1-pl2-sample20-sperm7.tif 1 4 0.998908247488259 
ch00_p1-pl2-sample21-sperm3.tif 1 1 0.9995499733850017 
ch00_p1-pl2-sample21-sperm9.tif 1 1 0.9999180550742989 
ch00_p1-pl2-sample23-sperm10.tif 1 1 0.5693715662366254 
ch00_p1-pl2-sample23-sperm14.tif 1 1 0.8134100721726516 
ch00_p1-pl2-sample23-sperm15.tif 1 4 0.9407458020882175 
ch00_p1-pl2-sample25-sperm8.tif 1 1 0.8459555012013487 
ch00_p1-pl2-sample29-sperm5.tif 1 1 0.7731274512823209 
ch00_p1-pl2-sample3-sperm9.tif 1 1 0.9998377294527624 
ch00_p1-pl2-sample31-sperm4.tif 1 1 0.9459618564969519 
ch00_p1-pl2-sample31-sperm8.tif 1 4 0.6489836370804489 
ch00_p1-pl2-sample32-sperm7.tif 1 1 0.9985600469696543 
ch00_p1-pl2-sample35-sperm7.tif 1 1 0.9717229633254347 
ch00_p1-pl2-sample4-sperm11.tif 1 1 0.9986820297096839 
ch00_p1-pl2-sample4-sperm14.tif 1 1 0.9907834174612872 
ch00_p1-pl2-sample4-sperm17.tif 1 1 0.9996578394786794 
ch00_p1-pl2-sample4-sperm5.tif 1 1 0.9974116223732709 
ch00_p1-pl2-sample5-sperm16.tif 1 1 0.6089500863501819 
ch00_p1-pl2-sample6-sperm3.tif 1 1 0.9985080641497025 
ch00_p1-pl2-sample7-sperm11.tif 1 1 0.9998579240491339 
ch00_p1-pl2-sample8-sperm3.tif 1 1 0.9999105717633237 
ch00_p1-pl2-sample9-sperm14.tif 1 1 0.9998221140524517 
ch00_p1-pl2-sample9-sperm15.tif 1 4 0.9906099174281543 
ch00_p1-pl2-sample9-sperm2.tif 1 1 0.9887031981387691 
ch00_p1-pl3-sample12-sperm19.tif 1 1 0.9365250554180847 
ch00_p1-pl3-sample12-sperm5.tif 1 1 0.9955143234561015 
ch00_p1-pl3-sample12-sperm7.tif 1 1 0.999772670348758 
ch00_p1-pl3-sample13-sperm13.tif 1 1 0.9488147483471999 
ch00_p1-pl3-sample14-sperm8.tif 1 1 0.9194059244090158 
ch00_p1-pl3-sample19-sperm7.tif 1 4 0.9999994586243309 
ch00_p1-pl3-sample24-sperm17.tif 1 1 0.9978619624252597 
ch00_p1-pl3-sample5-sperm2.tif 1 1 0.47111076367634885 
ch00_p1-pl3-sample6-sperm16.tif 1 4 0.8931136970142581 
ch00_p3-pl1-sample12-sperm5.tif 1 1 0.9999336036617744 
ch00_p3-pl1-sample15-sperm9.tif 1 1 0.998462985321728 
ch00_p3-pl1-sample17-sperm2.tif 1 1 0.9745831946411683 
ch00_p3-pl1-sample19-sperm6.tif 1 4 0.9956031676560362 
ch00_p3-pl1-sample2-sperm7.tif 1 1 0.999584163388042 
ch00_p3-pl1-sample22-sperm2.tif 1 4 0.9666490434524643 
ch00_p3-pl1-sample26-sperm6.tif 1 1 0.9999997389299876 
ch00_p3-pl1-sample27-sperm4.tif 1 4 0.8897093697967726 
ch00_p3-pl1-sample28-sperm7.tif 1 4 0.8500606592949999 
ch00_p3-pl1-sample30-sperm2.tif 1 1 0.9999775025484618 
ch00_p3-pl1-sample31-sperm5.tif 1 1 0.9999901342403869 
ch00_p3-pl1-sample4-sperm2.tif 1 1 0.9999878307636212 
ch00_p3-pl1-sample5-sperm1.tif 1 4 0.6725148266139157 
ch00_p3-pl1-sample8-sperm2.tif 1 1 0.9999658928714086 
ch00_p4-pl1-sample12-sperm7.tif 1 1 0.9992079141454063 
ch00_p4-pl1-sample6-sperm5.tif 1 1 0.9917809569882295 
ch00_p4-pl1-sample7-sperm16.tif 1 1 0.9920523474498151 
ch00_p4-pl2-sample4-sperm3.tif 1 4 0.9975261236884613 
ch00_p4-pl2-sample7-sperm11.tif 1 4 0.9983715962096279 
ch00_p4-pl2-sample8-sperm6.tif 1 1 0.9986936401580495 
ch00_p5-pl1-sample11-sperm2.tif 1 1 0.9942568081342542 
ch00_p5-pl1-sample19-sperm11.tif 1 4 0.9860127762862188 
ch00_p5-pl1-sample2-sperm2.tif 1 4 0.9163828158296081 
ch00_p5-pl1-sample5-sperm16.tif 1 4 0.8952820646648081 
ch00_p5-pl1-sample5-sperm20.tif 1 1 0.5873903219186238 
ch00_p5-pl1-sample8-sperm2.tif 1 4 0.8698051068604898 
ch00_p5-pl1-sample8-sperm5.tif 1 1 0.9465953312656158 
ch00_p1-pl2-sample13-sperm20.tif 2 4 0.9999965141011288 
ch00_p1-pl2-sample17-sperm10.tif 2 4 0.9249001909198489 
ch00_p1-pl2-sample2-sperm6.tif 2 1 0.9963752437812056 
ch00_p1-pl2-sample24-sperm4.tif 2 4 0.6962039534404796 
ch00_p1-pl2-sample33-sperm13.tif 2 4 0.9202657026344518 
ch00_p1-pl2-sample35-sperm6.tif 2 4 0.5056470685612678 
ch00_p1-pl2-sample8-sperm4.tif 2 1 0.652991892749985 
ch00_p1-pl3-sample1-sperm15.tif 2 1 0.9213931155268382 
ch00_p1-pl3-sample11-sperm6.tif 2 2 0.9146721856245618 
ch00_p1-pl3-sample12-sperm12.tif 2 1 0.9992541538000314 
ch00_p1-pl3-sample15-sperm14.tif 2 2 0.9980369105795969 
ch00_p1-pl3-sample21-sperm10.tif 2 2 0.979971801320364 
ch00_p1-pl3-sample22-sperm11.tif 2 1 0.6473344061248351 
ch00_p1-pl3-sample6-sperm17.tif 2 2 0.9999822690595704 
ch00_p3-pl1-sample28-sperm5.tif 2 2 0.9726424266717102 
ch00_p4-pl1-sample10-sperm10.tif 2 1 0.99948976811887 
ch00_p4-pl1-sample17-sperm4.tif 2 1 0.9382943100780821 
ch00_p4-pl1-sample17-sperm8.tif 2 2 0.999477253921939 
ch00_p4-pl1-sample3-sperm7.tif 2 0 0.6077951104218839 
ch00_p4-pl1-sample5-sperm10.tif 2 4 0.8079967621909806 
ch00_p4-pl1-sample7-sperm19.tif 2 4 0.6800301112632877 
ch00_p4-pl2-sample3-sperm10.tif 2 2 0.8180303724259581 
ch00_p1-pl2-sample14-sperm12.tif 3 4 0.9999999978068691 
ch00_p1-pl2-sample15-sperm6.tif 3 3 0.8839862492742229 
ch00_p1-pl2-sample18-sperm8.tif 3 3 0.9979767719891491 
ch00_p1-pl2-sample5-sperm11.tif 3 4 0.9319174058113084 
ch00_p1-pl2-sample5-sperm4.tif 3 4 0.9988718440371158 
ch00_p1-pl3-sample16-sperm11.tif 3 1 0.9979616492962505 
ch00_p1-pl3-sample17-sperm4.tif 3 3 0.9984925919929688 
ch00_p1-pl3-sample2-sperm13.tif 3 4 0.999062966907556 
ch00_p1-pl3-sample20-sperm9.tif 3 3 0.9968918417234703 
ch00_p1-pl3-sample21-sperm7.tif 3 3 0.9954289379403252 
ch00_p1-pl3-sample23-sperm15.tif 3 4 0.9612220727879685 
ch00_p1-pl3-sample5-sperm3.tif 3 4 0.9999997956148817 
ch00_p1-pl3-sample9-sperm6.tif 3 4 0.9898892222167476 
ch00_p1-pl3-sample9-sperm9.tif 3 3 0.9750987220373062 
ch00_p3-pl1-sample30-sperm1.tif 3 4 0.9217615944243303 
ch00_p3-pl1-sample31-sperm4.tif 3 4 0.4835743769776596 
ch00_p3-pl1-sample32-sperm1.tif 3 3 0.9701009032609759 
ch00_p4-pl1-sample11-sperm3.tif 3 3 0.9326619264836783 
ch00_p4-pl1-sample20-sperm4.tif 3 4 0.9737892701735354 
ch00_p4-pl1-sample5-sperm8.tif 3 4 0.6443493516145187 
ch00_p5-pl1-sample1-sperm4.tif 3 4 0.9977648714506049 
ch00_p1-pl2-sample10-sperm2.tif 4 4 0.9793393401150343 
ch00_p1-pl2-sample12-sperm1.tif 4 4 0.9999999249324887 
ch00_p1-pl2-sample12-sperm5.tif 4 4 0.9999997419379779 
ch00_p1-pl2-sample12-sperm7.tif 4 1 0.9945511507462577 
ch00_p1-pl2-sample12-sperm8.tif 4 4 0.9980214324022488 
ch00_p1-pl2-sample13-sperm1.tif 4 4 0.999999943002019 
ch00_p1-pl2-sample14-sperm14.tif 4 4 0.9978991538050692 
ch00_p1-pl2-sample14-sperm2.tif 4 0 0.7856284088330933 
ch00_p1-pl2-sample14-sperm8.tif 4 4 0.7868384781393796 
ch00_p1-pl2-sample17-sperm2.tif 4 1 0.9661880295972266 
ch00_p1-pl2-sample18-sperm6.tif 4 1 0.8465125882052049 
ch00_p1-pl2-sample18-sperm9.tif 4 4 0.9999970776982773 
ch00_p1-pl2-sample20-sperm2.tif 4 4 0.9999999563750314 
ch00_p1-pl2-sample21-sperm10.tif 4 4 0.9999999957385312 
ch00_p1-pl2-sample22-sperm11.tif 4 3 0.9458230364974548 
ch00_p1-pl2-sample23-sperm17.tif 4 4 0.9949819367637968 
ch00_p1-pl2-sample24-sperm10.tif 4 3 0.9234816147943087 
ch00_p1-pl2-sample24-sperm13.tif 4 4 0.8588774796967119 
ch00_p1-pl2-sample26-sperm7.tif 4 4 0.9999986641071094 
ch00_p1-pl2-sample27-sperm5.tif 4 4 0.9878379227326834 
ch00_p1-pl2-sample28-sperm10.tif 4 4 0.9907422765734636 
ch00_p1-pl2-sample28-sperm3.tif 4 4 0.9901581585876 
ch00_p1-pl2-sample28-sperm6.tif 4 4 0.9951246358964365 
ch00_p1-pl2-sample3-sperm14.tif 4 3 0.7410857532901908 
ch00_p1-pl2-sample30-sperm1.tif 4 1 0.9039297630626829 
ch00_p1-pl2-sample30-sperm6.tif 4 1 0.9863992593035978 
ch00_p1-pl2-sample31-sperm12.tif 4 4 0.9952432492657507 
ch00_p1-pl2-sample31-sperm3.tif 4 4 0.927891363560012 
ch00_p1-pl2-sample32-sperm5.tif 4 4 0.8210613537035026 
ch00_p1-pl2-sample33-sperm10.tif 4 4 0.9999996410869365 
ch00_p1-pl2-sample34-sperm3.tif 4 4 0.9999999459462253 
ch00_p1-pl2-sample34-sperm6.tif 4 1 0.46954327793501205 
ch00_p1-pl2-sample34-sperm8.tif 4 4 0.9405657892399708 
ch00_p1-pl2-sample35-sperm12.tif 4 4 0.5633815026403906 
ch00_p1-pl2-sample35-sperm9.tif 4 4 0.9635832044654015 
ch00_p1-pl2-sample4-sperm16.tif 4 1 0.8708719397452446 
ch00_p1-pl2-sample7-sperm5.tif 4 4 0.9999999870432204 
ch00_p1-pl2-sample9-sperm5.tif 4 4 0.99765780504751 
ch00_p1-pl3-sample1-sperm1.tif 4 1 0.998999670783374 
ch00_p1-pl3-sample1-sperm7.tif 4 4 0.9913969583391582 
ch00_p1-pl3-sample10-sperm1.tif 4 4 0.9999995231152895 
ch00_p1-pl3-sample10-sperm3.tif 4 4 0.9785186312033595 
ch00_p1-pl3-sample12-sperm4.tif 4 1 0.9995124802817111 
ch00_p1-pl3-sample12-sperm6.tif 4 3 0.7119179269498517 
ch00_p1-pl3-sample13-sperm5.tif 4 4 0.5258629664076466 
ch00_p1-pl3-sample14-sperm11.tif 4 3 0.9858907907914406 
ch00_p1-pl3-sample14-sperm6.tif 4 4 0.9984407405858784 
ch00_p1-pl3-sample15-sperm19.tif 4 4 0.8046604830677521 
ch00_p1-pl3-sample15-sperm20.tif 4 4 0.9981252156592635 
ch00_p1-pl3-sample15-sperm7.tif 4 4 0.9949528388159304 
ch00_p1-pl3-sample15-sperm8.tif 4 4 0.9278432422855234 
ch00_p1-pl3-sample16-sperm17.tif 4 4 0.9999995751340915 
ch00_p1-pl3-sample17-sperm11.tif 4 1 0.867926645534647 
ch00_p1-pl3-sample19-sperm1.tif 4 4 0.9675755647738012 
ch00_p1-pl3-sample2-sperm11.tif 4 4 0.9971128483354681 
ch00_p1-pl3-sample2-sperm4.tif 4 4 0.9697793935573272 
ch00_p1-pl3-sample20-sperm8.tif 4 4 0.9999999973898677 
ch00_p1-pl3-sample21-sperm11.tif 4 4 0.9947505547776954 
ch00_p1-pl3-sample21-sperm4.tif 4 1 0.9992029573304778 
ch00_p1-pl3-sample21-sperm9.tif 4 4 0.9974390248877179 
ch00_p1-pl3-sample22-sperm1.tif 4 4 0.9999999991616412 
ch00_p1-pl3-sample22-sperm3.tif 4 4 0.9999996080482041 
ch00_p1-pl3-sample23-sperm14.tif 4 1 0.999929122651977 
ch00_p1-pl3-sample24-sperm11.tif 4 4 0.9999996375947604 
ch00_p1-pl3-sample24-sperm13.tif 4 1 0.9955807449894304 
ch00_p1-pl3-sample24-sperm14.tif 4 2 0.8648596923163071 
ch00_p1-pl3-sample24-sperm22.tif 4 1 0.9913981201624751 
ch00_p1-pl3-sample24-sperm5.tif 4 4 0.9999994002438088 
ch00_p1-pl3-sample25-sperm1.tif 4 4 0.7796261653229868 
ch00_p1-pl3-sample25-sperm10.tif 4 4 0.6828278726239588 
ch00_p1-pl3-sample25-sperm11.tif 4 4 0.9980755535591715 
ch00_p1-pl3-sample25-sperm13.tif 4 1 0.9991801023560288 
ch00_p1-pl3-sample25-sperm4.tif 4 2 0.7814609384613979 
ch00_p1-pl3-sample25-sperm8.tif 4 3 0.5418676277662152 
ch00_p1-pl3-sample3-sperm4.tif 4 4 0.979005938660779 
ch00_p1-pl3-sample4-sperm8.tif 4 1 0.9980867193378264 
ch00_p1-pl3-sample4-sperm9.tif 4 2 0.9253533525214385 
ch00_p1-pl3-sample5-sperm4.tif 4 4 0.9999999817331513 
ch00_p1-pl3-sample6-sperm3.tif 4 1 0.8417865872044857 
ch00_p1-pl3-sample6-sperm5.tif 4 4 0.7554218094999741 
ch00_p1-pl3-sample6-sperm6.tif 4 3 0.4755543451315804 
ch00_p1-pl3-sample7-sperm14.tif 4 4 0.9879986108396983 
ch00_p1-pl3-sample7-sperm3.tif 4 4 0.9999999714007203 
ch00_p1-pl3-sample7-sperm7.tif 4 4 0.7711714207305634 
ch00_p1-pl3-sample8-sperm11.tif 4 1 0.9994034736791318 
ch00_p1-pl3-sample8-sperm6.tif 4 4 0.9999962361430659 
ch00_p1-pl3-sample9-sperm8.tif 4 1 0.5888468212794279 
ch00_p3-pl1-sample1-sperm4.tif 4 4 0.9979092749035309 
ch00_p3-pl1-sample11-sperm5.tif 4 4 0.879693238991276 
ch00_p3-pl1-sample12-sperm2.tif 4 4 0.9477402093193039 
ch00_p3-pl1-sample15-sperm4.tif 4 4 0.9910985552063114 
ch00_p3-pl1-sample15-sperm8.tif 4 4 0.9999999994523174 
ch00_p3-pl1-sample16-sperm3.tif 4 4 0.7174454490471113 
ch00_p3-pl1-sample16-sperm4.tif 4 4 0.9999999999971582 
ch00_p3-pl1-sample18-sperm2.tif 4 0 0.9994098965815629 
ch00_p3-pl1-sample19-sperm8.tif 4 4 0.9343035502400144 
ch00_p3-pl1-sample19-sperm9.tif 4 4 0.9935013153064394 
ch00_p3-pl1-sample23-sperm7.tif 4 4 0.9999999970666409 
ch00_p3-pl1-sample23-sperm9.tif 4 0 0.9999363142141323 
ch00_p3-pl1-sample25-sperm10.tif 4 1 0.9465063391103389 
ch00_p3-pl1-sample25-sperm5.tif 4 4 0.9999996186021501 
ch00_p3-pl1-sample25-sperm8.tif 4 4 0.9941159373672565 
ch00_p3-pl1-sample26-sperm1.tif 4 4 0.9999999405216549 
ch00_p3-pl1-sample29-sperm9.tif 4 4 0.9776395976015675 
ch00_p3-pl1-sample4-sperm1.tif 4 1 0.9623824283005157 
ch00_p3-pl1-sample4-sperm5.tif 4 4 0.9981138325659666 
ch00_p3-pl1-sample6-sperm4.tif 4 4 0.9999999961377805 
ch00_p3-pl1-sample8-sperm3.tif 4 4 0.952772161063347 
ch00_p4-pl1-sample1-sperm12.tif 4 1 0.5732330154375634 
ch00_p4-pl1-sample1-sperm6.tif 4 4 0.9805947223290007 
ch00_p4-pl1-sample1-sperm8.tif 4 4 0.9940639262067728 
ch00_p4-pl1-sample10-sperm12.tif 4 0 0.9918336349850749 
ch00_p4-pl1-sample10-sperm22.tif 4 1 0.908173495309593 
ch00_p4-pl1-sample11-sperm13.tif 4 4 0.9921919466232987 
ch00_p4-pl1-sample11-sperm4.tif 4 4 0.9743302850138164 
ch00_p4-pl1-sample12-sperm11.tif 4 4 0.9999983470178296 
ch00_p4-pl1-sample12-sperm3.tif 4 2 0.6720830365507173 
ch00_p4-pl1-sample12-sperm6.tif 4 4 0.998120452899562 
ch00_p4-pl1-sample14-sperm12.tif 4 4 0.9999993597575084 
ch00_p4-pl1-sample14-sperm4.tif 4 0 0.8684903118805718 
ch00_p4-pl1-sample14-sperm5.tif 4 4 0.8513279234267116 
ch00_p4-pl1-sample16-sperm15.tif 4 1 0.9940139351764488 
ch00_p4-pl1-sample17-sperm10.tif 4 4 0.9999984289828103 
ch00_p4-pl1-sample19-sperm6.tif 4 0 0.9224205903057917 
ch00_p4-pl1-sample2-sperm13.tif 4 4 0.9609562946594257 
ch00_p4-pl1-sample4-sperm14.tif 4 4 0.9999962173566814 
ch00_p4-pl1-sample5-sperm9.tif 4 4 0.9095840000629207 
ch00_p4-pl1-sample6-sperm11.tif 4 4 0.9970313240455252 
ch00_p4-pl1-sample6-sperm8.tif 4 4 0.8157058564694749 
ch00_p4-pl1-sample7-sperm10.tif 4 4 0.9949940199627171 
ch00_p4-pl1-sample7-sperm13.tif 4 4 0.9999999971789273 
ch00_p4-pl1-sample7-sperm2.tif 4 4 0.9884026545308123 
ch00_p4-pl1-sample7-sperm8.tif 4 4 0.9763831641844661 
ch00_p4-pl1-sample8-sperm1.tif 4 1 0.9716447936654631 
ch00_p4-pl1-sample8-sperm2.tif 4 0 0.9535575774604022 
ch00_p4-pl1-sample8-sperm8.tif 4 4 0.76399460693455 
ch00_p4-pl1-sample9-sperm11.tif 4 1 0.9903441143310986 
ch00_p4-pl1-sample9-sperm12.tif 4 4 0.9016877434381966 
ch00_p4-pl1-sample9-sperm4.tif 4 4 0.8366052237564925 
ch00_p4-pl1-sample9-sperm6.tif 4 1 0.7276516572325629 
ch00_p4-pl2-sample10-sperm1.tif 4 4 0.9810041997887861 
ch00_p4-pl2-sample10-sperm10.tif 4 4 0.9988269373168714 
ch00_p4-pl2-sample10-sperm11.tif 4 4 0.9999982913421993 
ch00_p4-pl2-sample10-sperm8.tif 4 4 0.9433629877254157 
ch00_p4-pl2-sample10-sperm9.tif 4 1 0.7609325388829637 
ch00_p4-pl2-sample11-sperm3.tif 4 4 0.9999996004351194 
ch00_p4-pl2-sample12-sperm11.tif 4 4 0.8825797743587763 
ch00_p4-pl2-sample12-sperm7.tif 4 4 0.9964087970890191 
ch00_p4-pl2-sample12-sperm9.tif 4 4 0.99768253120956 
ch00_p4-pl2-sample13-sperm10.tif 4 4 0.9999999444029744 
ch00_p4-pl2-sample13-sperm2.tif 4 0 0.5857377421421595 
ch00_p4-pl2-sample13-sperm9.tif 4 4 0.9743878893215808 
ch00_p4-pl2-sample14-sperm9.tif 4 4 0.9999987973501894 
ch00_p4-pl2-sample19-sperm1.tif 4 4 0.9999999987754569 
ch00_p4-pl2-sample19-sperm8.tif 4 4 0.9757059064484334 
ch00_p4-pl2-sample2-sperm3.tif 4 4 0.9999999601768819 
ch00_p4-pl2-sample2-sperm5.tif 4 4 0.9999999996829387 
ch00_p4-pl2-sample2-sperm7.tif 4 4 0.9999999229587521 
ch00_p4-pl2-sample20-sperm2.tif 4 4 0.9270402019483788 
ch00_p4-pl2-sample20-sperm4.tif 4 2 0.8893432217633604 
ch00_p4-pl2-sample3-sperm3.tif 4 4 0.9999986052187176 
ch00_p4-pl2-sample3-sperm5.tif 4 4 0.9999999433581351 
ch00_p4-pl2-sample3-sperm6.tif 4 4 0.9983353717663339 
ch00_p4-pl2-sample3-sperm7.tif 4 0 0.6142184147039311 
ch00_p4-pl2-sample4-sperm4.tif 4 4 0.9975072997505866 
ch00_p4-pl2-sample5-sperm4.tif 4 3 0.5404994032256318 
ch00_p4-pl2-sample6-sperm3.tif 4 4 0.999999929087172 
ch00_p4-pl2-sample7-sperm4.tif 4 4 0.9999999936348777 
ch00_p4-pl2-sample7-sperm5.tif 4 4 0.9746938986921487 
ch00_p4-pl2-sample7-sperm6.tif 4 4 0.9799656971281103 
ch00_p4-pl2-sample7-sperm7.tif 4 1 0.978753583696573 
ch00_p4-pl2-sample7-sperm8.tif 4 4 0.9999999792233748 
ch00_p4-pl2-sample8-sperm9.tif 4 3 0.9231575132676054 
ch00_p4-pl2-sample9-sperm7.tif 4 1 0.6546232572354146 
ch00_p5-pl1-sample1-sperm12.tif 4 4 0.9571218194147673 
ch00_p5-pl1-sample10-sperm6.tif 4 4 0.9999998504830035 
ch00_p5-pl1-sample10-sperm7.tif 4 4 0.8391302023851968 
ch00_p5-pl1-sample12-sperm13.tif 4 4 0.9958994180834309 
ch00_p5-pl1-sample12-sperm16.tif 4 4 0.7581384686854806 
ch00_p5-pl1-sample12-sperm7.tif 4 0 0.9933563614955484 
ch00_p5-pl1-sample17-sperm13.tif 4 4 0.9952857479781462 
ch00_p5-pl1-sample17-sperm2.tif 4 4 0.9890240033598112 
ch00_p5-pl1-sample17-sperm3.tif 4 4 0.7333094114817721 
ch00_p5-pl1-sample19-sperm2.tif 4 4 0.6749598071906899 
ch00_p5-pl1-sample2-sperm13.tif 4 4 0.999999706686231 
ch00_p5-pl1-sample20-sperm12.tif 4 4 0.9999999912368248 
ch00_p5-pl1-sample20-sperm13.tif 4 4 0.999999976027488 
ch00_p5-pl1-sample20-sperm2.tif 4 4 0.9999999634434668 
ch00_p5-pl1-sample20-sperm5.tif 4 4 0.9987616453993361 
ch00_p5-pl1-sample20-sperm6.tif 4 1 0.7995329395158035 
ch00_p5-pl1-sample20-sperm7.tif 4 4 0.9434830856478629 
ch00_p5-pl1-sample3-sperm7.tif 4 1 0.9917235625474624 
ch00_p5-pl1-sample4-sperm8.tif 4 4 0.9999996995500587 
ch00_p5-pl1-sample5-sperm10.tif 4 4 0.9991673860166962 
ch00_p5-pl1-sample9-sperm1.tif 4 4 0.9917450572643471 
ch00_p5-pl1-sample9-sperm3.tif 4 4 0.9684248572162358 
