ch00_p1-pl2-sample1-sperm3.tif 0 0 0.9653870796056657 
ch00_p1-pl2-sample10-sperm4.tif 0 0 0.992110385648694 
ch00_p1-pl2-sample12-sperm13.tif 0 4 0.8816059273643132 
ch00_p1-pl2-sample22-sperm5.tif 0 0 0.8224572641884623 
ch00_p1-pl2-sample25-sperm4.tif 0 4 0.911181592764966 
ch00_p1-pl2-sample3-sperm7.tif 0 4 0.833156897936654 
ch00_p1-pl2-sample30-sperm2.tif 0 0 0.5747716183865063 
ch00_p1-pl2-sample34-sperm9.tif 0 0 0.996479889618673 
ch00_p1-pl2-sample4-sperm20.tif 0 4 0.8453093153109943 
ch00_p1-pl2-sample5-sperm3.tif 0 0 0.9292947712212594 
ch00_p1-pl2-sample8-sperm6.tif 0 0 0.986948936783226 
ch00_p1-pl2-sample9-sperm9.tif 0 0 0.9611624929321811 
ch00_p1-pl3-sample15-sperm13.tif 0 4 0.43047090114199393 
ch00_p1-pl3-sample17-sperm5.tif 0 4 0.5802996137342332 
ch00_p1-pl3-sample2-sperm3.tif 0 0 0.5133189112063142 
ch00_p1-pl3-sample24-sperm4.tif 0 4 0.836186231261903 
ch00_p1-pl3-sample6-sperm11.tif 0 4 0.8792186005056235 
ch00_p3-pl1-sample21-sperm2.tif 0 0 0.9983257367188791 
ch00_p4-pl1-sample1-sperm3.tif 0 4 0.9364876842630012 
ch00_p4-pl1-sample14-sperm1.tif 0 4 0.947350540192858 
ch00_p4-pl1-sample15-sperm6.tif 0 0 0.8899700110581511 
ch00_p4-pl1-sample17-sperm9.tif 0 4 0.6028418958084832 
ch00_p4-pl1-sample19-sperm1.tif 0 0 0.9629520986754494 
ch00_p4-pl1-sample2-sperm4.tif 0 3 0.8532301475933731 
ch00_p4-pl1-sample20-sperm7.tif 0 0 0.6487083105620042 
ch00_p4-pl1-sample6-sperm10.tif 0 0 0.9875914644131736 
ch00_p4-pl2-sample14-sperm7.tif 0 4 0.5778743815973405 
ch00_p5-pl1-sample2-sperm9.tif 0 4 0.5887865423307412 
ch00_p5-pl1-sample5-sperm12.tif 0 4 0.7735548769327869 
ch00_p5-pl1-sample7-sperm9.tif 0 0 0.6700688267475637 
ch00_p1-pl2-sample10-sperm3.tif 1 1 0.9564231895121831 
ch00_p1-pl2-sample11-sperm10.tif 1 1 0.8560855638423113 
ch00_p1-pl2-sample11-sperm12.tif 1 1 0.897323476964202 
ch00_p1-pl2-sample12-sperm4.tif 1 4 0.5680006567501501 
ch00_p1-pl2-sample13-sperm18.tif 1 1 0.9224858037730812 
ch00_p1-pl2-sample14-sperm13.tif 1 1 0.7684366682531586 
ch00_p1-pl2-sample17-sperm5.tif 1 1 0.6623263111003177 
ch00_p1-pl2-sample19-sperm11.tif 1 1 0.8950228935000857 
ch00_p1-pl2-sample19-sperm14.tif 1 2 0.9750584109803009 
ch00_p1-pl2-sample2-sperm3.tif 1 3 0.7919296695622653 
ch00_p1-pl2-sample22-sperm1.tif 1 1 0.9872232447249788 
ch00_p1-pl2-sample23-sperm10.tif 1 4 0.7550361740250087 
ch00_p1-pl2-sample23-sperm14.tif 1 2 0.8953803249021335 
ch00_p1-pl2-sample25-sperm5.tif 1 1 0.8018603136487525 
ch00_p1-pl2-sample3-sperm17.tif 1 1 0.7042807445490994 
ch00_p1-pl2-sample3-sperm3.tif 1 1 0.9773183681255921 
ch00_p1-pl2-sample30-sperm7.tif 1 1 0.8768578227394881 
ch00_p1-pl2-sample32-sperm7.tif 1 4 0.4711369046440815 
ch00_p1-pl2-sample35-sperm7.tif 1 2 0.5985824977188724 
ch00_p1-pl2-sample4-sperm17.tif 1 1 0.6349934571676028 
ch00_p1-pl2-sample4-sperm8.tif 1 4 0.9741951225184311 
ch00_p1-pl2-sample6-sperm7.tif 1 4 0.845704576829901 
ch00_p1-pl2-sample7-sperm2.tif 1 4 0.4762557073001434 
ch00_p1-pl2-sample9-sperm11.tif 1 1 0.9815094984704553 
ch00_p1-pl2-sample9-sperm12.tif 1 2 0.9004628258653934 
ch00_p1-pl3-sample1-sperm10.tif 1 4 0.9002267670154138 
ch00_p1-pl3-sample10-sperm4.tif 1 4 0.6822524189167319 
ch00_p1-pl3-sample10-sperm6.tif 1 1 0.9923305548228525 
ch00_p1-pl3-sample11-sperm10.tif 1 4 0.5132893543805728 
ch00_p1-pl3-sample12-sperm2.tif 1 4 0.8191784490842391 
ch00_p1-pl3-sample12-sperm5.tif 1 1 0.8572379633208614 
ch00_p1-pl3-sample12-sperm7.tif 1 2 0.494881786963748 
ch00_p1-pl3-sample15-sperm21.tif 1 2 0.711822687080932 
ch00_p1-pl3-sample15-sperm6.tif 1 4 0.6539513160867026 
ch00_p1-pl3-sample18-sperm4.tif 1 1 0.4565275011381487 
ch00_p1-pl3-sample19-sperm4.tif 1 0 0.8596225983827961 
ch00_p1-pl3-sample20-sperm3.tif 1 2 0.4931232732852357 
ch00_p1-pl3-sample24-sperm2.tif 1 4 0.9065573382744619 
ch00_p1-pl3-sample7-sperm10.tif 1 1 0.7842282020399721 
ch00_p1-pl3-sample9-sperm13.tif 1 2 0.7712248523734099 
ch00_p3-pl1-sample11-sperm2.tif 1 4 0.8395848827393454 
ch00_p3-pl1-sample14-sperm2.tif 1 1 0.8867719845475338 
ch00_p3-pl1-sample17-sperm3.tif 1 4 0.7009089338275298 
ch00_p3-pl1-sample18-sperm1.tif 1 1 0.9424942996380207 
ch00_p3-pl1-sample18-sperm3.tif 1 1 0.9644814881171725 
ch00_p3-pl1-sample19-sperm7.tif 1 1 0.6685094324286454 
ch00_p3-pl1-sample22-sperm2.tif 1 4 0.8487414307794272 
ch00_p3-pl1-sample23-sperm11.tif 1 1 0.6249834520365745 
ch00_p3-pl1-sample27-sperm2.tif 1 1 0.8699926405709333 
ch00_p3-pl1-sample5-sperm6.tif 1 1 0.970770085191476 
ch00_p4-pl1-sample12-sperm5.tif 1 4 0.9731151084954712 
ch00_p4-pl1-sample17-sperm3.tif 1 4 0.596320978092921 
ch00_p4-pl1-sample19-sperm3.tif 1 1 0.5957446981216901 
ch00_p4-pl1-sample20-sperm13.tif 1 1 0.6966115544538262 
ch00_p4-pl1-sample7-sperm16.tif 1 4 0.9632398677501521 
ch00_p4-pl1-sample8-sperm14.tif 1 4 0.5433554837379745 
ch00_p4-pl1-sample9-sperm13.tif 1 1 0.8749387643820211 
ch00_p4-pl2-sample1-sperm6.tif 1 1 0.8681387657101697 
ch00_p4-pl2-sample5-sperm7.tif 1 1 0.8561180832147627 
ch00_p5-pl1-sample16-sperm7.tif 1 4 0.8343137921197142 
ch00_p5-pl1-sample17-sperm15.tif 1 1 0.9849006698502302 
ch00_p5-pl1-sample18-sperm11.tif 1 4 0.8259022905528884 
ch00_p5-pl1-sample2-sperm2.tif 1 1 0.910739500218156 
ch00_p5-pl1-sample20-sperm11.tif 1 1 0.9724887032102316 
ch00_p5-pl1-sample20-sperm9.tif 1 1 0.9364969323913961 
ch00_p5-pl1-sample5-sperm20.tif 1 1 0.5095977919575567 
ch00_p5-pl1-sample7-sperm6.tif 1 4 0.90105064833075 
ch00_p5-pl1-sample7-sperm7.tif 1 1 0.9645889768735979 
ch00_p1-pl2-sample10-sperm13.tif 2 4 0.9143157020123123 
ch00_p1-pl2-sample17-sperm12.tif 2 4 0.8703051853507382 
ch00_p1-pl2-sample2-sperm6.tif 2 1 0.5250004582516554 
ch00_p1-pl2-sample20-sperm14.tif 2 4 0.907772447965396 
ch00_p1-pl2-sample23-sperm9.tif 2 4 0.9329775561740958 
ch00_p1-pl2-sample31-sperm10.tif 2 4 0.9223554566856864 
ch00_p1-pl2-sample33-sperm13.tif 2 0 0.41905884950572686 
ch00_p1-pl2-sample34-sperm5.tif 2 2 0.9645469748368909 
ch00_p1-pl2-sample35-sperm6.tif 2 2 0.454736896278227 
ch00_p1-pl3-sample1-sperm15.tif 2 4 0.5062119816726109 
ch00_p1-pl3-sample1-sperm9.tif 2 2 0.8486249333207263 
ch00_p1-pl3-sample11-sperm7.tif 2 4 0.9513722111033556 
ch00_p1-pl3-sample12-sperm11.tif 2 2 0.9852858371749861 
ch00_p1-pl3-sample21-sperm10.tif 2 2 0.8783249084302901 
ch00_p1-pl3-sample6-sperm17.tif 2 2 0.9119508655285947 
ch00_p1-pl3-sample6-sperm2.tif 2 4 0.8662044712566203 
ch00_p1-pl3-sample9-sperm4.tif 2 2 0.8348460925144013 
ch00_p4-pl1-sample14-sperm10.tif 2 4 0.5422698964066976 
ch00_p4-pl1-sample19-sperm4.tif 2 1 0.43346899083991475 
ch00_p4-pl1-sample3-sperm10.tif 2 2 0.9586198940314785 
ch00_p4-pl1-sample3-sperm7.tif 2 4 0.8420525806442108 
ch00_p4-pl2-sample4-sperm11.tif 2 2 0.9597090233776173 
ch00_p1-pl2-sample11-sperm3.tif 3 4 0.6231411190530347 
ch00_p1-pl2-sample18-sperm8.tif 3 3 0.9149019203633814 
ch00_p1-pl2-sample21-sperm7.tif 3 1 0.9303807343139026 
ch00_p1-pl2-sample25-sperm9.tif 3 0 0.8046876820674719 
ch00_p1-pl2-sample27-sperm1.tif 3 0 0.8597758967266571 
ch00_p1-pl2-sample28-sperm2.tif 3 3 0.8726606134280597 
ch00_p1-pl2-sample5-sperm11.tif 3 3 0.7021123086976236 
ch00_p1-pl2-sample5-sperm4.tif 3 3 0.48926536569135615 
ch00_p1-pl3-sample12-sperm9.tif 3 4 0.8044197825260959 
ch00_p1-pl3-sample13-sperm12.tif 3 4 0.6963146472502351 
ch00_p1-pl3-sample15-sperm11.tif 3 0 0.7691770324987499 
ch00_p1-pl3-sample20-sperm9.tif 3 0 0.6834001682313133 
ch00_p1-pl3-sample23-sperm13.tif 3 3 0.8960751706970378 
ch00_p1-pl3-sample23-sperm16.tif 3 4 0.880273439672653 
ch00_p1-pl3-sample23-sperm7.tif 3 0 0.7147520240517922 
ch00_p1-pl3-sample9-sperm6.tif 3 3 0.9557590184724432 
ch00_p3-pl1-sample14-sperm6.tif 3 4 0.8340871924135891 
ch00_p3-pl1-sample28-sperm2.tif 3 4 0.7655638382180995 
ch00_p3-pl1-sample30-sperm1.tif 3 0 0.5893442231584819 
ch00_p4-pl1-sample6-sperm12.tif 3 3 0.9494444383185774 
ch00_p4-pl2-sample12-sperm8.tif 3 1 0.5008561133360376 
ch00_p1-pl2-sample1-sperm2.tif 4 4 0.9471403197020868 
ch00_p1-pl2-sample10-sperm12.tif 4 0 0.7590934184353434 
ch00_p1-pl2-sample10-sperm14.tif 4 0 0.9062483238379156 
ch00_p1-pl2-sample10-sperm2.tif 4 4 0.5503370343637437 
ch00_p1-pl2-sample10-sperm8.tif 4 4 0.9474474568561895 
ch00_p1-pl2-sample12-sperm11.tif 4 4 0.6371093820112187 
ch00_p1-pl2-sample12-sperm12.tif 4 4 0.9538636518613249 
ch00_p1-pl2-sample12-sperm5.tif 4 4 0.962180401297408 
ch00_p1-pl2-sample12-sperm7.tif 4 2 0.7424054847570138 
ch00_p1-pl2-sample13-sperm16.tif 4 4 0.9090162763614257 
ch00_p1-pl2-sample14-sperm14.tif 4 4 0.9220581712545456 
ch00_p1-pl2-sample14-sperm2.tif 4 4 0.6338046212096428 
ch00_p1-pl2-sample14-sperm3.tif 4 4 0.910283512357462 
ch00_p1-pl2-sample14-sperm4.tif 4 4 0.9126468815716025 
ch00_p1-pl2-sample14-sperm8.tif 4 4 0.4936651536547653 
ch00_p1-pl2-sample15-sperm5.tif 4 4 0.9277616784770102 
ch00_p1-pl2-sample18-sperm6.tif 4 4 0.9299294553107131 
ch00_p1-pl2-sample18-sperm9.tif 4 0 0.58875668699062 
ch00_p1-pl2-sample2-sperm8.tif 4 4 0.9795066465818005 
ch00_p1-pl2-sample22-sperm11.tif 4 3 0.8184421172139127 
ch00_p1-pl2-sample24-sperm13.tif 4 4 0.6010617848975702 
ch00_p1-pl2-sample27-sperm8.tif 4 4 0.6294336873312963 
ch00_p1-pl2-sample28-sperm1.tif 4 4 0.7137699683576869 
ch00_p1-pl2-sample28-sperm3.tif 4 4 0.5734946294157199 
ch00_p1-pl2-sample28-sperm4.tif 4 3 0.9454376165234405 
ch00_p1-pl2-sample3-sperm13.tif 4 4 0.828659764599246 
ch00_p1-pl2-sample3-sperm14.tif 4 4 0.9502543793135879 
ch00_p1-pl2-sample30-sperm6.tif 4 4 0.6273222848646596 
ch00_p1-pl2-sample31-sperm11.tif 4 0 0.6382800059181385 
ch00_p1-pl2-sample33-sperm4.tif 4 4 0.8287685603480223 
ch00_p1-pl2-sample34-sperm11.tif 4 4 0.5885806122171637 
ch00_p1-pl2-sample34-sperm3.tif 4 4 0.7245621340695009 
ch00_p1-pl2-sample34-sperm6.tif 4 1 0.9176400169872586 
ch00_p1-pl2-sample34-sperm8.tif 4 4 0.8768946430972324 
ch00_p1-pl2-sample35-sperm12.tif 4 3 0.5689609591822066 
ch00_p1-pl2-sample35-sperm5.tif 4 1 0.5412871060775143 
ch00_p1-pl2-sample4-sperm4.tif 4 2 0.7389075436627953 
ch00_p1-pl2-sample7-sperm13.tif 4 1 0.6049930918522529 
ch00_p1-pl2-sample8-sperm5.tif 4 4 0.9282511554169662 
ch00_p1-pl2-sample9-sperm18.tif 4 4 0.9320717243925615 
ch00_p1-pl2-sample9-sperm5.tif 4 1 0.9866283770851093 
ch00_p1-pl3-sample1-sperm4.tif 4 4 0.6027691642248554 
ch00_p1-pl3-sample12-sperm10.tif 4 1 0.8656924292287558 
ch00_p1-pl3-sample12-sperm4.tif 4 1 0.9142086888554681 
ch00_p1-pl3-sample12-sperm8.tif 4 4 0.7436887116706185 
ch00_p1-pl3-sample13-sperm8.tif 4 4 0.6048808836220301 
ch00_p1-pl3-sample14-sperm1.tif 4 4 0.8147510173941882 
ch00_p1-pl3-sample14-sperm13.tif 4 0 0.9333422213759128 
ch00_p1-pl3-sample14-sperm15.tif 4 4 0.7087264701138833 
ch00_p1-pl3-sample15-sperm2.tif 4 0 0.6137843405911683 
ch00_p1-pl3-sample15-sperm3.tif 4 1 0.5089766320739881 
ch00_p1-pl3-sample16-sperm8.tif 4 4 0.7407159643676041 
ch00_p1-pl3-sample17-sperm11.tif 4 4 0.9049835182916672 
ch00_p1-pl3-sample17-sperm2.tif 4 4 0.8784300047847212 
ch00_p1-pl3-sample19-sperm1.tif 4 4 0.5520509295228061 
ch00_p1-pl3-sample19-sperm3.tif 4 4 0.7907329512737515 
ch00_p1-pl3-sample2-sperm10.tif 4 0 0.575927407081067 
ch00_p1-pl3-sample2-sperm11.tif 4 4 0.8423560305384766 
ch00_p1-pl3-sample21-sperm1.tif 4 4 0.6888557457413511 
ch00_p1-pl3-sample22-sperm1.tif 4 1 0.97447543338944 
ch00_p1-pl3-sample22-sperm6.tif 4 4 0.8437490048674997 
ch00_p1-pl3-sample22-sperm7.tif 4 4 0.8730456279740524 
ch00_p1-pl3-sample22-sperm9.tif 4 4 0.8378939784941007 
ch00_p1-pl3-sample23-sperm2.tif 4 1 0.9158857093210853 
ch00_p1-pl3-sample23-sperm6.tif 4 1 0.9670445067834825 
ch00_p1-pl3-sample24-sperm20.tif 4 4 0.6196634667757209 
ch00_p1-pl3-sample25-sperm2.tif 4 4 0.7841605468657555 
ch00_p1-pl3-sample3-sperm1.tif 4 1 0.8263542196429365 
ch00_p1-pl3-sample3-sperm2.tif 4 3 0.9806893513096885 
ch00_p1-pl3-sample3-sperm4.tif 4 4 0.6957611161886734 
ch00_p1-pl3-sample4-sperm3.tif 4 3 0.8656830071896978 
ch00_p1-pl3-sample4-sperm8.tif 4 4 0.6677210092310039 
ch00_p1-pl3-sample7-sperm3.tif 4 4 0.9654294364026611 
ch00_p1-pl3-sample8-sperm17.tif 4 0 0.4608616550989441 
ch00_p1-pl3-sample8-sperm6.tif 4 4 0.5858329173522637 
ch00_p3-pl1-sample1-sperm5.tif 4 4 0.697039086033821 
ch00_p3-pl1-sample11-sperm1.tif 4 4 0.8593840845346364 
ch00_p3-pl1-sample11-sperm6.tif 4 3 0.7296775021628946 
ch00_p3-pl1-sample12-sperm6.tif 4 1 0.8137955667306647 
ch00_p3-pl1-sample12-sperm7.tif 4 4 0.9732074963783209 
ch00_p3-pl1-sample13-sperm6.tif 4 4 0.9151314965342611 
ch00_p3-pl1-sample15-sperm8.tif 4 4 0.9400779090586566 
ch00_p3-pl1-sample16-sperm3.tif 4 3 0.9381765114094868 
ch00_p3-pl1-sample16-sperm5.tif 4 0 0.7773414732304995 
ch00_p3-pl1-sample19-sperm8.tif 4 4 0.8734863340596992 
ch00_p3-pl1-sample2-sperm6.tif 4 4 0.8206862626415229 
ch00_p3-pl1-sample20-sperm1.tif 4 1 0.8238311008561042 
ch00_p3-pl1-sample21-sperm8.tif 4 3 0.9796335639081885 
ch00_p3-pl1-sample24-sperm2.tif 4 4 0.775289095872725 
ch00_p3-pl1-sample25-sperm2.tif 4 4 0.7469571079242782 
ch00_p3-pl1-sample26-sperm1.tif 4 4 0.9210939265912311 
ch00_p3-pl1-sample26-sperm3.tif 4 4 0.864531269938382 
ch00_p3-pl1-sample26-sperm7.tif 4 4 0.550194832680422 
ch00_p3-pl1-sample29-sperm8.tif 4 4 0.7968902931077679 
ch00_p3-pl1-sample30-sperm4.tif 4 4 0.87149862311627 
ch00_p3-pl1-sample30-sperm5.tif 4 4 0.9488728459756263 
ch00_p3-pl1-sample31-sperm2.tif 4 1 0.9870121418764907 
ch00_p3-pl1-sample4-sperm5.tif 4 4 0.8933048952641904 
ch00_p3-pl1-sample7-sperm1.tif 4 4 0.8015692267361632 
ch00_p3-pl1-sample7-sperm13.tif 4 0 0.9986938877066334 
ch00_p3-pl1-sample7-sperm6.tif 4 2 0.9374452598316465 
ch00_p3-pl1-sample7-sperm8.tif 4 4 0.8447225767349716 
ch00_p3-pl1-sample9-sperm9.tif 4 1 0.9506729118170989 
ch00_p4-pl1-sample1-sperm8.tif 4 4 0.9260015861457479 
ch00_p4-pl1-sample1-sperm9.tif 4 2 0.7767607659763942 
ch00_p4-pl1-sample10-sperm12.tif 4 3 0.9257161858557401 
ch00_p4-pl1-sample10-sperm21.tif 4 1 0.4371079234243279 
ch00_p4-pl1-sample10-sperm6.tif 4 3 0.7206471423935941 
ch00_p4-pl1-sample11-sperm13.tif 4 4 0.8864132215432982 
ch00_p4-pl1-sample11-sperm8.tif 4 0 0.9874682685009202 
ch00_p4-pl1-sample12-sperm8.tif 4 4 0.6429451445384456 
ch00_p4-pl1-sample12-sperm9.tif 4 4 0.922681921726217 
ch00_p4-pl1-sample13-sperm3.tif 4 4 0.7495802952545946 
ch00_p4-pl1-sample13-sperm8.tif 4 1 0.8029840917933032 
ch00_p4-pl1-sample14-sperm13.tif 4 0 0.9061554493612989 
ch00_p4-pl1-sample14-sperm3.tif 4 4 0.4903678227797521 
ch00_p4-pl1-sample16-sperm10.tif 4 2 0.6615120274834847 
ch00_p4-pl1-sample16-sperm17.tif 4 4 0.9701539356491604 
ch00_p4-pl1-sample16-sperm3.tif 4 1 0.9475387827925541 
ch00_p4-pl1-sample18-sperm1.tif 4 0 0.5078662764493861 
ch00_p4-pl1-sample18-sperm5.tif 4 4 0.9573326687968903 
ch00_p4-pl1-sample18-sperm6.tif 4 4 0.9688244580993279 
ch00_p4-pl1-sample19-sperm9.tif 4 4 0.6381856835705771 
ch00_p4-pl1-sample2-sperm1.tif 4 4 0.6797583451899963 
ch00_p4-pl1-sample2-sperm9.tif 4 1 0.8727113930815098 
ch00_p4-pl1-sample3-sperm11.tif 4 2 0.8536310441247758 
ch00_p4-pl1-sample4-sperm10.tif 4 4 0.8276597069789146 
ch00_p4-pl1-sample4-sperm12.tif 4 2 0.7341737329662724 
ch00_p4-pl1-sample4-sperm14.tif 4 4 0.9216496760118197 
ch00_p4-pl1-sample4-sperm9.tif 4 0 0.3857270574053181 
ch00_p4-pl1-sample5-sperm1.tif 4 3 0.6288824132311766 
ch00_p4-pl1-sample5-sperm2.tif 4 2 0.5305406077532728 
ch00_p4-pl1-sample5-sperm9.tif 4 4 0.8970289197602993 
ch00_p4-pl1-sample6-sperm3.tif 4 3 0.802000694643118 
ch00_p4-pl1-sample7-sperm13.tif 4 3 0.972468877926349 
ch00_p4-pl1-sample7-sperm17.tif 4 0 0.48952174155657485 
ch00_p4-pl1-sample7-sperm4.tif 4 0 0.9897133541431407 
ch00_p4-pl1-sample8-sperm2.tif 4 4 0.5282517776334081 
ch00_p4-pl1-sample8-sperm8.tif 4 1 0.7024719855251661 
ch00_p4-pl1-sample8-sperm9.tif 4 4 0.9666242565845724 
ch00_p4-pl1-sample9-sperm15.tif 4 0 0.3487490477279192 
ch00_p4-pl1-sample9-sperm17.tif 4 2 0.9570698829178816 
ch00_p4-pl1-sample9-sperm6.tif 4 4 0.6376917595615461 
ch00_p4-pl1-sample9-sperm9.tif 4 1 0.6894329931867803 
ch00_p4-pl2-sample1-sperm7.tif 4 4 0.7804421965247402 
ch00_p4-pl2-sample12-sperm9.tif 4 4 0.898902218003398 
ch00_p4-pl2-sample13-sperm2.tif 4 0 0.8288034426949056 
ch00_p4-pl2-sample13-sperm7.tif 4 0 0.46154527667944023 
ch00_p4-pl2-sample15-sperm6.tif 4 4 0.9011426407622566 
ch00_p4-pl2-sample16-sperm4.tif 4 4 0.47269929160911617 
ch00_p4-pl2-sample16-sperm8.tif 4 1 0.5854259512462214 
ch00_p4-pl2-sample17-sperm4.tif 4 1 0.783886070108495 
ch00_p4-pl2-sample18-sperm2.tif 4 1 0.8583000092547549 
ch00_p4-pl2-sample19-sperm8.tif 4 4 0.8927154575013648 
ch00_p4-pl2-sample2-sperm10.tif 4 0 0.6560371201213326 
ch00_p4-pl2-sample2-sperm6.tif 4 3 0.8031626285252439 
ch00_p4-pl2-sample20-sperm2.tif 4 4 0.9632750422350479 
ch00_p4-pl2-sample20-sperm5.tif 4 0 0.5876001405412652 
ch00_p4-pl2-sample20-sperm6.tif 4 4 0.7421241842004442 
ch00_p4-pl2-sample3-sperm2.tif 4 1 0.9026030238055259 
ch00_p4-pl2-sample3-sperm3.tif 4 4 0.89031272341059 
ch00_p4-pl2-sample3-sperm5.tif 4 4 0.93970888536919 
ch00_p4-pl2-sample4-sperm2.tif 4 1 0.5793599740614532 
ch00_p4-pl2-sample4-sperm7.tif 4 4 0.9726026447140562 
ch00_p4-pl2-sample5-sperm4.tif 4 4 0.9169817252893291 
ch00_p4-pl2-sample6-sperm2.tif 4 4 0.4234714391653154 
ch00_p4-pl2-sample6-sperm3.tif 4 4 0.8908776321206519 
ch00_p4-pl2-sample7-sperm3.tif 4 0 0.7177886741325926 
ch00_p4-pl2-sample7-sperm4.tif 4 4 0.9502085397507006 
ch00_p4-pl2-sample7-sperm7.tif 4 4 0.867526337194182 
ch00_p4-pl2-sample8-sperm9.tif 4 3 0.9611676011904158 
ch00_p5-pl1-sample1-sperm13.tif 4 4 0.9184337222338067 
ch00_p5-pl1-sample10-sperm18.tif 4 3 0.9585540573117747 
ch00_p5-pl1-sample10-sperm4.tif 4 3 0.5636739260253121 
ch00_p5-pl1-sample10-sperm6.tif 4 1 0.7941073697750483 
ch00_p5-pl1-sample10-sperm7.tif 4 4 0.5398128477080891 
ch00_p5-pl1-sample11-sperm4.tif 4 1 0.8542592044686778 
ch00_p5-pl1-sample12-sperm13.tif 4 4 0.8679604219709756 
ch00_p5-pl1-sample12-sperm6.tif 4 1 0.8986806847527016 
ch00_p5-pl1-sample13-sperm5.tif 4 4 0.41215740755844776 
ch00_p5-pl1-sample14-sperm6.tif 4 3 0.5274195527966544 
ch00_p5-pl1-sample15-sperm4.tif 4 3 0.7096504369643426 
ch00_p5-pl1-sample17-sperm13.tif 4 4 0.7581921671023945 
ch00_p5-pl1-sample17-sperm2.tif 4 4 0.6079835391975918 
ch00_p5-pl1-sample17-sperm3.tif 4 1 0.5450231339998063 
ch00_p5-pl1-sample19-sperm2.tif 4 1 0.5415933055922529 
ch00_p5-pl1-sample2-sperm10.tif 4 4 0.5889633730794968 
ch00_p5-pl1-sample2-sperm11.tif 4 4 0.6519555092445011 
ch00_p5-pl1-sample2-sperm6.tif 4 4 0.8523766269401455 
ch00_p5-pl1-sample20-sperm13.tif 4 4 0.8746425240832003 
ch00_p5-pl1-sample4-sperm10.tif 4 3 0.9221924133618441 
ch00_p5-pl1-sample4-sperm2.tif 4 3 0.9122726260239998 
ch00_p5-pl1-sample4-sperm3.tif 4 4 0.8987437244762326 
ch00_p5-pl1-sample5-sperm9.tif 4 3 0.6064498705756564 
ch00_p5-pl1-sample7-sperm5.tif 4 3 0.7645403351365063 
ch00_p5-pl1-sample9-sperm3.tif 4 1 0.6473644939254484 
