ch00_p1-pl2-sample1-sperm3.tif 0 0 0.9999997346039596 
ch00_p1-pl2-sample10-sperm4.tif 0 0 0.9680804742787035 
ch00_p1-pl2-sample12-sperm13.tif 0 4 0.9949228635387876 
ch00_p1-pl2-sample22-sperm5.tif 0 0 0.8628659728108518 
ch00_p1-pl2-sample25-sperm4.tif 0 0 0.7654375616921842 
ch00_p1-pl2-sample3-sperm7.tif 0 0 0.6071529358692682 
ch00_p1-pl2-sample30-sperm2.tif 0 0 0.9845805407212136 
ch00_p1-pl2-sample34-sperm9.tif 0 4 0.8884289630060498 
ch00_p1-pl2-sample4-sperm20.tif 0 4 0.9944083351532679 
ch00_p1-pl2-sample5-sperm3.tif 0 4 0.9723130809049333 
ch00_p1-pl2-sample8-sperm6.tif 0 0 0.9999892127313097 
ch00_p1-pl2-sample9-sperm9.tif 0 3 0.7226797422905973 
ch00_p1-pl3-sample15-sperm13.tif 0 4 0.9629133522906105 
ch00_p1-pl3-sample17-sperm5.tif 0 4 0.8575592815702194 
ch00_p1-pl3-sample2-sperm3.tif 0 4 0.9969545179746714 
ch00_p1-pl3-sample24-sperm4.tif 0 4 0.9368673470533639 
ch00_p1-pl3-sample6-sperm11.tif 0 0 0.824163805689961 
ch00_p3-pl1-sample21-sperm2.tif 0 0 0.9999652244424095 
ch00_p4-pl1-sample1-sperm3.tif 0 4 0.9845275427857233 
ch00_p4-pl1-sample14-sperm1.tif 0 4 0.8697941464957069 
ch00_p4-pl1-sample15-sperm6.tif 0 0 0.9455299303483496 
ch00_p4-pl1-sample17-sperm9.tif 0 4 0.986485597297018 
ch00_p4-pl1-sample19-sperm1.tif 0 4 0.9863793790210124 
ch00_p4-pl1-sample2-sperm4.tif 0 4 0.9914951997362759 
ch00_p4-pl1-sample20-sperm7.tif 0 4 0.9912388442959253 
ch00_p4-pl1-sample6-sperm10.tif 0 4 0.9921062541726487 
ch00_p4-pl2-sample14-sperm7.tif 0 4 0.9948673069758391 
ch00_p5-pl1-sample2-sperm9.tif 0 4 0.996687382280906 
ch00_p5-pl1-sample5-sperm12.tif 0 4 0.9950774569051287 
ch00_p5-pl1-sample7-sperm9.tif 0 4 0.9939260497298383 
ch00_p1-pl2-sample10-sperm3.tif 1 1 0.9999821494308256 
ch00_p1-pl2-sample11-sperm10.tif 1 1 0.9980516441208306 
ch00_p1-pl2-sample11-sperm12.tif 1 1 0.9912770498104687 
ch00_p1-pl2-sample12-sperm4.tif 1 4 0.9907019009270096 
ch00_p1-pl2-sample13-sperm18.tif 1 1 0.9993563333772563 
ch00_p1-pl2-sample14-sperm13.tif 1 4 0.7660156859902093 
ch00_p1-pl2-sample17-sperm5.tif 1 1 0.680382167946951 
ch00_p1-pl2-sample19-sperm11.tif 1 1 0.9999520568457841 
ch00_p1-pl2-sample19-sperm14.tif 1 1 0.8199060389095623 
ch00_p1-pl2-sample2-sperm3.tif 1 4 0.8609107023506268 
ch00_p1-pl2-sample22-sperm1.tif 1 1 0.9999993077578474 
ch00_p1-pl2-sample23-sperm10.tif 1 4 0.781468665425097 
ch00_p1-pl2-sample23-sperm14.tif 1 4 0.9400107033306159 
ch00_p1-pl2-sample25-sperm5.tif 1 1 0.9888495195020942 
ch00_p1-pl2-sample3-sperm17.tif 1 1 0.999006261263548 
ch00_p1-pl2-sample3-sperm3.tif 1 1 0.9916443564481425 
ch00_p1-pl2-sample30-sperm7.tif 1 4 0.8813347220744939 
ch00_p1-pl2-sample32-sperm7.tif 1 1 0.9107455924326856 
ch00_p1-pl2-sample35-sperm7.tif 1 4 0.9750114754684088 
ch00_p1-pl2-sample4-sperm17.tif 1 1 0.9894040330587904 
ch00_p1-pl2-sample4-sperm8.tif 1 4 0.9940843808907884 
ch00_p1-pl2-sample6-sperm7.tif 1 4 0.9949955147013043 
ch00_p1-pl2-sample7-sperm2.tif 1 2 0.6941924550341709 
ch00_p1-pl2-sample9-sperm11.tif 1 1 0.9997883756847821 
ch00_p1-pl2-sample9-sperm12.tif 1 1 0.8218182853944263 
ch00_p1-pl3-sample1-sperm10.tif 1 4 0.988576746081653 
ch00_p1-pl3-sample10-sperm4.tif 1 4 0.6894654771150242 
ch00_p1-pl3-sample10-sperm6.tif 1 1 0.999621366180297 
ch00_p1-pl3-sample11-sperm10.tif 1 1 0.8451802713027761 
ch00_p1-pl3-sample12-sperm2.tif 1 4 0.9720905393113549 
ch00_p1-pl3-sample12-sperm5.tif 1 1 0.9999447919561821 
ch00_p1-pl3-sample12-sperm7.tif 1 1 0.9584746500176277 
ch00_p1-pl3-sample15-sperm21.tif 1 2 0.8932086353696888 
ch00_p1-pl3-sample15-sperm6.tif 1 4 0.9898516888536688 
ch00_p1-pl3-sample18-sperm4.tif 1 1 0.9999987993599023 
ch00_p1-pl3-sample19-sperm4.tif 1 1 0.9887294367172614 
ch00_p1-pl3-sample20-sperm3.tif 1 1 0.9746812620816286 
ch00_p1-pl3-sample24-sperm2.tif 1 4 0.9757828074180472 
ch00_p1-pl3-sample7-sperm10.tif 1 1 0.9437380804014248 
ch00_p1-pl3-sample9-sperm13.tif 1 4 0.7387539672048684 
ch00_p3-pl1-sample11-sperm2.tif 1 4 0.9357551434980247 
ch00_p3-pl1-sample14-sperm2.tif 1 1 0.9942939905359149 
ch00_p3-pl1-sample17-sperm3.tif 1 4 0.9623729912947094 
ch00_p3-pl1-sample18-sperm1.tif 1 1 0.9991221796422369 
ch00_p3-pl1-sample18-sperm3.tif 1 1 0.9999974423026629 
ch00_p3-pl1-sample19-sperm7.tif 1 1 0.9999628156261438 
ch00_p3-pl1-sample22-sperm2.tif 1 4 0.9117008767208579 
ch00_p3-pl1-sample23-sperm11.tif 1 1 0.9881529079016235 
ch00_p3-pl1-sample27-sperm2.tif 1 1 0.999884304530661 
ch00_p3-pl1-sample5-sperm6.tif 1 1 0.9999997606755413 
ch00_p4-pl1-sample12-sperm5.tif 1 4 0.9892774737193764 
ch00_p4-pl1-sample17-sperm3.tif 1 4 0.9943566515564842 
ch00_p4-pl1-sample19-sperm3.tif 1 4 0.9927773551509482 
ch00_p4-pl1-sample20-sperm13.tif 1 4 0.9461097601501549 
ch00_p4-pl1-sample7-sperm16.tif 1 1 0.8521767076468405 
ch00_p4-pl1-sample8-sperm14.tif 1 4 0.9894073275588571 
ch00_p4-pl1-sample9-sperm13.tif 1 2 0.671806935272019 
ch00_p4-pl2-sample1-sperm6.tif 1 1 0.8120863342646237 
ch00_p4-pl2-sample5-sperm7.tif 1 4 0.9852889832020117 
ch00_p5-pl1-sample16-sperm7.tif 1 4 0.9942235640641867 
ch00_p5-pl1-sample17-sperm15.tif 1 1 0.9977363678017633 
ch00_p5-pl1-sample18-sperm11.tif 1 4 0.9942169649697633 
ch00_p5-pl1-sample2-sperm2.tif 1 1 0.6846162838830652 
ch00_p5-pl1-sample20-sperm11.tif 1 4 0.4829399362235988 
ch00_p5-pl1-sample20-sperm9.tif 1 4 0.977119154679395 
ch00_p5-pl1-sample5-sperm20.tif 1 1 0.9865163440514354 
ch00_p5-pl1-sample7-sperm6.tif 1 4 0.7027597586062408 
ch00_p5-pl1-sample7-sperm7.tif 1 4 0.9266640460829594 
ch00_p1-pl2-sample10-sperm13.tif 2 4 0.8918975459519247 
ch00_p1-pl2-sample17-sperm12.tif 2 0 0.8619503632200571 
ch00_p1-pl2-sample2-sperm6.tif 2 1 0.9888550995394946 
ch00_p1-pl2-sample20-sperm14.tif 2 4 0.8660433203946512 
ch00_p1-pl2-sample23-sperm9.tif 2 4 0.9938152652199774 
ch00_p1-pl2-sample31-sperm10.tif 2 4 0.6915652495812235 
ch00_p1-pl2-sample33-sperm13.tif 2 0 0.8841021576583685 
ch00_p1-pl2-sample34-sperm5.tif 2 1 0.989460998164093 
ch00_p1-pl2-sample35-sperm6.tif 2 2 0.9678717594670303 
ch00_p1-pl3-sample1-sperm15.tif 2 2 0.93823162172022 
ch00_p1-pl3-sample1-sperm9.tif 2 1 0.9834081405617286 
ch00_p1-pl3-sample11-sperm7.tif 2 4 0.9638610691601336 
ch00_p1-pl3-sample12-sperm11.tif 2 2 0.9931184587035452 
ch00_p1-pl3-sample21-sperm10.tif 2 2 0.9999255987465185 
ch00_p1-pl3-sample6-sperm17.tif 2 0 0.822638888186512 
ch00_p1-pl3-sample6-sperm2.tif 2 4 0.9864327640977046 
ch00_p1-pl3-sample9-sperm4.tif 2 2 0.9980669957729 
ch00_p4-pl1-sample14-sperm10.tif 2 2 0.9539031716029419 
ch00_p4-pl1-sample19-sperm4.tif 2 1 0.9220915199671659 
ch00_p4-pl1-sample3-sperm10.tif 2 2 0.9999221018636664 
ch00_p4-pl1-sample3-sperm7.tif 2 4 0.9898676627376475 
ch00_p4-pl2-sample4-sperm11.tif 2 2 0.9999030849301164 
ch00_p1-pl2-sample11-sperm3.tif 3 4 0.9940873694167174 
ch00_p1-pl2-sample18-sperm8.tif 3 3 0.6483433246812538 
ch00_p1-pl2-sample21-sperm7.tif 3 4 0.9330929980521031 
ch00_p1-pl2-sample25-sperm9.tif 3 4 0.961061152132281 
ch00_p1-pl2-sample27-sperm1.tif 3 4 0.9962239241445924 
ch00_p1-pl2-sample28-sperm2.tif 3 0 0.8953359077144606 
ch00_p1-pl2-sample5-sperm11.tif 3 3 0.600789361869047 
ch00_p1-pl2-sample5-sperm4.tif 3 4 0.9685147325249064 
ch00_p1-pl3-sample12-sperm9.tif 3 3 0.4159721525038333 
ch00_p1-pl3-sample13-sperm12.tif 3 4 0.9807683586453921 
ch00_p1-pl3-sample15-sperm11.tif 3 4 0.8038543053404593 
ch00_p1-pl3-sample20-sperm9.tif 3 3 0.8880360712803146 
ch00_p1-pl3-sample23-sperm13.tif 3 4 0.9802949069170356 
ch00_p1-pl3-sample23-sperm16.tif 3 4 0.9607060721353733 
ch00_p1-pl3-sample23-sperm7.tif 3 4 0.9721811504091138 
ch00_p1-pl3-sample9-sperm6.tif 3 4 0.9926653922988349 
ch00_p3-pl1-sample14-sperm6.tif 3 4 0.9168453770439837 
ch00_p3-pl1-sample28-sperm2.tif 3 4 0.99068126151867 
ch00_p3-pl1-sample30-sperm1.tif 3 3 0.8447218200537749 
ch00_p4-pl1-sample6-sperm12.tif 3 4 0.9423563257184846 
ch00_p4-pl2-sample12-sperm8.tif 3 4 0.9971344219324388 
ch00_p1-pl2-sample1-sperm2.tif 4 4 0.9985999430284627 
ch00_p1-pl2-sample10-sperm12.tif 4 0 0.6232120300342792 
ch00_p1-pl2-sample10-sperm14.tif 4 3 0.5889067624706962 
ch00_p1-pl2-sample10-sperm2.tif 4 4 0.9554051494064079 
ch00_p1-pl2-sample10-sperm8.tif 4 4 0.9652734647620385 
ch00_p1-pl2-sample12-sperm11.tif 4 4 0.9920290672228157 
ch00_p1-pl2-sample12-sperm12.tif 4 4 0.9880473517354974 
ch00_p1-pl2-sample12-sperm5.tif 4 4 0.9978536630403357 
ch00_p1-pl2-sample12-sperm7.tif 4 1 0.9975176315187465 
ch00_p1-pl2-sample13-sperm16.tif 4 4 0.846733633728538 
ch00_p1-pl2-sample14-sperm14.tif 4 4 0.9951316430083069 
ch00_p1-pl2-sample14-sperm2.tif 4 0 0.564321046996876 
ch00_p1-pl2-sample14-sperm3.tif 4 4 0.9938132182976901 
ch00_p1-pl2-sample14-sperm4.tif 4 1 0.8514933795318347 
ch00_p1-pl2-sample14-sperm8.tif 4 4 0.8972867247244674 
ch00_p1-pl2-sample15-sperm5.tif 4 4 0.953877735616637 
ch00_p1-pl2-sample18-sperm6.tif 4 4 0.9950715879739079 
ch00_p1-pl2-sample18-sperm9.tif 4 0 0.6144788464481947 
ch00_p1-pl2-sample2-sperm8.tif 4 4 0.9977693168476609 
ch00_p1-pl2-sample22-sperm11.tif 4 4 0.984761567959387 
ch00_p1-pl2-sample24-sperm13.tif 4 1 0.991438828688738 
ch00_p1-pl2-sample27-sperm8.tif 4 1 0.9864229923510531 
ch00_p1-pl2-sample28-sperm1.tif 4 4 0.9844725141689392 
ch00_p1-pl2-sample28-sperm3.tif 4 4 0.5302093058058701 
ch00_p1-pl2-sample28-sperm4.tif 4 4 0.9216779477835886 
ch00_p1-pl2-sample3-sperm13.tif 4 4 0.9874550197437897 
ch00_p1-pl2-sample3-sperm14.tif 4 4 0.9923095812229552 
ch00_p1-pl2-sample30-sperm6.tif 4 4 0.8308461946051103 
ch00_p1-pl2-sample31-sperm11.tif 4 4 0.9914970689388212 
ch00_p1-pl2-sample33-sperm4.tif 4 4 0.9936818467073993 
ch00_p1-pl2-sample34-sperm11.tif 4 4 0.5749311628740588 
ch00_p1-pl2-sample34-sperm3.tif 4 4 0.9960576370888449 
ch00_p1-pl2-sample34-sperm6.tif 4 0 0.9998787099048132 
ch00_p1-pl2-sample34-sperm8.tif 4 4 0.5614992613910731 
ch00_p1-pl2-sample35-sperm12.tif 4 4 0.9688110211684654 
ch00_p1-pl2-sample35-sperm5.tif 4 4 0.7598230055549312 
ch00_p1-pl2-sample4-sperm4.tif 4 4 0.9971450089506924 
ch00_p1-pl2-sample7-sperm13.tif 4 1 0.9858506957321712 
ch00_p1-pl2-sample8-sperm5.tif 4 4 0.9926971935588164 
ch00_p1-pl2-sample9-sperm18.tif 4 4 0.9966439414218464 
ch00_p1-pl2-sample9-sperm5.tif 4 1 0.9810954160024395 
ch00_p1-pl3-sample1-sperm4.tif 4 4 0.9903735538993369 
ch00_p1-pl3-sample12-sperm10.tif 4 4 0.9329180612191417 
ch00_p1-pl3-sample12-sperm4.tif 4 1 0.9990310018274472 
ch00_p1-pl3-sample12-sperm8.tif 4 4 0.9936868714648656 
ch00_p1-pl3-sample13-sperm8.tif 4 4 0.984503767787319 
ch00_p1-pl3-sample14-sperm1.tif 4 4 0.9019383708432034 
ch00_p1-pl3-sample14-sperm13.tif 4 4 0.9906814130798121 
ch00_p1-pl3-sample14-sperm15.tif 4 4 0.9904817699893461 
ch00_p1-pl3-sample15-sperm2.tif 4 4 0.9989391643460842 
ch00_p1-pl3-sample15-sperm3.tif 4 4 0.4122849312867342 
ch00_p1-pl3-sample16-sperm8.tif 4 4 0.9890407685421826 
ch00_p1-pl3-sample17-sperm11.tif 4 4 0.903601525897713 
ch00_p1-pl3-sample17-sperm2.tif 4 1 0.7758409142537256 
ch00_p1-pl3-sample19-sperm1.tif 4 4 0.7838524524473814 
ch00_p1-pl3-sample19-sperm3.tif 4 1 0.9974169482049008 
ch00_p1-pl3-sample2-sperm10.tif 4 3 0.7273872822274116 
ch00_p1-pl3-sample2-sperm11.tif 4 4 0.9952592456192111 
ch00_p1-pl3-sample21-sperm1.tif 4 4 0.9820458196885987 
ch00_p1-pl3-sample22-sperm1.tif 4 1 0.9999839765189033 
ch00_p1-pl3-sample22-sperm6.tif 4 4 0.9459861924790247 
ch00_p1-pl3-sample22-sperm7.tif 4 4 0.9956729722775419 
ch00_p1-pl3-sample22-sperm9.tif 4 4 0.9943017265836126 
ch00_p1-pl3-sample23-sperm2.tif 4 4 0.9943405715728658 
ch00_p1-pl3-sample23-sperm6.tif 4 1 0.9999679827060635 
ch00_p1-pl3-sample24-sperm20.tif 4 4 0.9932174524918181 
ch00_p1-pl3-sample25-sperm2.tif 4 4 0.9984127705318072 
ch00_p1-pl3-sample3-sperm1.tif 4 4 0.9927736035397621 
ch00_p1-pl3-sample3-sperm2.tif 4 3 0.8920140623455256 
ch00_p1-pl3-sample3-sperm4.tif 4 4 0.9964038371203856 
ch00_p1-pl3-sample4-sperm3.tif 4 3 0.8960766842441433 
ch00_p1-pl3-sample4-sperm8.tif 4 4 0.9793682534274545 
ch00_p1-pl3-sample7-sperm3.tif 4 4 0.9934241880508475 
ch00_p1-pl3-sample8-sperm17.tif 4 4 0.9979520243321486 
ch00_p1-pl3-sample8-sperm6.tif 4 4 0.9936054552529238 
ch00_p3-pl1-sample1-sperm5.tif 4 1 0.7016265163965181 
ch00_p3-pl1-sample11-sperm1.tif 4 4 0.9822657860337057 
ch00_p3-pl1-sample11-sperm6.tif 4 4 0.9812844272267476 
ch00_p3-pl1-sample12-sperm6.tif 4 1 0.8963738076747746 
ch00_p3-pl1-sample12-sperm7.tif 4 4 0.5842351585470643 
ch00_p3-pl1-sample13-sperm6.tif 4 4 0.9850917144596427 
ch00_p3-pl1-sample15-sperm8.tif 4 4 0.9974748067694256 
ch00_p3-pl1-sample16-sperm3.tif 4 4 0.9017405352809053 
ch00_p3-pl1-sample16-sperm5.tif 4 0 0.9918806390399386 
ch00_p3-pl1-sample19-sperm8.tif 4 1 0.9986606148120579 
ch00_p3-pl1-sample2-sperm6.tif 4 4 0.9951832229048391 
ch00_p3-pl1-sample20-sperm1.tif 4 1 0.9990531826009905 
ch00_p3-pl1-sample21-sperm8.tif 4 4 0.8566404625178332 
ch00_p3-pl1-sample24-sperm2.tif 4 4 0.98245726365551 
ch00_p3-pl1-sample25-sperm2.tif 4 4 0.9947732277537041 
ch00_p3-pl1-sample26-sperm1.tif 4 4 0.9553821982509416 
ch00_p3-pl1-sample26-sperm3.tif 4 4 0.9863582791511171 
ch00_p3-pl1-sample26-sperm7.tif 4 4 0.9932054041628011 
ch00_p3-pl1-sample29-sperm8.tif 4 4 0.8966198322803619 
ch00_p3-pl1-sample30-sperm4.tif 4 4 0.9942192617239964 
ch00_p3-pl1-sample30-sperm5.tif 4 4 0.9953931969805209 
ch00_p3-pl1-sample31-sperm2.tif 4 1 0.9958059407362508 
ch00_p3-pl1-sample4-sperm5.tif 4 4 0.9971142253194989 
ch00_p3-pl1-sample7-sperm1.tif 4 4 0.9932938155006821 
ch00_p3-pl1-sample7-sperm13.tif 4 0 0.972736990687621 
ch00_p3-pl1-sample7-sperm6.tif 4 4 0.9831515819058764 
ch00_p3-pl1-sample7-sperm8.tif 4 4 0.9974408220262813 
ch00_p3-pl1-sample9-sperm9.tif 4 4 0.9506003417907313 
ch00_p4-pl1-sample1-sperm8.tif 4 4 0.9910098916398153 
ch00_p4-pl1-sample1-sperm9.tif 4 0 0.58177496920198 
ch00_p4-pl1-sample10-sperm12.tif 4 3 0.4938647723247544 
ch00_p4-pl1-sample10-sperm21.tif 4 4 0.7351611958470098 
ch00_p4-pl1-sample10-sperm6.tif 4 3 0.753743916790679 
ch00_p4-pl1-sample11-sperm13.tif 4 4 0.8236184713514721 
ch00_p4-pl1-sample11-sperm8.tif 4 4 0.8693678536771807 
ch00_p4-pl1-sample12-sperm8.tif 4 4 0.9887874923008417 
ch00_p4-pl1-sample12-sperm9.tif 4 4 0.9972683801403868 
ch00_p4-pl1-sample13-sperm3.tif 4 4 0.9724127668280058 
ch00_p4-pl1-sample13-sperm8.tif 4 4 0.9889385147596326 
ch00_p4-pl1-sample14-sperm13.tif 4 4 0.980540377809071 
ch00_p4-pl1-sample14-sperm3.tif 4 4 0.9977994223190794 
ch00_p4-pl1-sample16-sperm10.tif 4 4 0.9921314624704507 
ch00_p4-pl1-sample16-sperm17.tif 4 4 0.9987126863626238 
ch00_p4-pl1-sample16-sperm3.tif 4 1 0.9338536922118582 
ch00_p4-pl1-sample18-sperm1.tif 4 4 0.9838032211863531 
ch00_p4-pl1-sample18-sperm5.tif 4 4 0.9974311920671559 
ch00_p4-pl1-sample18-sperm6.tif 4 4 0.9960562515907964 
ch00_p4-pl1-sample19-sperm9.tif 4 4 0.9247124267211524 
ch00_p4-pl1-sample2-sperm1.tif 4 1 0.9426221890987749 
ch00_p4-pl1-sample2-sperm9.tif 4 1 0.9955452628584011 
ch00_p4-pl1-sample3-sperm11.tif 4 4 0.9793016182057499 
ch00_p4-pl1-sample4-sperm10.tif 4 2 0.8670692351060283 
ch00_p4-pl1-sample4-sperm12.tif 4 4 0.7478296676387394 
ch00_p4-pl1-sample4-sperm14.tif 4 4 0.9916885611699434 
ch00_p4-pl1-sample4-sperm9.tif 4 4 0.9834965430669161 
ch00_p4-pl1-sample5-sperm1.tif 4 4 0.9944612898380536 
ch00_p4-pl1-sample5-sperm2.tif 4 4 0.8103878432715498 
ch00_p4-pl1-sample5-sperm9.tif 4 4 0.9958406718477881 
ch00_p4-pl1-sample6-sperm3.tif 4 4 0.9458055085567888 
ch00_p4-pl1-sample7-sperm13.tif 4 4 0.9752256554095191 
ch00_p4-pl1-sample7-sperm17.tif 4 4 0.7641803086414598 
ch00_p4-pl1-sample7-sperm4.tif 4 4 0.9712556369589938 
ch00_p4-pl1-sample8-sperm2.tif 4 4 0.930335748753355 
ch00_p4-pl1-sample8-sperm8.tif 4 4 0.9041768279251307 
ch00_p4-pl1-sample8-sperm9.tif 4 4 0.994652771545407 
ch00_p4-pl1-sample9-sperm15.tif 4 4 0.9893613429697395 
ch00_p4-pl1-sample9-sperm17.tif 4 2 0.7957158577560617 
ch00_p4-pl1-sample9-sperm6.tif 4 4 0.9667488623939391 
ch00_p4-pl1-sample9-sperm9.tif 4 4 0.8858091963355995 
ch00_p4-pl2-sample1-sperm7.tif 4 4 0.9950745200353739 
ch00_p4-pl2-sample12-sperm9.tif 4 4 0.9781063379526058 
ch00_p4-pl2-sample13-sperm2.tif 4 4 0.7401767631764117 
ch00_p4-pl2-sample13-sperm7.tif 4 4 0.9726505394399809 
ch00_p4-pl2-sample15-sperm6.tif 4 4 0.8735306313150751 
ch00_p4-pl2-sample16-sperm4.tif 4 4 0.9971399299414453 
ch00_p4-pl2-sample16-sperm8.tif 4 4 0.9785945450766156 
ch00_p4-pl2-sample17-sperm4.tif 4 1 0.9908495106409898 
ch00_p4-pl2-sample18-sperm2.tif 4 4 0.9936639920227377 
ch00_p4-pl2-sample19-sperm8.tif 4 4 0.9860183920789516 
ch00_p4-pl2-sample2-sperm10.tif 4 4 0.9909008991967593 
ch00_p4-pl2-sample2-sperm6.tif 4 4 0.9936009007606095 
ch00_p4-pl2-sample20-sperm2.tif 4 4 0.9959055032450467 
ch00_p4-pl2-sample20-sperm5.tif 4 0 0.5789971254056344 
ch00_p4-pl2-sample20-sperm6.tif 4 0 0.6318401298976516 
ch00_p4-pl2-sample3-sperm2.tif 4 4 0.8864778361369792 
ch00_p4-pl2-sample3-sperm3.tif 4 4 0.9936058717487948 
ch00_p4-pl2-sample3-sperm5.tif 4 4 0.9999977782544442 
ch00_p4-pl2-sample4-sperm2.tif 4 4 0.9770756064833407 
ch00_p4-pl2-sample4-sperm7.tif 4 4 0.9984801849293471 
ch00_p4-pl2-sample5-sperm4.tif 4 4 0.9869638333485654 
ch00_p4-pl2-sample6-sperm2.tif 4 4 0.9847241986734202 
ch00_p4-pl2-sample6-sperm3.tif 4 4 0.9986881487937487 
ch00_p4-pl2-sample7-sperm3.tif 4 4 0.8957057983428365 
ch00_p4-pl2-sample7-sperm4.tif 4 4 0.9960594948106875 
ch00_p4-pl2-sample7-sperm7.tif 4 4 0.8142104704002354 
ch00_p4-pl2-sample8-sperm9.tif 4 4 0.964092719276223 
ch00_p5-pl1-sample1-sperm13.tif 4 4 0.9971016431471365 
ch00_p5-pl1-sample10-sperm18.tif 4 4 0.9906086778079622 
ch00_p5-pl1-sample10-sperm4.tif 4 4 0.9909490085460427 
ch00_p5-pl1-sample10-sperm6.tif 4 4 0.9964966218217683 
ch00_p5-pl1-sample10-sperm7.tif 4 4 0.7573991097866822 
ch00_p5-pl1-sample11-sperm4.tif 4 1 0.9096327923422028 
ch00_p5-pl1-sample12-sperm13.tif 4 4 0.9470653402530029 
ch00_p5-pl1-sample12-sperm6.tif 4 1 0.9978454372421484 
ch00_p5-pl1-sample13-sperm5.tif 4 4 0.985040429569776 
ch00_p5-pl1-sample14-sperm6.tif 4 4 0.9930431463742657 
ch00_p5-pl1-sample15-sperm4.tif 4 4 0.9928153078498406 
ch00_p5-pl1-sample17-sperm13.tif 4 4 0.994207522946602 
ch00_p5-pl1-sample17-sperm2.tif 4 4 0.9940751148541459 
ch00_p5-pl1-sample17-sperm3.tif 4 4 0.9933098966727293 
ch00_p5-pl1-sample19-sperm2.tif 4 1 0.5597697389322653 
ch00_p5-pl1-sample2-sperm10.tif 4 1 0.9900981049301497 
ch00_p5-pl1-sample2-sperm11.tif 4 4 0.9857523750109853 
ch00_p5-pl1-sample2-sperm6.tif 4 4 0.9840635261280222 
ch00_p5-pl1-sample20-sperm13.tif 4 4 0.9974484274550056 
ch00_p5-pl1-sample4-sperm10.tif 4 4 0.9434818957779196 
ch00_p5-pl1-sample4-sperm2.tif 4 4 0.9871852471816268 
ch00_p5-pl1-sample4-sperm3.tif 4 4 0.9970373141834881 
ch00_p5-pl1-sample5-sperm9.tif 4 4 0.9961281296210565 
ch00_p5-pl1-sample7-sperm5.tif 4 4 0.9912182795085296 
ch00_p5-pl1-sample9-sperm3.tif 4 4 0.9850669551621779 
