ch00_p1-pl2-sample10-sperm10.tif 0 0 0.9702977239015748 
ch00_p1-pl2-sample12-sperm13.tif 0 1 0.701388674536314 
ch00_p1-pl2-sample12-sperm9.tif 0 0 0.9586430157361769 
ch00_p1-pl2-sample14-sperm9.tif 0 0 0.2915841046605605 
ch00_p1-pl2-sample22-sperm5.tif 0 0 0.8105522693303541 
ch00_p1-pl2-sample3-sperm4.tif 0 0 0.3976030121847159 
ch00_p1-pl2-sample32-sperm3.tif 0 4 0.853122947840433 
ch00_p1-pl2-sample34-sperm9.tif 0 0 0.5494606252175558 
ch00_p1-pl2-sample35-sperm1.tif 0 4 0.8033758926317659 
ch00_p1-pl2-sample5-sperm3.tif 0 0 0.7876393412235118 
ch00_p1-pl2-sample8-sperm6.tif 0 0 0.9510105927407561 
ch00_p1-pl2-sample9-sperm7.tif 0 4 0.8247137196302279 
ch00_p1-pl3-sample1-sperm3.tif 0 0 0.969900638689524 
ch00_p1-pl3-sample12-sperm1.tif 0 4 0.9849843285160822 
ch00_p1-pl3-sample17-sperm3.tif 0 4 0.9532667194522155 
ch00_p1-pl3-sample6-sperm11.tif 0 4 0.9901902560556671 
ch00_p3-pl1-sample13-sperm3.tif 0 1 0.6542494724419791 
ch00_p3-pl1-sample30-sperm6.tif 0 0 0.5624353335991532 
ch00_p4-pl1-sample1-sperm13.tif 0 0 0.7400780605830805 
ch00_p4-pl1-sample10-sperm9.tif 0 0 0.9647406740225801 
ch00_p4-pl1-sample15-sperm4.tif 0 0 0.5509215517348881 
ch00_p4-pl1-sample15-sperm7.tif 0 0 0.9441806970621965 
ch00_p4-pl1-sample19-sperm1.tif 0 4 0.936512258379683 
ch00_p4-pl1-sample6-sperm1.tif 0 4 0.5576077366200038 
ch00_p4-pl1-sample6-sperm10.tif 0 4 0.9362159290465191 
ch00_p4-pl2-sample13-sperm1.tif 0 4 0.9743979647633584 
ch00_p4-pl2-sample16-sperm9.tif 0 0 0.8386465010130659 
ch00_p4-pl2-sample5-sperm6.tif 0 4 0.9192060002247658 
ch00_p4-pl2-sample8-sperm5.tif 0 0 0.9761146154327992 
ch00_p5-pl1-sample5-sperm3.tif 0 4 0.913105664763942 
ch00_p1-pl2-sample1-sperm6.tif 1 4 0.8255574340831769 
ch00_p1-pl2-sample11-sperm4.tif 1 4 0.9365505703695319 
ch00_p1-pl2-sample13-sperm6.tif 1 4 0.5673896319712081 
ch00_p1-pl2-sample14-sperm13.tif 1 4 0.716572308610233 
ch00_p1-pl2-sample18-sperm3.tif 1 1 0.882738270375138 
ch00_p1-pl2-sample19-sperm10.tif 1 4 0.6066611914979334 
ch00_p1-pl2-sample19-sperm4.tif 1 1 0.9827949700498411 
ch00_p1-pl2-sample2-sperm3.tif 1 4 0.6771169655213967 
ch00_p1-pl2-sample20-sperm7.tif 1 4 0.9975357982218828 
ch00_p1-pl2-sample21-sperm3.tif 1 1 0.9796730320191391 
ch00_p1-pl2-sample21-sperm9.tif 1 1 0.9775670210196885 
ch00_p1-pl2-sample23-sperm10.tif 1 1 0.7863858721990833 
ch00_p1-pl2-sample23-sperm14.tif 1 4 0.9468197060699618 
ch00_p1-pl2-sample23-sperm15.tif 1 4 0.6076256851649767 
ch00_p1-pl2-sample25-sperm8.tif 1 4 0.8248757669983846 
ch00_p1-pl2-sample29-sperm5.tif 1 1 0.9464998440004687 
ch00_p1-pl2-sample3-sperm9.tif 1 1 0.9615253421640387 
ch00_p1-pl2-sample31-sperm4.tif 1 1 0.849748921891255 
ch00_p1-pl2-sample31-sperm8.tif 1 1 0.9450054377749787 
ch00_p1-pl2-sample32-sperm7.tif 1 4 0.8770233441324873 
ch00_p1-pl2-sample35-sperm7.tif 1 1 0.9833763782392579 
ch00_p1-pl2-sample4-sperm11.tif 1 2 0.5253480740226646 
ch00_p1-pl2-sample4-sperm14.tif 1 1 0.8594994132246252 
ch00_p1-pl2-sample4-sperm17.tif 1 1 0.7159084916300289 
ch00_p1-pl2-sample4-sperm5.tif 1 1 0.9485294265403743 
ch00_p1-pl2-sample5-sperm16.tif 1 4 0.553453652192632 
ch00_p1-pl2-sample6-sperm3.tif 1 1 0.8913918401462658 
ch00_p1-pl2-sample7-sperm11.tif 1 1 0.9727346918670932 
ch00_p1-pl2-sample8-sperm3.tif 1 1 0.7947680802446125 
ch00_p1-pl2-sample9-sperm14.tif 1 1 0.9837943362526086 
ch00_p1-pl2-sample9-sperm15.tif 1 1 0.9046502980388603 
ch00_p1-pl2-sample9-sperm2.tif 1 1 0.6829278200270981 
ch00_p1-pl3-sample12-sperm19.tif 1 1 0.6390676249450798 
ch00_p1-pl3-sample12-sperm5.tif 1 1 0.9643251183406976 
ch00_p1-pl3-sample12-sperm7.tif 1 1 0.9658467194373103 
ch00_p1-pl3-sample13-sperm13.tif 1 1 0.9794465718764862 
ch00_p1-pl3-sample14-sperm8.tif 1 1 0.9807504388749005 
ch00_p1-pl3-sample19-sperm7.tif 1 4 0.8419654518828977 
ch00_p1-pl3-sample24-sperm17.tif 1 2 0.7984876427098866 
ch00_p1-pl3-sample5-sperm2.tif 1 4 0.8667257699527579 
ch00_p1-pl3-sample6-sperm16.tif 1 4 0.7722907249207965 
ch00_p3-pl1-sample12-sperm5.tif 1 1 0.9955102098680966 
ch00_p3-pl1-sample15-sperm9.tif 1 1 0.7372208727555263 
ch00_p3-pl1-sample17-sperm2.tif 1 4 0.9404296025431973 
ch00_p3-pl1-sample19-sperm6.tif 1 4 0.9688421140957056 
ch00_p3-pl1-sample2-sperm7.tif 1 1 0.9911043868885742 
ch00_p3-pl1-sample22-sperm2.tif 1 4 0.8929889537097467 
ch00_p3-pl1-sample26-sperm6.tif 1 1 0.9566114333632629 
ch00_p3-pl1-sample27-sperm4.tif 1 1 0.9345746973500035 
ch00_p3-pl1-sample28-sperm7.tif 1 1 0.431986204953674 
ch00_p3-pl1-sample30-sperm2.tif 1 1 0.9352708448113164 
ch00_p3-pl1-sample31-sperm5.tif 1 1 0.987966334663451 
ch00_p3-pl1-sample4-sperm2.tif 1 1 0.9736639059413463 
ch00_p3-pl1-sample5-sperm1.tif 1 1 0.8446728650014652 
ch00_p3-pl1-sample8-sperm2.tif 1 1 0.969365575513051 
ch00_p4-pl1-sample12-sperm7.tif 1 1 0.8018871702169177 
ch00_p4-pl1-sample6-sperm5.tif 1 1 0.9288388421933345 
ch00_p4-pl1-sample7-sperm16.tif 1 1 0.9437392703374563 
ch00_p4-pl2-sample4-sperm3.tif 1 4 0.8519233024128378 
ch00_p4-pl2-sample7-sperm11.tif 1 4 0.9924353164448995 
ch00_p4-pl2-sample8-sperm6.tif 1 1 0.8927981832386169 
ch00_p5-pl1-sample11-sperm2.tif 1 1 0.975303945004535 
ch00_p5-pl1-sample19-sperm11.tif 1 1 0.5658873496897893 
ch00_p5-pl1-sample2-sperm2.tif 1 1 0.6388239145218011 
ch00_p5-pl1-sample5-sperm16.tif 1 1 0.9470409842009173 
ch00_p5-pl1-sample5-sperm20.tif 1 1 0.9802209920543987 
ch00_p5-pl1-sample8-sperm2.tif 1 4 0.8913787315507364 
ch00_p5-pl1-sample8-sperm5.tif 1 1 0.9168310532212494 
ch00_p1-pl2-sample13-sperm20.tif 2 4 0.8046953526322926 
ch00_p1-pl2-sample17-sperm10.tif 2 4 0.9488522349713823 
ch00_p1-pl2-sample2-sperm6.tif 2 4 0.5120722083464501 
ch00_p1-pl2-sample24-sperm4.tif 2 4 0.5559685477824625 
ch00_p1-pl2-sample33-sperm13.tif 2 4 0.7247733893018388 
ch00_p1-pl2-sample35-sperm6.tif 2 4 0.866417411573335 
ch00_p1-pl2-sample8-sperm4.tif 2 2 0.6139532010733741 
ch00_p1-pl3-sample1-sperm15.tif 2 1 0.6046080123173951 
ch00_p1-pl3-sample11-sperm6.tif 2 2 0.9684154278434853 
ch00_p1-pl3-sample12-sperm12.tif 2 2 0.8115059333743376 
ch00_p1-pl3-sample15-sperm14.tif 2 2 0.9826082395149238 
ch00_p1-pl3-sample21-sperm10.tif 2 2 0.9261681552762109 
ch00_p1-pl3-sample22-sperm11.tif 2 2 0.7888742664345963 
ch00_p1-pl3-sample6-sperm17.tif 2 2 0.8579086421361 
ch00_p3-pl1-sample28-sperm5.tif 2 2 0.8142406240527637 
ch00_p4-pl1-sample10-sperm10.tif 2 4 0.6731092983602769 
ch00_p4-pl1-sample17-sperm4.tif 2 1 0.8584522069348306 
ch00_p4-pl1-sample17-sperm8.tif 2 4 0.4937078242872383 
ch00_p4-pl1-sample3-sperm7.tif 2 4 0.8299960688769961 
ch00_p4-pl1-sample5-sperm10.tif 2 2 0.9510259671470725 
ch00_p4-pl1-sample7-sperm19.tif 2 4 0.8524661215882539 
ch00_p4-pl2-sample3-sperm10.tif 2 2 0.9824871197155876 
ch00_p1-pl2-sample14-sperm12.tif 3 4 0.8575238780909382 
ch00_p1-pl2-sample15-sperm6.tif 3 3 0.7438358052567835 
ch00_p1-pl2-sample18-sperm8.tif 3 4 0.9945978503913919 
ch00_p1-pl2-sample5-sperm11.tif 3 3 0.6733899974726374 
ch00_p1-pl2-sample5-sperm4.tif 3 4 0.9833341027768491 
ch00_p1-pl3-sample16-sperm11.tif 3 4 0.6864435932559845 
ch00_p1-pl3-sample17-sperm4.tif 3 3 0.7172440933348545 
ch00_p1-pl3-sample2-sperm13.tif 3 1 0.9443778574872653 
ch00_p1-pl3-sample20-sperm9.tif 3 4 0.7430257434595333 
ch00_p1-pl3-sample21-sperm7.tif 3 4 0.6734413863812928 
ch00_p1-pl3-sample23-sperm15.tif 3 4 0.9759458091069032 
ch00_p1-pl3-sample5-sperm3.tif 3 3 0.6921910907586655 
ch00_p1-pl3-sample9-sperm6.tif 3 4 0.9114302721131837 
ch00_p1-pl3-sample9-sperm9.tif 3 3 0.8676310786742117 
ch00_p3-pl1-sample30-sperm1.tif 3 4 0.6203387905761704 
ch00_p3-pl1-sample31-sperm4.tif 3 4 0.9369612624686651 
ch00_p3-pl1-sample32-sperm1.tif 3 4 0.9838304227093531 
ch00_p4-pl1-sample11-sperm3.tif 3 3 0.5245473985380756 
ch00_p4-pl1-sample20-sperm4.tif 3 4 0.9857192569051377 
ch00_p4-pl1-sample5-sperm8.tif 3 4 0.9731852607120152 
ch00_p5-pl1-sample1-sperm4.tif 3 4 0.7628087412849395 
ch00_p1-pl2-sample10-sperm2.tif 4 2 0.842491131262522 
ch00_p1-pl2-sample12-sperm1.tif 4 0 0.5100431467886994 
ch00_p1-pl2-sample12-sperm5.tif 4 4 0.9697846803778202 
ch00_p1-pl2-sample12-sperm7.tif 4 1 0.914317496168645 
ch00_p1-pl2-sample12-sperm8.tif 4 4 0.9608420960610389 
ch00_p1-pl2-sample13-sperm1.tif 4 1 0.7439972739941824 
ch00_p1-pl2-sample14-sperm14.tif 4 4 0.594787508984737 
ch00_p1-pl2-sample14-sperm2.tif 4 1 0.7948570469255031 
ch00_p1-pl2-sample14-sperm8.tif 4 0 0.9318258794480432 
ch00_p1-pl2-sample17-sperm2.tif 4 4 0.6484149859518452 
ch00_p1-pl2-sample18-sperm6.tif 4 4 0.8059635934382314 
ch00_p1-pl2-sample18-sperm9.tif 4 4 0.8817407506946322 
ch00_p1-pl2-sample20-sperm2.tif 4 4 0.9950989363294329 
ch00_p1-pl2-sample21-sperm10.tif 4 4 0.9980353287801034 
ch00_p1-pl2-sample22-sperm11.tif 4 4 0.690716509412043 
ch00_p1-pl2-sample23-sperm17.tif 4 4 0.9558192974316174 
ch00_p1-pl2-sample24-sperm10.tif 4 4 0.9363321330911727 
ch00_p1-pl2-sample24-sperm13.tif 4 4 0.550797567897054 
ch00_p1-pl2-sample26-sperm7.tif 4 4 0.6699606802527099 
ch00_p1-pl2-sample27-sperm5.tif 4 4 0.5977851663640855 
ch00_p1-pl2-sample28-sperm10.tif 4 4 0.6439437882629734 
ch00_p1-pl2-sample28-sperm3.tif 4 4 0.923258452974641 
ch00_p1-pl2-sample28-sperm6.tif 4 1 0.34682616472427374 
ch00_p1-pl2-sample3-sperm14.tif 4 4 0.5932718948925787 
ch00_p1-pl2-sample30-sperm1.tif 4 4 0.8579988210529986 
ch00_p1-pl2-sample30-sperm6.tif 4 1 0.8498023636032095 
ch00_p1-pl2-sample31-sperm12.tif 4 4 0.4900760430637506 
ch00_p1-pl2-sample31-sperm3.tif 4 4 0.5233429253627604 
ch00_p1-pl2-sample32-sperm5.tif 4 4 0.8502909643929806 
ch00_p1-pl2-sample33-sperm10.tif 4 4 0.9975846419247204 
ch00_p1-pl2-sample34-sperm3.tif 4 4 0.9504666564173643 
ch00_p1-pl2-sample34-sperm6.tif 4 1 0.7119410853680057 
ch00_p1-pl2-sample34-sperm8.tif 4 4 0.8174128634131738 
ch00_p1-pl2-sample35-sperm12.tif 4 4 0.8823353231889834 
ch00_p1-pl2-sample35-sperm9.tif 4 4 0.9183973943989878 
ch00_p1-pl2-sample4-sperm16.tif 4 1 0.9286417256068669 
ch00_p1-pl2-sample7-sperm5.tif 4 4 0.992537022052874 
ch00_p1-pl2-sample9-sperm5.tif 4 4 0.7880672266401639 
ch00_p1-pl3-sample1-sperm1.tif 4 1 0.9848459225945508 
ch00_p1-pl3-sample1-sperm7.tif 4 4 0.9346484278769696 
ch00_p1-pl3-sample10-sperm1.tif 4 4 0.973539881953664 
ch00_p1-pl3-sample10-sperm3.tif 4 0 0.8763996769810632 
ch00_p1-pl3-sample12-sperm4.tif 4 1 0.8078643142609732 
ch00_p1-pl3-sample12-sperm6.tif 4 3 0.5749377013072348 
ch00_p1-pl3-sample13-sperm5.tif 4 1 0.5450061981569636 
ch00_p1-pl3-sample14-sperm11.tif 4 4 0.6262646296803049 
ch00_p1-pl3-sample14-sperm6.tif 4 4 0.7531755538030803 
ch00_p1-pl3-sample15-sperm19.tif 4 4 0.9747497010006597 
ch00_p1-pl3-sample15-sperm20.tif 4 4 0.8914049005197066 
ch00_p1-pl3-sample15-sperm7.tif 4 4 0.931171516856726 
ch00_p1-pl3-sample15-sperm8.tif 4 1 0.5868117291355642 
ch00_p1-pl3-sample16-sperm17.tif 4 4 0.9120428166888652 
ch00_p1-pl3-sample17-sperm11.tif 4 4 0.6489053596810928 
ch00_p1-pl3-sample19-sperm1.tif 4 4 0.9608102733955495 
ch00_p1-pl3-sample2-sperm11.tif 4 4 0.9903554781494331 
ch00_p1-pl3-sample2-sperm4.tif 4 4 0.5563165061333278 
ch00_p1-pl3-sample20-sperm8.tif 4 4 0.9481105268256644 
ch00_p1-pl3-sample21-sperm11.tif 4 4 0.9689711818698854 
ch00_p1-pl3-sample21-sperm4.tif 4 1 0.6064135979803745 
ch00_p1-pl3-sample21-sperm9.tif 4 1 0.684553486711823 
ch00_p1-pl3-sample22-sperm1.tif 4 4 0.9000165522567443 
ch00_p1-pl3-sample22-sperm3.tif 4 2 0.8690532109849958 
ch00_p1-pl3-sample23-sperm14.tif 4 1 0.9505953261408012 
ch00_p1-pl3-sample24-sperm11.tif 4 3 0.5819561792055262 
ch00_p1-pl3-sample24-sperm13.tif 4 1 0.9032784605655575 
ch00_p1-pl3-sample24-sperm14.tif 4 2 0.4345094792803429 
ch00_p1-pl3-sample24-sperm22.tif 4 1 0.9446671259981071 
ch00_p1-pl3-sample24-sperm5.tif 4 1 0.6565211896248601 
ch00_p1-pl3-sample25-sperm1.tif 4 4 0.5857670290933986 
ch00_p1-pl3-sample25-sperm10.tif 4 1 0.8428550212188499 
ch00_p1-pl3-sample25-sperm11.tif 4 4 0.9870129572651363 
ch00_p1-pl3-sample25-sperm13.tif 4 1 0.9912235042222555 
ch00_p1-pl3-sample25-sperm4.tif 4 4 0.8411762931053344 
ch00_p1-pl3-sample25-sperm8.tif 4 0 0.4961888304186529 
ch00_p1-pl3-sample3-sperm4.tif 4 1 0.7717365792262904 
ch00_p1-pl3-sample4-sperm8.tif 4 1 0.8869931653477661 
ch00_p1-pl3-sample4-sperm9.tif 4 4 0.7863442331200999 
ch00_p1-pl3-sample5-sperm4.tif 4 0 0.5144286862152472 
ch00_p1-pl3-sample6-sperm3.tif 4 1 0.9855612900361157 
ch00_p1-pl3-sample6-sperm5.tif 4 4 0.7972738177446719 
ch00_p1-pl3-sample6-sperm6.tif 4 4 0.965916740383207 
ch00_p1-pl3-sample7-sperm14.tif 4 4 0.6152210886436055 
ch00_p1-pl3-sample7-sperm3.tif 4 4 0.9746825455659 
ch00_p1-pl3-sample7-sperm7.tif 4 4 0.919699748318802 
ch00_p1-pl3-sample8-sperm11.tif 4 1 0.9577600391431662 
ch00_p1-pl3-sample8-sperm6.tif 4 0 0.8530213984299226 
ch00_p1-pl3-sample9-sperm8.tif 4 4 0.9151800832471128 
ch00_p3-pl1-sample1-sperm4.tif 4 3 0.48837892415869427 
ch00_p3-pl1-sample11-sperm5.tif 4 1 0.7740843733874542 
ch00_p3-pl1-sample12-sperm2.tif 4 0 0.7275014831184343 
ch00_p3-pl1-sample15-sperm4.tif 4 4 0.9937628080886991 
ch00_p3-pl1-sample15-sperm8.tif 4 4 0.9941813603604318 
ch00_p3-pl1-sample16-sperm3.tif 4 4 0.6213556040497988 
ch00_p3-pl1-sample16-sperm4.tif 4 3 0.697682829137468 
ch00_p3-pl1-sample18-sperm2.tif 4 0 0.6327037311496878 
ch00_p3-pl1-sample19-sperm8.tif 4 4 0.8877125155248595 
ch00_p3-pl1-sample19-sperm9.tif 4 4 0.9056919327435972 
ch00_p3-pl1-sample23-sperm7.tif 4 4 0.9632847507541584 
ch00_p3-pl1-sample23-sperm9.tif 4 0 0.8613757984845156 
ch00_p3-pl1-sample25-sperm10.tif 4 1 0.9843334724595559 
ch00_p3-pl1-sample25-sperm5.tif 4 4 0.9849787753159133 
ch00_p3-pl1-sample25-sperm8.tif 4 3 0.6944893852971062 
ch00_p3-pl1-sample26-sperm1.tif 4 4 0.9005191418363223 
ch00_p3-pl1-sample29-sperm9.tif 4 4 0.9766020500402088 
ch00_p3-pl1-sample4-sperm1.tif 4 1 0.34936198952910735 
ch00_p3-pl1-sample4-sperm5.tif 4 1 0.5385271185914857 
ch00_p3-pl1-sample6-sperm4.tif 4 4 0.9114114255424413 
ch00_p3-pl1-sample8-sperm3.tif 4 4 0.4601449038141208 
ch00_p4-pl1-sample1-sperm12.tif 4 1 0.6441618734247453 
ch00_p4-pl1-sample1-sperm6.tif 4 4 0.6503245859102782 
ch00_p4-pl1-sample1-sperm8.tif 4 4 0.9296205421712657 
ch00_p4-pl1-sample10-sperm12.tif 4 3 0.6488843135154937 
ch00_p4-pl1-sample10-sperm22.tif 4 1 0.9637769369127355 
ch00_p4-pl1-sample11-sperm13.tif 4 4 0.6442796335342185 
ch00_p4-pl1-sample11-sperm4.tif 4 4 0.5172796545160101 
ch00_p4-pl1-sample12-sperm11.tif 4 4 0.8963089439280784 
ch00_p4-pl1-sample12-sperm3.tif 4 4 0.6931569259685929 
ch00_p4-pl1-sample12-sperm6.tif 4 4 0.9855972622300029 
ch00_p4-pl1-sample14-sperm12.tif 4 4 0.9953747788789207 
ch00_p4-pl1-sample14-sperm4.tif 4 0 0.7574058578784004 
ch00_p4-pl1-sample14-sperm5.tif 4 4 0.7113586109396045 
ch00_p4-pl1-sample16-sperm15.tif 4 4 0.5523874453770614 
ch00_p4-pl1-sample17-sperm10.tif 4 0 0.6512444914013371 
ch00_p4-pl1-sample19-sperm6.tif 4 4 0.8932158305107529 
ch00_p4-pl1-sample2-sperm13.tif 4 4 0.5272096822635227 
ch00_p4-pl1-sample4-sperm14.tif 4 4 0.8356321246306384 
ch00_p4-pl1-sample5-sperm9.tif 4 4 0.5540813722562355 
ch00_p4-pl1-sample6-sperm11.tif 4 4 0.9926260673028083 
ch00_p4-pl1-sample6-sperm8.tif 4 1 0.535466004529865 
ch00_p4-pl1-sample7-sperm10.tif 4 4 0.8092095537733273 
ch00_p4-pl1-sample7-sperm13.tif 4 4 0.6994584347322398 
ch00_p4-pl1-sample7-sperm2.tif 4 4 0.9877453312135027 
ch00_p4-pl1-sample7-sperm8.tif 4 0 0.49825092960343226 
ch00_p4-pl1-sample8-sperm1.tif 4 1 0.5042568179394465 
ch00_p4-pl1-sample8-sperm2.tif 4 2 0.8128714109784483 
ch00_p4-pl1-sample8-sperm8.tif 4 4 0.7718839355584286 
ch00_p4-pl1-sample9-sperm11.tif 4 1 0.683343797615945 
ch00_p4-pl1-sample9-sperm12.tif 4 4 0.9813734520829512 
ch00_p4-pl1-sample9-sperm4.tif 4 4 0.9183571565323962 
ch00_p4-pl1-sample9-sperm6.tif 4 3 0.9398837975061283 
ch00_p4-pl2-sample10-sperm1.tif 4 4 0.9313428957108887 
ch00_p4-pl2-sample10-sperm10.tif 4 4 0.8304984312827033 
ch00_p4-pl2-sample10-sperm11.tif 4 4 0.8841041351932746 
ch00_p4-pl2-sample10-sperm8.tif 4 4 0.6333176802092092 
ch00_p4-pl2-sample10-sperm9.tif 4 1 0.9543022432594483 
ch00_p4-pl2-sample11-sperm3.tif 4 4 0.9849442756405299 
ch00_p4-pl2-sample12-sperm11.tif 4 2 0.6351750670453988 
ch00_p4-pl2-sample12-sperm7.tif 4 4 0.9415621963937785 
ch00_p4-pl2-sample12-sperm9.tif 4 4 0.5736905455403126 
ch00_p4-pl2-sample13-sperm10.tif 4 4 0.980415013313724 
ch00_p4-pl2-sample13-sperm2.tif 4 0 0.805886756606208 
ch00_p4-pl2-sample13-sperm9.tif 4 4 0.9520532741464991 
ch00_p4-pl2-sample14-sperm9.tif 4 4 0.9567192427261425 
ch00_p4-pl2-sample19-sperm1.tif 4 4 0.9857410125711976 
ch00_p4-pl2-sample19-sperm8.tif 4 4 0.9824395738948751 
ch00_p4-pl2-sample2-sperm3.tif 4 4 0.5718286961867349 
ch00_p4-pl2-sample2-sperm5.tif 4 4 0.9714704388852895 
ch00_p4-pl2-sample2-sperm7.tif 4 4 0.9882523910117068 
ch00_p4-pl2-sample20-sperm2.tif 4 4 0.9919426659658661 
ch00_p4-pl2-sample20-sperm4.tif 4 2 0.977595188386672 
ch00_p4-pl2-sample3-sperm3.tif 4 4 0.9655548742736231 
ch00_p4-pl2-sample3-sperm5.tif 4 4 0.9843047880490456 
ch00_p4-pl2-sample3-sperm6.tif 4 4 0.8361646080509261 
ch00_p4-pl2-sample3-sperm7.tif 4 4 0.9165445896993979 
ch00_p4-pl2-sample4-sperm4.tif 4 4 0.5267952503277941 
ch00_p4-pl2-sample5-sperm4.tif 4 3 0.6178658881185781 
ch00_p4-pl2-sample6-sperm3.tif 4 4 0.77561618097802 
ch00_p4-pl2-sample7-sperm4.tif 4 4 0.9025668113740081 
ch00_p4-pl2-sample7-sperm5.tif 4 4 0.9955902163660909 
ch00_p4-pl2-sample7-sperm6.tif 4 4 0.8762953895379653 
ch00_p4-pl2-sample7-sperm7.tif 4 1 0.7340082543118178 
ch00_p4-pl2-sample7-sperm8.tif 4 0 0.8430041861762706 
ch00_p4-pl2-sample8-sperm9.tif 4 3 0.5157891742367103 
ch00_p4-pl2-sample9-sperm7.tif 4 4 0.9368192974090273 
ch00_p5-pl1-sample1-sperm12.tif 4 4 0.8660839991113108 
ch00_p5-pl1-sample10-sperm6.tif 4 1 0.6375171938064423 
ch00_p5-pl1-sample10-sperm7.tif 4 1 0.892937177000906 
ch00_p5-pl1-sample12-sperm13.tif 4 4 0.8934062566776366 
ch00_p5-pl1-sample12-sperm16.tif 4 4 0.8907446968888942 
ch00_p5-pl1-sample12-sperm7.tif 4 2 0.48472920210863063 
ch00_p5-pl1-sample17-sperm13.tif 4 4 0.6364335343256524 
ch00_p5-pl1-sample17-sperm2.tif 4 4 0.9941121622554399 
ch00_p5-pl1-sample17-sperm3.tif 4 4 0.8520496062192562 
ch00_p5-pl1-sample19-sperm2.tif 4 1 0.7836234927867889 
ch00_p5-pl1-sample2-sperm13.tif 4 4 0.9931961384777808 
ch00_p5-pl1-sample20-sperm12.tif 4 4 0.9861468588310736 
ch00_p5-pl1-sample20-sperm13.tif 4 4 0.6173026632918689 
ch00_p5-pl1-sample20-sperm2.tif 4 4 0.9394087633253313 
ch00_p5-pl1-sample20-sperm5.tif 4 4 0.9741535568424307 
ch00_p5-pl1-sample20-sperm6.tif 4 4 0.9758863378791356 
ch00_p5-pl1-sample20-sperm7.tif 4 1 0.6650034998044269 
ch00_p5-pl1-sample3-sperm7.tif 4 1 0.9685501114304695 
ch00_p5-pl1-sample4-sperm8.tif 4 4 0.8039414658540992 
ch00_p5-pl1-sample5-sperm10.tif 4 4 0.813748974608683 
ch00_p5-pl1-sample9-sperm1.tif 4 4 0.9885106927088261 
ch00_p5-pl1-sample9-sperm3.tif 4 1 0.4991225599161144 
