ch00_p1-pl2-sample10-sperm10.tif 0 0 0.6417019089690016 
ch00_p1-pl2-sample12-sperm13.tif 0 4 0.836387678847965 
ch00_p1-pl2-sample12-sperm9.tif 0 0 0.6547398051713627 
ch00_p1-pl2-sample14-sperm9.tif 0 0 0.34293632781737265 
ch00_p1-pl2-sample22-sperm5.tif 0 0 0.8690128926018866 
ch00_p1-pl2-sample3-sperm4.tif 0 4 0.426336501146926 
ch00_p1-pl2-sample32-sperm3.tif 0 0 0.9242637424611589 
ch00_p1-pl2-sample34-sperm9.tif 0 4 0.8969515114465251 
ch00_p1-pl2-sample35-sperm1.tif 0 0 0.956650747455377 
ch00_p1-pl2-sample5-sperm3.tif 0 0 0.6273098743682156 
ch00_p1-pl2-sample8-sperm6.tif 0 0 0.9189896890144258 
ch00_p1-pl2-sample9-sperm7.tif 0 4 0.8783104888500772 
ch00_p1-pl3-sample1-sperm3.tif 0 0 0.9494986352916283 
ch00_p1-pl3-sample12-sperm1.tif 0 4 0.9999982948674161 
ch00_p1-pl3-sample17-sperm3.tif 0 0 0.5746514201443157 
ch00_p1-pl3-sample6-sperm11.tif 0 0 0.6624291384452448 
ch00_p3-pl1-sample13-sperm3.tif 0 0 0.7988626227198989 
ch00_p3-pl1-sample30-sperm6.tif 0 0 0.9946332014057497 
ch00_p4-pl1-sample1-sperm13.tif 0 4 0.9945230050103675 
ch00_p4-pl1-sample10-sperm9.tif 0 4 0.8699690739929944 
ch00_p4-pl1-sample15-sperm4.tif 0 0 0.5648775885972973 
ch00_p4-pl1-sample15-sperm7.tif 0 4 0.9999995577451367 
ch00_p4-pl1-sample19-sperm1.tif 0 4 0.993936863032893 
ch00_p4-pl1-sample6-sperm1.tif 0 4 0.9978447618889673 
ch00_p4-pl1-sample6-sperm10.tif 0 4 0.7521324212750713 
ch00_p4-pl2-sample13-sperm1.tif 0 4 0.9761754490433848 
ch00_p4-pl2-sample16-sperm9.tif 0 4 0.9999958754720435 
ch00_p4-pl2-sample5-sperm6.tif 0 4 0.9999974159300898 
ch00_p4-pl2-sample8-sperm5.tif 0 4 0.9701589408234991 
ch00_p5-pl1-sample5-sperm3.tif 0 0 0.8614201909575729 
ch00_p1-pl2-sample1-sperm6.tif 1 4 0.8466050560553655 
ch00_p1-pl2-sample11-sperm4.tif 1 1 0.5056842441593853 
ch00_p1-pl2-sample13-sperm6.tif 1 1 0.9964194908923709 
ch00_p1-pl2-sample14-sperm13.tif 1 1 0.9997893881676636 
ch00_p1-pl2-sample18-sperm3.tif 1 1 0.9999922901324957 
ch00_p1-pl2-sample19-sperm10.tif 1 1 0.5383908896931323 
ch00_p1-pl2-sample19-sperm4.tif 1 1 0.9954077260080724 
ch00_p1-pl2-sample2-sperm3.tif 1 4 0.7321547432195391 
ch00_p1-pl2-sample20-sperm7.tif 1 4 0.9999981592603951 
ch00_p1-pl2-sample21-sperm3.tif 1 1 0.9931094926170869 
ch00_p1-pl2-sample21-sperm9.tif 1 1 0.9964790359873706 
ch00_p1-pl2-sample23-sperm10.tif 1 4 0.8591421502997202 
ch00_p1-pl2-sample23-sperm14.tif 1 4 0.9256887395884339 
ch00_p1-pl2-sample23-sperm15.tif 1 4 0.9739776766366925 
ch00_p1-pl2-sample25-sperm8.tif 1 0 0.38986258833837784 
ch00_p1-pl2-sample29-sperm5.tif 1 4 0.9954297478980558 
ch00_p1-pl2-sample3-sperm9.tif 1 1 0.9995058489892026 
ch00_p1-pl2-sample31-sperm4.tif 1 1 0.9814380176960664 
ch00_p1-pl2-sample31-sperm8.tif 1 1 0.9923784041760061 
ch00_p1-pl2-sample32-sperm7.tif 1 4 0.9949209158578678 
ch00_p1-pl2-sample35-sperm7.tif 1 1 0.9999854478902714 
ch00_p1-pl2-sample4-sperm11.tif 1 1 0.8262093875327391 
ch00_p1-pl2-sample4-sperm14.tif 1 1 0.9998131536502516 
ch00_p1-pl2-sample4-sperm17.tif 1 1 0.9993909344633952 
ch00_p1-pl2-sample4-sperm5.tif 1 4 0.6365266001479845 
ch00_p1-pl2-sample5-sperm16.tif 1 4 0.6597618018194469 
ch00_p1-pl2-sample6-sperm3.tif 1 1 0.9943998479811696 
ch00_p1-pl2-sample7-sperm11.tif 1 1 0.999908122817138 
ch00_p1-pl2-sample8-sperm3.tif 1 1 0.9316805416332454 
ch00_p1-pl2-sample9-sperm14.tif 1 1 0.9999638451670072 
ch00_p1-pl2-sample9-sperm15.tif 1 1 0.9145608234935638 
ch00_p1-pl2-sample9-sperm2.tif 1 1 0.800549866107271 
ch00_p1-pl3-sample12-sperm19.tif 1 4 0.9984626648473962 
ch00_p1-pl3-sample12-sperm5.tif 1 1 0.9979975263778302 
ch00_p1-pl3-sample12-sperm7.tif 1 1 0.9998982263027362 
ch00_p1-pl3-sample13-sperm13.tif 1 1 0.9999158159541555 
ch00_p1-pl3-sample14-sperm8.tif 1 1 0.7563194487838925 
ch00_p1-pl3-sample19-sperm7.tif 1 4 0.9788540725032802 
ch00_p1-pl3-sample24-sperm17.tif 1 1 0.9445781280879946 
ch00_p1-pl3-sample5-sperm2.tif 1 4 0.996514188222131 
ch00_p1-pl3-sample6-sperm16.tif 1 4 0.9886618305626395 
ch00_p3-pl1-sample12-sperm5.tif 1 1 0.9998940755105744 
ch00_p3-pl1-sample15-sperm9.tif 1 1 0.9887123488533927 
ch00_p3-pl1-sample17-sperm2.tif 1 1 0.9212424660087557 
ch00_p3-pl1-sample19-sperm6.tif 1 4 0.9980735576127829 
ch00_p3-pl1-sample2-sperm7.tif 1 1 0.9989139011535378 
ch00_p3-pl1-sample22-sperm2.tif 1 1 0.9035399290082661 
ch00_p3-pl1-sample26-sperm6.tif 1 1 0.9999358621494857 
ch00_p3-pl1-sample27-sperm4.tif 1 4 0.9989213909527903 
ch00_p3-pl1-sample28-sperm7.tif 1 4 0.7742452038441885 
ch00_p3-pl1-sample30-sperm2.tif 1 1 0.9999907325131377 
ch00_p3-pl1-sample31-sperm5.tif 1 1 0.9999159933308119 
ch00_p3-pl1-sample4-sperm2.tif 1 1 0.9999817458889555 
ch00_p3-pl1-sample5-sperm1.tif 1 1 0.8173902242616152 
ch00_p3-pl1-sample8-sperm2.tif 1 1 0.9999863297579715 
ch00_p4-pl1-sample12-sperm7.tif 1 1 0.979835236671655 
ch00_p4-pl1-sample6-sperm5.tif 1 1 0.9999448373252474 
ch00_p4-pl1-sample7-sperm16.tif 1 1 0.9509586552725006 
ch00_p4-pl2-sample4-sperm3.tif 1 4 0.9990998556584825 
ch00_p4-pl2-sample7-sperm11.tif 1 4 0.969100144906024 
ch00_p4-pl2-sample8-sperm6.tif 1 1 0.9999092623067102 
ch00_p5-pl1-sample11-sperm2.tif 1 1 0.9994728244072691 
ch00_p5-pl1-sample19-sperm11.tif 1 1 0.9984364036441906 
ch00_p5-pl1-sample2-sperm2.tif 1 1 0.5437758013575394 
ch00_p5-pl1-sample5-sperm16.tif 1 1 0.9916895234304461 
ch00_p5-pl1-sample5-sperm20.tif 1 1 0.9995700292756395 
ch00_p5-pl1-sample8-sperm2.tif 1 4 0.9599444642083436 
ch00_p5-pl1-sample8-sperm5.tif 1 1 0.9974291287073549 
ch00_p1-pl2-sample13-sperm20.tif 2 4 0.9959598481894065 
ch00_p1-pl2-sample17-sperm10.tif 2 4 0.61449495277733 
ch00_p1-pl2-sample2-sperm6.tif 2 1 0.9412023641294817 
ch00_p1-pl2-sample24-sperm4.tif 2 2 0.932478592351022 
ch00_p1-pl2-sample33-sperm13.tif 2 0 0.4395998916603639 
ch00_p1-pl2-sample35-sperm6.tif 2 4 0.9508233474328658 
ch00_p1-pl2-sample8-sperm4.tif 2 4 0.669755833834025 
ch00_p1-pl3-sample1-sperm15.tif 2 1 0.99222888719824 
ch00_p1-pl3-sample11-sperm6.tif 2 2 0.9560071912383643 
ch00_p1-pl3-sample12-sperm12.tif 2 1 0.9975015453826992 
ch00_p1-pl3-sample15-sperm14.tif 2 2 0.9639033799652821 
ch00_p1-pl3-sample21-sperm10.tif 2 2 0.9996740386918221 
ch00_p1-pl3-sample22-sperm11.tif 2 1 0.9084475994462671 
ch00_p1-pl3-sample6-sperm17.tif 2 2 0.9921895618608656 
ch00_p3-pl1-sample28-sperm5.tif 2 4 0.8558220054555874 
ch00_p4-pl1-sample10-sperm10.tif 2 1 0.9968423454524653 
ch00_p4-pl1-sample17-sperm4.tif 2 2 0.9897471330598425 
ch00_p4-pl1-sample17-sperm8.tif 2 2 0.7920823784189822 
ch00_p4-pl1-sample3-sperm7.tif 2 4 0.8342668426474406 
ch00_p4-pl1-sample5-sperm10.tif 2 2 0.9972217929173368 
ch00_p4-pl1-sample7-sperm19.tif 2 4 0.49724119834883324 
ch00_p4-pl2-sample3-sperm10.tif 2 2 0.8837289457085364 
ch00_p1-pl2-sample14-sperm12.tif 3 4 0.9999998531925712 
ch00_p1-pl2-sample15-sperm6.tif 3 3 0.9846675119447776 
ch00_p1-pl2-sample18-sperm8.tif 3 4 0.9745802914940175 
ch00_p1-pl2-sample5-sperm11.tif 3 3 0.5607007571844875 
ch00_p1-pl2-sample5-sperm4.tif 3 4 0.9149985500904209 
ch00_p1-pl3-sample16-sperm11.tif 3 3 0.9989207980042697 
ch00_p1-pl3-sample17-sperm4.tif 3 3 0.9680011059840323 
ch00_p1-pl3-sample2-sperm13.tif 3 4 0.9992236489617092 
ch00_p1-pl3-sample20-sperm9.tif 3 3 0.6785382782225263 
ch00_p1-pl3-sample21-sperm7.tif 3 3 0.962651593528183 
ch00_p1-pl3-sample23-sperm15.tif 3 4 0.8638157139984791 
ch00_p1-pl3-sample5-sperm3.tif 3 4 0.999999281031229 
ch00_p1-pl3-sample9-sperm6.tif 3 4 0.9958552291217242 
ch00_p1-pl3-sample9-sperm9.tif 3 3 0.8840928320891075 
ch00_p3-pl1-sample30-sperm1.tif 3 4 0.9894896085299847 
ch00_p3-pl1-sample31-sperm4.tif 3 4 0.6901514741356473 
ch00_p3-pl1-sample32-sperm1.tif 3 4 0.8081553798922604 
ch00_p4-pl1-sample11-sperm3.tif 3 4 0.6022975670211324 
ch00_p4-pl1-sample20-sperm4.tif 3 4 0.9999999858756367 
ch00_p4-pl1-sample5-sperm8.tif 3 4 0.9965805586349904 
ch00_p5-pl1-sample1-sperm4.tif 3 4 0.947048897509882 
ch00_p1-pl2-sample10-sperm2.tif 4 4 0.551508933106411 
ch00_p1-pl2-sample12-sperm1.tif 4 4 0.9999978567469153 
ch00_p1-pl2-sample12-sperm5.tif 4 4 0.9974237688438998 
ch00_p1-pl2-sample12-sperm7.tif 4 4 0.9357021538509307 
ch00_p1-pl2-sample12-sperm8.tif 4 4 0.9974414698393262 
ch00_p1-pl2-sample13-sperm1.tif 4 4 0.9940242959383374 
ch00_p1-pl2-sample14-sperm14.tif 4 4 0.9854437421176065 
ch00_p1-pl2-sample14-sperm2.tif 4 4 0.9135968419137273 
ch00_p1-pl2-sample14-sperm8.tif 4 4 0.8641889799726158 
ch00_p1-pl2-sample17-sperm2.tif 4 1 0.9619358066755446 
ch00_p1-pl2-sample18-sperm6.tif 4 1 0.35046956592413214 
ch00_p1-pl2-sample18-sperm9.tif 4 4 0.997628014392778 
ch00_p1-pl2-sample20-sperm2.tif 4 4 0.9999999739026532 
ch00_p1-pl2-sample21-sperm10.tif 4 4 0.9999999999685958 
ch00_p1-pl2-sample22-sperm11.tif 4 3 0.9996270286607373 
ch00_p1-pl2-sample23-sperm17.tif 4 4 0.9689812834832028 
ch00_p1-pl2-sample24-sperm10.tif 4 4 0.6118849805282836 
ch00_p1-pl2-sample24-sperm13.tif 4 1 0.9944050859748628 
ch00_p1-pl2-sample26-sperm7.tif 4 4 0.9972876056806362 
ch00_p1-pl2-sample27-sperm5.tif 4 0 0.8815911947487192 
ch00_p1-pl2-sample28-sperm10.tif 4 4 0.9914493192959914 
ch00_p1-pl2-sample28-sperm3.tif 4 4 0.9999999731136264 
ch00_p1-pl2-sample28-sperm6.tif 4 4 0.952760287841413 
ch00_p1-pl2-sample3-sperm14.tif 4 4 0.5700348610914403 
ch00_p1-pl2-sample30-sperm1.tif 4 4 0.932434498464167 
ch00_p1-pl2-sample30-sperm6.tif 4 4 0.921261249161655 
ch00_p1-pl2-sample31-sperm12.tif 4 4 0.9830091265428025 
ch00_p1-pl2-sample31-sperm3.tif 4 4 0.9851073987878548 
ch00_p1-pl2-sample32-sperm5.tif 4 4 0.7417474033436319 
ch00_p1-pl2-sample33-sperm10.tif 4 4 0.9999996449736382 
ch00_p1-pl2-sample34-sperm3.tif 4 4 0.9986665634164406 
ch00_p1-pl2-sample34-sperm6.tif 4 1 0.9961556114798986 
ch00_p1-pl2-sample34-sperm8.tif 4 4 0.9351331871829809 
ch00_p1-pl2-sample35-sperm12.tif 4 4 0.9479174248039377 
ch00_p1-pl2-sample35-sperm9.tif 4 4 0.9467828579189849 
ch00_p1-pl2-sample4-sperm16.tif 4 1 0.4150811111804705 
ch00_p1-pl2-sample7-sperm5.tif 4 4 0.9990078136105032 
ch00_p1-pl2-sample9-sperm5.tif 4 4 0.9878162945109925 
ch00_p1-pl3-sample1-sperm1.tif 4 1 0.9952251056597655 
ch00_p1-pl3-sample1-sperm7.tif 4 4 0.999999999787513 
ch00_p1-pl3-sample10-sperm1.tif 4 4 0.9854904596623869 
ch00_p1-pl3-sample10-sperm3.tif 4 4 0.7043020898616544 
ch00_p1-pl3-sample12-sperm4.tif 4 4 0.9353263947349253 
ch00_p1-pl3-sample12-sperm6.tif 4 3 0.7590399278568765 
ch00_p1-pl3-sample13-sperm5.tif 4 1 0.8622435024849151 
ch00_p1-pl3-sample14-sperm11.tif 4 4 0.9307835676798594 
ch00_p1-pl3-sample14-sperm6.tif 4 4 0.9999962529623797 
ch00_p1-pl3-sample15-sperm19.tif 4 4 0.9999995627587501 
ch00_p1-pl3-sample15-sperm20.tif 4 4 0.8935444172045773 
ch00_p1-pl3-sample15-sperm7.tif 4 4 0.9999973524977823 
ch00_p1-pl3-sample15-sperm8.tif 4 4 0.9976976059934008 
ch00_p1-pl3-sample16-sperm17.tif 4 4 0.9765282095467942 
ch00_p1-pl3-sample17-sperm11.tif 4 4 0.9999971084320515 
ch00_p1-pl3-sample19-sperm1.tif 4 4 0.9999995930605766 
ch00_p1-pl3-sample2-sperm11.tif 4 4 0.9816873954264335 
ch00_p1-pl3-sample2-sperm4.tif 4 4 0.972029852887116 
ch00_p1-pl3-sample20-sperm8.tif 4 4 0.985014540219957 
ch00_p1-pl3-sample21-sperm11.tif 4 4 0.7719940054553468 
ch00_p1-pl3-sample21-sperm4.tif 4 1 0.9896282539101676 
ch00_p1-pl3-sample21-sperm9.tif 4 4 0.9612911888081462 
ch00_p1-pl3-sample22-sperm1.tif 4 4 0.9999998468936622 
ch00_p1-pl3-sample22-sperm3.tif 4 4 0.9805072783746659 
ch00_p1-pl3-sample23-sperm14.tif 4 1 0.9925967291820754 
ch00_p1-pl3-sample24-sperm11.tif 4 4 0.9955166034947829 
ch00_p1-pl3-sample24-sperm13.tif 4 4 0.9999998258907093 
ch00_p1-pl3-sample24-sperm14.tif 4 2 0.9966709225176836 
ch00_p1-pl3-sample24-sperm22.tif 4 1 0.8186287384921721 
ch00_p1-pl3-sample24-sperm5.tif 4 1 0.9975535868689138 
ch00_p1-pl3-sample25-sperm1.tif 4 4 0.9968371473331931 
ch00_p1-pl3-sample25-sperm10.tif 4 4 0.8810540555182556 
ch00_p1-pl3-sample25-sperm11.tif 4 0 0.9411801367574447 
ch00_p1-pl3-sample25-sperm13.tif 4 1 0.9990356802862498 
ch00_p1-pl3-sample25-sperm4.tif 4 2 0.7421231671432668 
ch00_p1-pl3-sample25-sperm8.tif 4 4 0.8173442013493608 
ch00_p1-pl3-sample3-sperm4.tif 4 4 0.9999972478865521 
ch00_p1-pl3-sample4-sperm8.tif 4 4 0.7650585420235627 
ch00_p1-pl3-sample4-sperm9.tif 4 4 0.638634415023487 
ch00_p1-pl3-sample5-sperm4.tif 4 4 0.9999982045207789 
ch00_p1-pl3-sample6-sperm3.tif 4 1 0.9341589032506264 
ch00_p1-pl3-sample6-sperm5.tif 4 4 0.9999970017048577 
ch00_p1-pl3-sample6-sperm6.tif 4 0 0.5183373472268513 
ch00_p1-pl3-sample7-sperm14.tif 4 4 0.9912919289824271 
ch00_p1-pl3-sample7-sperm3.tif 4 4 0.9999999763967016 
ch00_p1-pl3-sample7-sperm7.tif 4 4 0.8295432251116058 
ch00_p1-pl3-sample8-sperm11.tif 4 1 0.9999908891112247 
ch00_p1-pl3-sample8-sperm6.tif 4 4 0.7263752964850391 
ch00_p1-pl3-sample9-sperm8.tif 4 1 0.9503222645149613 
ch00_p3-pl1-sample1-sperm4.tif 4 4 0.9999999611966424 
ch00_p3-pl1-sample11-sperm5.tif 4 4 0.999999999972395 
ch00_p3-pl1-sample12-sperm2.tif 4 0 0.9520468623886105 
ch00_p3-pl1-sample15-sperm4.tif 4 4 0.9999999823551865 
ch00_p3-pl1-sample15-sperm8.tif 4 4 0.9982136740418518 
ch00_p3-pl1-sample16-sperm3.tif 4 4 0.9932887545606185 
ch00_p3-pl1-sample16-sperm4.tif 4 4 0.9990755676050078 
ch00_p3-pl1-sample18-sperm2.tif 4 0 0.9957884195129288 
ch00_p3-pl1-sample19-sperm8.tif 4 4 0.9980494288440601 
ch00_p3-pl1-sample19-sperm9.tif 4 4 0.8680108889392033 
ch00_p3-pl1-sample23-sperm7.tif 4 4 0.99999999999989 
ch00_p3-pl1-sample23-sperm9.tif 4 0 0.9999556002820312 
ch00_p3-pl1-sample25-sperm10.tif 4 1 0.9999812355868298 
ch00_p3-pl1-sample25-sperm5.tif 4 4 0.9999999987867959 
ch00_p3-pl1-sample25-sperm8.tif 4 3 0.5413779381450889 
ch00_p3-pl1-sample26-sperm1.tif 4 4 0.9991603085265287 
ch00_p3-pl1-sample29-sperm9.tif 4 1 0.9500668170377773 
ch00_p3-pl1-sample4-sperm1.tif 4 1 0.5849190320726871 
ch00_p3-pl1-sample4-sperm5.tif 4 4 0.9938420744555813 
ch00_p3-pl1-sample6-sperm4.tif 4 4 0.9999999999802097 
ch00_p3-pl1-sample8-sperm3.tif 4 4 0.9422781686478643 
ch00_p4-pl1-sample1-sperm12.tif 4 1 0.9969473491451065 
ch00_p4-pl1-sample1-sperm6.tif 4 4 0.9979479747413394 
ch00_p4-pl1-sample1-sperm8.tif 4 4 0.9979910591216415 
ch00_p4-pl1-sample10-sperm12.tif 4 4 0.6908506107313749 
ch00_p4-pl1-sample10-sperm22.tif 4 1 0.9975132187114086 
ch00_p4-pl1-sample11-sperm13.tif 4 4 0.9949459323525669 
ch00_p4-pl1-sample11-sperm4.tif 4 4 0.9227727062011454 
ch00_p4-pl1-sample12-sperm11.tif 4 4 0.9917908064330787 
ch00_p4-pl1-sample12-sperm3.tif 4 4 0.8751208845292809 
ch00_p4-pl1-sample12-sperm6.tif 4 4 0.9999993955647076 
ch00_p4-pl1-sample14-sperm12.tif 4 4 0.9999996307094711 
ch00_p4-pl1-sample14-sperm4.tif 4 4 0.6646462440497296 
ch00_p4-pl1-sample14-sperm5.tif 4 4 0.9342841706139512 
ch00_p4-pl1-sample16-sperm15.tif 4 1 0.9694221993028325 
ch00_p4-pl1-sample17-sperm10.tif 4 4 0.9999999718899882 
ch00_p4-pl1-sample19-sperm6.tif 4 4 0.9388169422948086 
ch00_p4-pl1-sample2-sperm13.tif 4 4 0.9717646520795843 
ch00_p4-pl1-sample4-sperm14.tif 4 4 0.9593190113692007 
ch00_p4-pl1-sample5-sperm9.tif 4 4 0.6909869373955377 
ch00_p4-pl1-sample6-sperm11.tif 4 4 0.9974822478708705 
ch00_p4-pl1-sample6-sperm8.tif 4 4 0.936247231190614 
ch00_p4-pl1-sample7-sperm10.tif 4 4 0.9736642379248359 
ch00_p4-pl1-sample7-sperm13.tif 4 4 0.9999999994605401 
ch00_p4-pl1-sample7-sperm2.tif 4 4 0.9867575080449384 
ch00_p4-pl1-sample7-sperm8.tif 4 4 0.9746559403467515 
ch00_p4-pl1-sample8-sperm1.tif 4 1 0.9850395809697314 
ch00_p4-pl1-sample8-sperm2.tif 4 4 0.9448179005746424 
ch00_p4-pl1-sample8-sperm8.tif 4 4 0.9999993185717299 
ch00_p4-pl1-sample9-sperm11.tif 4 1 0.9996159624791267 
ch00_p4-pl1-sample9-sperm12.tif 4 4 0.7423472395082412 
ch00_p4-pl1-sample9-sperm4.tif 4 4 0.9999999720894953 
ch00_p4-pl1-sample9-sperm6.tif 4 4 0.9544324102450773 
ch00_p4-pl2-sample10-sperm1.tif 4 4 0.972080655268935 
ch00_p4-pl2-sample10-sperm10.tif 4 4 0.999998586515574 
ch00_p4-pl2-sample10-sperm11.tif 4 4 0.9999978746650833 
ch00_p4-pl2-sample10-sperm8.tif 4 4 0.9991521780975595 
ch00_p4-pl2-sample10-sperm9.tif 4 4 0.864678209456955 
ch00_p4-pl2-sample11-sperm3.tif 4 4 0.9993742270963949 
ch00_p4-pl2-sample12-sperm11.tif 4 4 0.9750979580802533 
ch00_p4-pl2-sample12-sperm7.tif 4 4 0.9978512255149466 
ch00_p4-pl2-sample12-sperm9.tif 4 4 0.9819827097005411 
ch00_p4-pl2-sample13-sperm10.tif 4 4 0.999999999719459 
ch00_p4-pl2-sample13-sperm2.tif 4 4 0.9766518958085013 
ch00_p4-pl2-sample13-sperm9.tif 4 4 0.8679962110752292 
ch00_p4-pl2-sample14-sperm9.tif 4 4 0.9999971900469364 
ch00_p4-pl2-sample19-sperm1.tif 4 4 0.9999999962856921 
ch00_p4-pl2-sample19-sperm8.tif 4 4 0.9719737581648642 
ch00_p4-pl2-sample2-sperm3.tif 4 4 0.999117897498938 
ch00_p4-pl2-sample2-sperm5.tif 4 4 0.9999997009376628 
ch00_p4-pl2-sample2-sperm7.tif 4 4 0.9999958657763894 
ch00_p4-pl2-sample20-sperm2.tif 4 4 0.9999998720042025 
ch00_p4-pl2-sample20-sperm4.tif 4 2 0.9998554200869262 
ch00_p4-pl2-sample3-sperm3.tif 4 4 0.999999455700917 
ch00_p4-pl2-sample3-sperm5.tif 4 4 0.9999999770986283 
ch00_p4-pl2-sample3-sperm6.tif 4 4 0.9710176046696698 
ch00_p4-pl2-sample3-sperm7.tif 4 4 0.9999993646477358 
ch00_p4-pl2-sample4-sperm4.tif 4 4 0.961467086954729 
ch00_p4-pl2-sample5-sperm4.tif 4 4 0.9815336229127105 
ch00_p4-pl2-sample6-sperm3.tif 4 4 0.9999972219130581 
ch00_p4-pl2-sample7-sperm4.tif 4 4 0.9207170029280326 
ch00_p4-pl2-sample7-sperm5.tif 4 4 0.9780771538086553 
ch00_p4-pl2-sample7-sperm6.tif 4 4 0.938636325373799 
ch00_p4-pl2-sample7-sperm7.tif 4 4 0.9419484105161948 
ch00_p4-pl2-sample7-sperm8.tif 4 4 0.9962536992433275 
ch00_p4-pl2-sample8-sperm9.tif 4 4 0.9999999999809546 
ch00_p4-pl2-sample9-sperm7.tif 4 4 0.8346424861798704 
ch00_p5-pl1-sample1-sperm12.tif 4 4 0.9742366996804315 
ch00_p5-pl1-sample10-sperm6.tif 4 4 0.9982932589316555 
ch00_p5-pl1-sample10-sperm7.tif 4 1 0.7630070229496001 
ch00_p5-pl1-sample12-sperm13.tif 4 4 0.9976714913180637 
ch00_p5-pl1-sample12-sperm16.tif 4 4 0.8530247687493181 
ch00_p5-pl1-sample12-sperm7.tif 4 0 0.9994306535807459 
ch00_p5-pl1-sample17-sperm13.tif 4 4 0.5553337388961159 
ch00_p5-pl1-sample17-sperm2.tif 4 4 0.743566720442337 
ch00_p5-pl1-sample17-sperm3.tif 4 1 0.9988528002140888 
ch00_p5-pl1-sample19-sperm2.tif 4 1 0.5852669738531832 
ch00_p5-pl1-sample2-sperm13.tif 4 4 0.9978218027402447 
ch00_p5-pl1-sample20-sperm12.tif 4 4 0.9979186322785673 
ch00_p5-pl1-sample20-sperm13.tif 4 4 0.9999992634171696 
ch00_p5-pl1-sample20-sperm2.tif 4 4 0.9814295940299996 
ch00_p5-pl1-sample20-sperm5.tif 4 4 0.9857502834203173 
ch00_p5-pl1-sample20-sperm6.tif 4 4 0.9824554285663852 
ch00_p5-pl1-sample20-sperm7.tif 4 1 0.6517930612537636 
ch00_p5-pl1-sample3-sperm7.tif 4 1 0.9997123173237564 
ch00_p5-pl1-sample4-sperm8.tif 4 4 0.9832559673798785 
ch00_p5-pl1-sample5-sperm10.tif 4 4 0.6604231498991858 
ch00_p5-pl1-sample9-sperm1.tif 4 4 0.9999962687875285 
ch00_p5-pl1-sample9-sperm3.tif 4 1 0.4986122044091212 
