ch00_p1-pl2-sample1-sperm10.tif 0 0 0.9654879187158628 
ch00_p1-pl2-sample1-sperm3.tif 0 0 0.9544901135148904 
ch00_p1-pl2-sample1-sperm5.tif 0 3 0.6503361661307424 
ch00_p1-pl2-sample10-sperm1.tif 0 1 0.5973210927996384 
ch00_p1-pl2-sample10-sperm4.tif 0 0 0.8517957713523634 
ch00_p1-pl2-sample25-sperm4.tif 0 0 0.5848257924276955 
ch00_p1-pl2-sample35-sperm1.tif 0 0 0.4604414207754108 
ch00_p1-pl2-sample5-sperm3.tif 0 4 0.89568431515015 
ch00_p1-pl2-sample8-sperm6.tif 0 0 0.8975445045915735 
ch00_p1-pl2-sample9-sperm7.tif 0 0 0.5127306364046338 
ch00_p1-pl2-sample9-sperm9.tif 0 4 0.8686173481441969 
ch00_p1-pl3-sample1-sperm17.tif 0 0 0.6972095140792219 
ch00_p1-pl3-sample16-sperm7.tif 0 0 0.7451637883188713 
ch00_p1-pl3-sample20-sperm6.tif 0 4 0.9815847713841878 
ch00_p3-pl1-sample1-sperm1.tif 0 0 0.8724549429331677 
ch00_p3-pl1-sample19-sperm2.tif 0 0 0.5640473252629747 
ch00_p3-pl1-sample2-sperm4.tif 0 0 0.9629767895752982 
ch00_p3-pl1-sample25-sperm13.tif 0 4 0.6171246474133704 
ch00_p3-pl1-sample3-sperm4.tif 0 0 0.662027969424519 
ch00_p3-pl1-sample4-sperm4.tif 0 3 0.7834295446178186 
ch00_p4-pl1-sample15-sperm6.tif 0 0 0.7618912052232726 
ch00_p4-pl1-sample18-sperm4.tif 0 4 0.9512055787025514 
ch00_p4-pl1-sample2-sperm4.tif 0 4 0.7589846705650444 
ch00_p4-pl1-sample6-sperm1.tif 0 4 0.5509483088647925 
ch00_p4-pl1-sample9-sperm5.tif 0 4 0.8676720378319318 
ch00_p4-pl2-sample13-sperm1.tif 0 4 0.5842155061108316 
ch00_p4-pl2-sample16-sperm9.tif 0 4 0.8942416250080252 
ch00_p5-pl1-sample15-sperm10.tif 0 4 0.9722441302131608 
ch00_p5-pl1-sample2-sperm9.tif 0 4 0.6404254359351135 
ch00_p5-pl1-sample5-sperm3.tif 0 4 0.6278951983634781 
ch00_p1-pl2-sample11-sperm12.tif 1 1 0.9685456862230728 
ch00_p1-pl2-sample13-sperm10.tif 1 1 0.9844578564459829 
ch00_p1-pl2-sample13-sperm18.tif 1 1 0.9804539590354406 
ch00_p1-pl2-sample18-sperm1.tif 1 4 0.8589600219081804 
ch00_p1-pl2-sample18-sperm5.tif 1 1 0.978004318716475 
ch00_p1-pl2-sample19-sperm14.tif 1 2 0.6092011378117448 
ch00_p1-pl2-sample19-sperm8.tif 1 4 0.6565539249275896 
ch00_p1-pl2-sample19-sperm9.tif 1 1 0.9784970956134021 
ch00_p1-pl2-sample2-sperm12.tif 1 1 0.9100194287494027 
ch00_p1-pl2-sample2-sperm3.tif 1 4 0.8625316649263289 
ch00_p1-pl2-sample2-sperm4.tif 1 4 0.8151825717046554 
ch00_p1-pl2-sample21-sperm3.tif 1 1 0.9542002710581501 
ch00_p1-pl2-sample21-sperm6.tif 1 4 0.8071228641315604 
ch00_p1-pl2-sample22-sperm3.tif 1 4 0.670987072094525 
ch00_p1-pl2-sample23-sperm10.tif 1 1 0.7836824903979464 
ch00_p1-pl2-sample25-sperm8.tif 1 1 0.7643528002803128 
ch00_p1-pl2-sample29-sperm5.tif 1 1 0.67616555291108 
ch00_p1-pl2-sample3-sperm17.tif 1 1 0.9227359149953558 
ch00_p1-pl2-sample32-sperm10.tif 1 1 0.7664102548212418 
ch00_p1-pl2-sample4-sperm17.tif 1 2 0.554262546095402 
ch00_p1-pl2-sample6-sperm4.tif 1 1 0.9819192618770298 
ch00_p1-pl2-sample7-sperm2.tif 1 1 0.5483442596945836 
ch00_p1-pl2-sample8-sperm3.tif 1 1 0.8770953754941732 
ch00_p1-pl2-sample9-sperm11.tif 1 1 0.9823805624689512 
ch00_p1-pl2-sample9-sperm12.tif 1 2 0.5775632156427912 
ch00_p1-pl3-sample10-sperm4.tif 1 1 0.7298027203797496 
ch00_p1-pl3-sample10-sperm6.tif 1 1 0.9465067994577 
ch00_p1-pl3-sample11-sperm10.tif 1 1 0.9263452385985245 
ch00_p1-pl3-sample14-sperm8.tif 1 1 0.9362833227864474 
ch00_p1-pl3-sample16-sperm14.tif 1 4 0.600760706368581 
ch00_p1-pl3-sample18-sperm3.tif 1 1 0.8601391152698671 
ch00_p1-pl3-sample19-sperm4.tif 1 1 0.9055012675553342 
ch00_p1-pl3-sample24-sperm2.tif 1 4 0.5440149060229759 
ch00_p1-pl3-sample6-sperm16.tif 1 4 0.8383594664816705 
ch00_p1-pl3-sample7-sperm10.tif 1 1 0.9817073749030318 
ch00_p1-pl3-sample9-sperm13.tif 1 1 0.9771553330578951 
ch00_p3-pl1-sample14-sperm2.tif 1 4 0.9907721100605128 
ch00_p3-pl1-sample18-sperm3.tif 1 1 0.9268224658226178 
ch00_p3-pl1-sample19-sperm5.tif 1 1 0.957807180657658 
ch00_p3-pl1-sample2-sperm7.tif 1 1 0.9849221974637887 
ch00_p3-pl1-sample22-sperm2.tif 1 1 0.9467214566984103 
ch00_p3-pl1-sample23-sperm11.tif 1 4 0.795370708342098 
ch00_p3-pl1-sample26-sperm2.tif 1 4 0.9656387199324696 
ch00_p3-pl1-sample28-sperm7.tif 1 1 0.9633207766801926 
ch00_p3-pl1-sample3-sperm7.tif 1 1 0.9407289035071779 
ch00_p3-pl1-sample31-sperm6.tif 1 1 0.8779836930065538 
ch00_p3-pl1-sample32-sperm5.tif 1 1 0.961272645619789 
ch00_p3-pl1-sample4-sperm2.tif 1 1 0.890396040815115 
ch00_p3-pl1-sample6-sperm5.tif 1 1 0.9608603763431226 
ch00_p4-pl1-sample1-sperm11.tif 1 1 0.9438539976770638 
ch00_p4-pl1-sample1-sperm4.tif 1 1 0.9490365554310373 
ch00_p4-pl1-sample10-sperm18.tif 1 1 0.9156728381971921 
ch00_p4-pl1-sample3-sperm8.tif 1 2 0.5029265630015213 
ch00_p4-pl1-sample6-sperm5.tif 1 1 0.4672068110765607 
ch00_p4-pl1-sample8-sperm14.tif 1 4 0.9255216897757782 
ch00_p4-pl1-sample9-sperm13.tif 1 1 0.5733756304575295 
ch00_p4-pl2-sample1-sperm6.tif 1 1 0.8136616656427521 
ch00_p4-pl2-sample5-sperm7.tif 1 1 0.9786259972579343 
ch00_p4-pl2-sample7-sperm11.tif 1 4 0.983757087589517 
ch00_p5-pl1-sample11-sperm5.tif 1 1 0.6281772021246812 
ch00_p5-pl1-sample12-sperm17.tif 1 4 0.8229336476257127 
ch00_p5-pl1-sample14-sperm1.tif 1 1 0.8653754345851767 
ch00_p5-pl1-sample17-sperm15.tif 1 1 0.9145017731207737 
ch00_p5-pl1-sample2-sperm2.tif 1 4 0.8280436951273961 
ch00_p5-pl1-sample20-sperm11.tif 1 1 0.6860036653794317 
ch00_p5-pl1-sample20-sperm3.tif 1 1 0.932528300919253 
ch00_p5-pl1-sample20-sperm9.tif 1 1 0.985438742906258 
ch00_p5-pl1-sample7-sperm6.tif 1 4 0.8569759274281675 
ch00_p1-pl2-sample17-sperm12.tif 2 4 0.8874056850706139 
ch00_p1-pl2-sample2-sperm15.tif 2 4 0.9690298138538996 
ch00_p1-pl2-sample34-sperm5.tif 2 2 0.6887712901391464 
ch00_p1-pl2-sample35-sperm6.tif 2 4 0.7280997602161775 
ch00_p1-pl3-sample10-sperm5.tif 2 4 0.5283227634993535 
ch00_p1-pl3-sample12-sperm12.tif 2 2 0.5123135390398673 
ch00_p1-pl3-sample15-sperm14.tif 2 4 0.7118202681063155 
ch00_p1-pl3-sample17-sperm9.tif 2 2 0.978665930507776 
ch00_p1-pl3-sample5-sperm12.tif 2 4 0.9242255800648769 
ch00_p1-pl3-sample7-sperm13.tif 2 4 0.9432678195198142 
ch00_p3-pl1-sample25-sperm7.tif 2 1 0.8417747349894852 
ch00_p3-pl1-sample29-sperm10.tif 2 4 0.7762316325832903 
ch00_p4-pl1-sample12-sperm15.tif 2 4 0.9210546742007192 
ch00_p4-pl1-sample16-sperm4.tif 2 4 0.9733668021838486 
ch00_p4-pl1-sample17-sperm4.tif 2 1 0.5176832505590018 
ch00_p4-pl1-sample19-sperm7.tif 2 4 0.9541902275218869 
ch00_p4-pl1-sample2-sperm8.tif 2 4 0.9387707096176343 
ch00_p4-pl1-sample4-sperm6.tif 2 4 0.9006429353384505 
ch00_p4-pl1-sample6-sperm2.tif 2 4 0.6144247841626383 
ch00_p4-pl1-sample7-sperm15.tif 2 4 0.7791492918740536 
ch00_p4-pl2-sample3-sperm10.tif 2 4 0.9107913907690575 
ch00_p4-pl2-sample4-sperm11.tif 2 2 0.49447595208086714 
ch00_p1-pl2-sample11-sperm3.tif 3 3 0.9695032591810269 
ch00_p1-pl2-sample17-sperm6.tif 3 4 0.868191472635725 
ch00_p1-pl2-sample21-sperm5.tif 3 0 0.7871053833501511 
ch00_p1-pl2-sample22-sperm2.tif 3 3 0.8593038460153691 
ch00_p1-pl2-sample5-sperm4.tif 3 3 0.5058195079349871 
ch00_p1-pl2-sample7-sperm4.tif 3 3 0.6678877223345097 
ch00_p1-pl3-sample15-sperm11.tif 3 4 0.5714566841551749 
ch00_p1-pl3-sample16-sperm11.tif 3 3 0.895977880079762 
ch00_p1-pl3-sample23-sperm15.tif 3 4 0.9945158373274364 
ch00_p1-pl3-sample25-sperm14.tif 3 3 0.9595983738261538 
ch00_p1-pl3-sample4-sperm4.tif 3 4 0.6562215674348062 
ch00_p1-pl3-sample9-sperm9.tif 3 4 0.6080885473049045 
ch00_p3-pl1-sample30-sperm1.tif 3 3 0.9363592403733552 
ch00_p3-pl1-sample31-sperm3.tif 3 4 0.916394715851469 
ch00_p4-pl1-sample10-sperm2.tif 3 4 0.9683706941436118 
ch00_p4-pl1-sample20-sperm4.tif 3 4 0.7087244948632109 
ch00_p4-pl1-sample20-sperm8.tif 3 3 0.9176782102265413 
ch00_p4-pl2-sample12-sperm8.tif 3 3 0.7234287355124696 
ch00_p4-pl2-sample8-sperm3.tif 3 4 0.812549271704975 
ch00_p5-pl1-sample10-sperm3.tif 3 3 0.9334689865608046 
ch00_p5-pl1-sample18-sperm1.tif 3 3 0.6883292176189016 
ch00_p1-pl2-sample1-sperm4.tif 4 1 0.9620894646055381 
ch00_p1-pl2-sample10-sperm12.tif 4 0 0.42351878821621725 
ch00_p1-pl2-sample11-sperm9.tif 4 4 0.976305119149531 
ch00_p1-pl2-sample12-sperm1.tif 4 2 0.8569314782969663 
ch00_p1-pl2-sample12-sperm8.tif 4 4 0.9807781517932409 
ch00_p1-pl2-sample13-sperm1.tif 4 1 0.9170267968147757 
ch00_p1-pl2-sample13-sperm14.tif 4 4 0.9076128620636524 
ch00_p1-pl2-sample13-sperm5.tif 4 4 0.9485063403143605 
ch00_p1-pl2-sample14-sperm11.tif 4 4 0.9450414103382945 
ch00_p1-pl2-sample14-sperm2.tif 4 4 0.6462733426590096 
ch00_p1-pl2-sample2-sperm11.tif 4 4 0.7718107334614931 
ch00_p1-pl2-sample2-sperm17.tif 4 0 0.8698213246383439 
ch00_p1-pl2-sample20-sperm2.tif 4 4 0.8653664568111004 
ch00_p1-pl2-sample20-sperm5.tif 4 4 0.8461218953460439 
ch00_p1-pl2-sample22-sperm11.tif 4 3 0.5012447973047139 
ch00_p1-pl2-sample23-sperm16.tif 4 4 0.9447623905394016 
ch00_p1-pl2-sample23-sperm17.tif 4 4 0.7883883956794333 
ch00_p1-pl2-sample29-sperm4.tif 4 4 0.586714741106828 
ch00_p1-pl2-sample3-sperm1.tif 4 4 0.8910467280930566 
ch00_p1-pl2-sample3-sperm13.tif 4 1 0.7240847501510659 
ch00_p1-pl2-sample3-sperm15.tif 4 4 0.9120167025318366 
ch00_p1-pl2-sample3-sperm8.tif 4 4 0.44310335385449934 
ch00_p1-pl2-sample30-sperm1.tif 4 4 0.751859439827671 
ch00_p1-pl2-sample30-sperm10.tif 4 4 0.6742268275185835 
ch00_p1-pl2-sample30-sperm4.tif 4 4 0.9583587427643105 
ch00_p1-pl2-sample31-sperm12.tif 4 4 0.9471590432085298 
ch00_p1-pl2-sample31-sperm3.tif 4 1 0.9544877868603567 
ch00_p1-pl2-sample31-sperm9.tif 4 4 0.9173013443523168 
ch00_p1-pl2-sample32-sperm1.tif 4 4 0.6096392420058985 
ch00_p1-pl2-sample33-sperm3.tif 4 4 0.9779430477126653 
ch00_p1-pl2-sample34-sperm6.tif 4 4 0.9449860378983487 
ch00_p1-pl2-sample34-sperm7.tif 4 4 0.9968263882241648 
ch00_p1-pl2-sample34-sperm8.tif 4 4 0.9807824495630609 
ch00_p1-pl2-sample5-sperm12.tif 4 4 0.4906622020361063 
ch00_p1-pl2-sample5-sperm13.tif 4 1 0.8465535542479711 
ch00_p1-pl2-sample7-sperm1.tif 4 4 0.9619960686775051 
ch00_p1-pl2-sample7-sperm5.tif 4 4 0.9086544093522781 
ch00_p1-pl2-sample9-sperm18.tif 4 4 0.8723157670699551 
ch00_p1-pl2-sample9-sperm4.tif 4 4 0.8383866965326601 
ch00_p1-pl3-sample1-sperm13.tif 4 4 0.8126419979123044 
ch00_p1-pl3-sample10-sperm7.tif 4 4 0.8329309968973267 
ch00_p1-pl3-sample12-sperm3.tif 4 4 0.9512289290580362 
ch00_p1-pl3-sample13-sperm7.tif 4 4 0.9557153347097429 
ch00_p1-pl3-sample14-sperm1.tif 4 4 0.7064764174599686 
ch00_p1-pl3-sample14-sperm11.tif 4 3 0.80247747066096 
ch00_p1-pl3-sample15-sperm19.tif 4 4 0.9439460629505144 
ch00_p1-pl3-sample15-sperm9.tif 4 0 0.6295074371854584 
ch00_p1-pl3-sample16-sperm17.tif 4 4 0.8530702052118143 
ch00_p1-pl3-sample17-sperm7.tif 4 4 0.9889225474911513 
ch00_p1-pl3-sample18-sperm6.tif 4 4 0.9899082723468146 
ch00_p1-pl3-sample19-sperm1.tif 4 0 0.5638246998903667 
ch00_p1-pl3-sample19-sperm3.tif 4 1 0.985911768498484 
ch00_p1-pl3-sample19-sperm8.tif 4 0 0.9630228303895545 
ch00_p1-pl3-sample2-sperm12.tif 4 4 0.9631916656224558 
ch00_p1-pl3-sample2-sperm14.tif 4 1 0.8127076888434501 
ch00_p1-pl3-sample2-sperm4.tif 4 4 0.7672117080113965 
ch00_p1-pl3-sample2-sperm8.tif 4 4 0.9237302971983993 
ch00_p1-pl3-sample20-sperm12.tif 4 4 0.978833504998915 
ch00_p1-pl3-sample20-sperm8.tif 4 4 0.9623218377139618 
ch00_p1-pl3-sample21-sperm6.tif 4 0 0.9754958584039997 
ch00_p1-pl3-sample22-sperm1.tif 4 1 0.7150491170084848 
ch00_p1-pl3-sample22-sperm9.tif 4 4 0.8802940874056223 
ch00_p1-pl3-sample23-sperm17.tif 4 4 0.9656951479988062 
ch00_p1-pl3-sample24-sperm7.tif 4 3 0.9608562106046449 
ch00_p1-pl3-sample25-sperm4.tif 4 2 0.9434109465763996 
ch00_p1-pl3-sample3-sperm4.tif 4 4 0.8745536261380161 
ch00_p1-pl3-sample3-sperm7.tif 4 4 0.5575088974479708 
ch00_p1-pl3-sample4-sperm3.tif 4 3 0.9874955859875132 
ch00_p1-pl3-sample4-sperm9.tif 4 4 0.8971645256343094 
ch00_p1-pl3-sample5-sperm6.tif 4 4 0.7990719535659617 
ch00_p1-pl3-sample5-sperm9.tif 4 4 0.6562603840258998 
ch00_p1-pl3-sample6-sperm14.tif 4 4 0.9661506535638281 
ch00_p1-pl3-sample6-sperm5.tif 4 4 0.9854944224315191 
ch00_p1-pl3-sample6-sperm6.tif 4 4 0.7034700222399154 
ch00_p1-pl3-sample7-sperm2.tif 4 4 0.9855118747085705 
ch00_p1-pl3-sample7-sperm3.tif 4 4 0.9267947469484802 
ch00_p1-pl3-sample8-sperm8.tif 4 4 0.9376668835736262 
ch00_p3-pl1-sample12-sperm7.tif 4 4 0.7830225374107009 
ch00_p3-pl1-sample13-sperm1.tif 4 1 0.9288806596580051 
ch00_p3-pl1-sample13-sperm4.tif 4 4 0.828593320616674 
ch00_p3-pl1-sample13-sperm6.tif 4 0 0.6252369557838171 
ch00_p3-pl1-sample16-sperm1.tif 4 4 0.8791782909035045 
ch00_p3-pl1-sample16-sperm3.tif 4 4 0.8845477808738975 
ch00_p3-pl1-sample16-sperm5.tif 4 0 0.5041490754767619 
ch00_p3-pl1-sample19-sperm3.tif 4 4 0.8020574717130485 
ch00_p3-pl1-sample2-sperm10.tif 4 4 0.602359248563157 
ch00_p3-pl1-sample23-sperm2.tif 4 4 0.9796321446071891 
ch00_p3-pl1-sample23-sperm7.tif 4 3 0.6476810271135365 
ch00_p3-pl1-sample23-sperm9.tif 4 0 0.7468959059786183 
ch00_p3-pl1-sample24-sperm2.tif 4 4 0.7290233118388199 
ch00_p3-pl1-sample24-sperm4.tif 4 4 0.9896684488975974 
ch00_p3-pl1-sample25-sperm2.tif 4 1 0.5996454580787215 
ch00_p3-pl1-sample26-sperm1.tif 4 4 0.9678826015618219 
ch00_p3-pl1-sample26-sperm5.tif 4 4 0.9300171538379354 
ch00_p3-pl1-sample27-sperm3.tif 4 3 0.9662197883383473 
ch00_p3-pl1-sample31-sperm1.tif 4 4 0.6629744205735398 
ch00_p3-pl1-sample31-sperm7.tif 4 4 0.476813320711046 
ch00_p3-pl1-sample7-sperm1.tif 4 4 0.9738088549299172 
ch00_p3-pl1-sample7-sperm11.tif 4 4 0.9642315708378797 
ch00_p3-pl1-sample7-sperm7.tif 4 1 0.8539907286670402 
ch00_p3-pl1-sample9-sperm9.tif 4 4 0.8309523830195009 
ch00_p4-pl1-sample1-sperm8.tif 4 4 0.914222098850362 
ch00_p4-pl1-sample10-sperm11.tif 4 1 0.7662634141094212 
ch00_p4-pl1-sample10-sperm21.tif 4 1 0.6074001375562226 
ch00_p4-pl1-sample11-sperm1.tif 4 2 0.5989559788483845 
ch00_p4-pl1-sample11-sperm8.tif 4 0 0.8556942738129046 
ch00_p4-pl1-sample12-sperm1.tif 4 1 0.9695787434928818 
ch00_p4-pl1-sample12-sperm2.tif 4 2 0.44159227508215465 
ch00_p4-pl1-sample12-sperm3.tif 4 1 0.6883904025455805 
ch00_p4-pl1-sample12-sperm6.tif 4 1 0.8912372523929734 
ch00_p4-pl1-sample12-sperm9.tif 4 4 0.9547800649498386 
ch00_p4-pl1-sample13-sperm5.tif 4 4 0.9868846593271284 
ch00_p4-pl1-sample13-sperm8.tif 4 1 0.9164395193033851 
ch00_p4-pl1-sample14-sperm13.tif 4 0 0.8945649214874358 
ch00_p4-pl1-sample14-sperm4.tif 4 4 0.7392434076557732 
ch00_p4-pl1-sample15-sperm10.tif 4 1 0.9827803959979747 
ch00_p4-pl1-sample16-sperm1.tif 4 1 0.9832732161623327 
ch00_p4-pl1-sample16-sperm16.tif 4 4 0.9821357810876357 
ch00_p4-pl1-sample16-sperm3.tif 4 1 0.7472957744192404 
ch00_p4-pl1-sample16-sperm5.tif 4 4 0.8953071857560441 
ch00_p4-pl1-sample16-sperm8.tif 4 4 0.9805383113403737 
ch00_p4-pl1-sample17-sperm10.tif 4 4 0.9579905983001976 
ch00_p4-pl1-sample17-sperm5.tif 4 2 0.5551161227441938 
ch00_p4-pl1-sample19-sperm9.tif 4 4 0.5743640062336357 
ch00_p4-pl1-sample2-sperm10.tif 4 4 0.5161534421517618 
ch00_p4-pl1-sample2-sperm12.tif 4 4 0.9490338103393928 
ch00_p4-pl1-sample2-sperm3.tif 4 4 0.9317598891737023 
ch00_p4-pl1-sample20-sperm1.tif 4 2 0.5767259933049598 
ch00_p4-pl1-sample20-sperm3.tif 4 4 0.897188661920854 
ch00_p4-pl1-sample20-sperm5.tif 4 4 0.9660061999865405 
ch00_p4-pl1-sample4-sperm10.tif 4 4 0.9282855881933687 
ch00_p4-pl1-sample4-sperm14.tif 4 4 0.8945900026044814 
ch00_p4-pl1-sample4-sperm9.tif 4 4 0.7873019377847301 
ch00_p4-pl1-sample5-sperm7.tif 4 4 0.9379193615709343 
ch00_p4-pl1-sample6-sperm11.tif 4 4 0.9793174226486323 
ch00_p4-pl1-sample6-sperm8.tif 4 4 0.5717867483987527 
ch00_p4-pl1-sample6-sperm9.tif 4 4 0.8862479037044964 
ch00_p4-pl1-sample7-sperm17.tif 4 0 0.9112038633849278 
ch00_p4-pl1-sample8-sperm1.tif 4 1 0.9506682882120361 
ch00_p4-pl1-sample8-sperm6.tif 4 4 0.8132917883571101 
ch00_p4-pl1-sample9-sperm12.tif 4 4 0.8007847452247049 
ch00_p4-pl1-sample9-sperm4.tif 4 4 0.6866195787146926 
ch00_p4-pl2-sample10-sperm7.tif 4 4 0.9593166425425322 
ch00_p4-pl2-sample10-sperm8.tif 4 4 0.7480210609798935 
ch00_p4-pl2-sample11-sperm4.tif 4 4 0.980444363642618 
ch00_p4-pl2-sample13-sperm7.tif 4 0 0.4870012357062687 
ch00_p4-pl2-sample13-sperm9.tif 4 4 0.9707376177682169 
ch00_p4-pl2-sample14-sperm10.tif 4 4 0.6066364344895008 
ch00_p4-pl2-sample15-sperm4.tif 4 4 0.9005213492916692 
ch00_p4-pl2-sample15-sperm5.tif 4 4 0.9856189441742293 
ch00_p4-pl2-sample16-sperm7.tif 4 4 0.7304141668916958 
ch00_p4-pl2-sample19-sperm2.tif 4 4 0.6315168545722243 
ch00_p4-pl2-sample2-sperm10.tif 4 4 0.9605852008435345 
ch00_p4-pl2-sample2-sperm2.tif 4 4 0.9490528147896337 
ch00_p4-pl2-sample2-sperm3.tif 4 4 0.6749878294036988 
ch00_p4-pl2-sample2-sperm6.tif 4 4 0.9382297154781942 
ch00_p4-pl2-sample20-sperm6.tif 4 4 0.9276275647825363 
ch00_p4-pl2-sample20-sperm8.tif 4 4 0.9916184203433641 
ch00_p4-pl2-sample3-sperm4.tif 4 1 0.9764645246817403 
ch00_p4-pl2-sample3-sperm9.tif 4 4 0.953776015287783 
ch00_p4-pl2-sample4-sperm2.tif 4 4 0.7758884763584362 
ch00_p4-pl2-sample4-sperm4.tif 4 1 0.9114532249815137 
ch00_p4-pl2-sample5-sperm4.tif 4 0 0.4616185456984783 
ch00_p4-pl2-sample5-sperm5.tif 4 3 0.8649234523745375 
ch00_p4-pl2-sample7-sperm6.tif 4 4 0.9334861617816897 
ch00_p4-pl2-sample7-sperm8.tif 4 4 0.9870350977709871 
ch00_p4-pl2-sample8-sperm1.tif 4 3 0.6203930340131825 
ch00_p4-pl2-sample9-sperm4.tif 4 4 0.9938487701785241 
ch00_p4-pl2-sample9-sperm7.tif 4 4 0.6793878944373996 
ch00_p5-pl1-sample1-sperm12.tif 4 4 0.8710896922393638 
ch00_p5-pl1-sample1-sperm5.tif 4 4 0.6932707040713925 
ch00_p5-pl1-sample1-sperm6.tif 4 1 0.37315810897338425 
ch00_p5-pl1-sample11-sperm4.tif 4 4 0.9915970552300584 
ch00_p5-pl1-sample12-sperm14.tif 4 4 0.6695055982180752 
ch00_p5-pl1-sample12-sperm16.tif 4 4 0.9578520447977606 
ch00_p5-pl1-sample12-sperm5.tif 4 4 0.7059264354591749 
ch00_p5-pl1-sample13-sperm5.tif 4 4 0.9754225402608123 
ch00_p5-pl1-sample15-sperm4.tif 4 4 0.6276816654203364 
ch00_p5-pl1-sample15-sperm6.tif 4 4 0.9615605584369834 
ch00_p5-pl1-sample17-sperm10.tif 4 3 0.7081868599571322 
ch00_p5-pl1-sample17-sperm3.tif 4 4 0.7334843125639285 
ch00_p5-pl1-sample17-sperm9.tif 4 1 0.8518904753984357 
ch00_p5-pl1-sample19-sperm13.tif 4 0 0.6467942246772688 
ch00_p5-pl1-sample2-sperm6.tif 4 4 0.9820307744934638 
ch00_p5-pl1-sample20-sperm12.tif 4 3 0.6042584179057604 
ch00_p5-pl1-sample20-sperm5.tif 4 4 0.6335930998397651 
ch00_p5-pl1-sample3-sperm13.tif 4 4 0.9359583206904538 
ch00_p5-pl1-sample3-sperm17.tif 4 4 0.8514306080809491 
ch00_p5-pl1-sample3-sperm21.tif 4 0 0.48448574581880127 
ch00_p5-pl1-sample3-sperm23.tif 4 4 0.9633064888761262 
ch00_p5-pl1-sample3-sperm5.tif 4 4 0.9631272993449298 
ch00_p5-pl1-sample5-sperm18.tif 4 3 0.8886487696518892 
ch00_p5-pl1-sample5-sperm9.tif 4 4 0.993793550623699 
ch00_p5-pl1-sample6-sperm15.tif 4 1 0.5783338282759327 
ch00_p5-pl1-sample8-sperm4.tif 4 4 0.6739402703292824 
ch00_p5-pl1-sample9-sperm4.tif 4 4 0.9918246271638079 
