ch00_p1-pl2-sample1-sperm10.tif 0 0 0.8374255672230986 
ch00_p1-pl2-sample1-sperm3.tif 0 0 0.9999929439747146 
ch00_p1-pl2-sample1-sperm5.tif 0 3 0.7697470536954739 
ch00_p1-pl2-sample10-sperm1.tif 0 0 0.9327279160698669 
ch00_p1-pl2-sample10-sperm4.tif 0 0 0.6116377631609611 
ch00_p1-pl2-sample25-sperm4.tif 0 4 0.9358313678756256 
ch00_p1-pl2-sample35-sperm1.tif 0 4 0.7915410984674078 
ch00_p1-pl2-sample5-sperm3.tif 0 0 0.728013883338753 
ch00_p1-pl2-sample8-sperm6.tif 0 0 0.69815573441493 
ch00_p1-pl2-sample9-sperm7.tif 0 4 0.9816924240605879 
ch00_p1-pl2-sample9-sperm9.tif 0 4 0.7729399416937386 
ch00_p1-pl3-sample1-sperm17.tif 0 0 0.9995001605249756 
ch00_p1-pl3-sample16-sperm7.tif 0 0 0.7616884553137615 
ch00_p1-pl3-sample20-sperm6.tif 0 4 0.999999958534914 
ch00_p3-pl1-sample1-sperm1.tif 0 0 0.48702574639295904 
ch00_p3-pl1-sample19-sperm2.tif 0 4 0.8508551203106157 
ch00_p3-pl1-sample2-sperm4.tif 0 0 0.8154682010287884 
ch00_p3-pl1-sample25-sperm13.tif 0 4 0.8735206361745645 
ch00_p3-pl1-sample3-sperm4.tif 0 4 0.9882206421754136 
ch00_p3-pl1-sample4-sperm4.tif 0 0 0.7653194251711112 
ch00_p4-pl1-sample15-sperm6.tif 0 0 0.7945996234991465 
ch00_p4-pl1-sample18-sperm4.tif 0 4 0.9988592874363259 
ch00_p4-pl1-sample2-sperm4.tif 0 4 0.7182348088932791 
ch00_p4-pl1-sample6-sperm1.tif 0 4 0.8625207787323038 
ch00_p4-pl1-sample9-sperm5.tif 0 4 0.9947998139804629 
ch00_p4-pl2-sample13-sperm1.tif 0 4 0.9152956623066556 
ch00_p4-pl2-sample16-sperm9.tif 0 0 0.8601171246765332 
ch00_p5-pl1-sample15-sperm10.tif 0 4 0.9948034839508295 
ch00_p5-pl1-sample2-sperm9.tif 0 4 0.9498144223605605 
ch00_p5-pl1-sample5-sperm3.tif 0 4 0.9828166418178647 
ch00_p1-pl2-sample11-sperm12.tif 1 1 0.9987668844265734 
ch00_p1-pl2-sample13-sperm10.tif 1 1 0.998712572801234 
ch00_p1-pl2-sample13-sperm18.tif 1 1 0.9999450504051987 
ch00_p1-pl2-sample18-sperm1.tif 1 2 0.5097960965479932 
ch00_p1-pl2-sample18-sperm5.tif 1 1 0.9899344227482846 
ch00_p1-pl2-sample19-sperm14.tif 1 1 0.7009905100793631 
ch00_p1-pl2-sample19-sperm8.tif 1 4 0.9880104027086876 
ch00_p1-pl2-sample19-sperm9.tif 1 1 0.9426916095981808 
ch00_p1-pl2-sample2-sperm12.tif 1 4 0.8580025532680113 
ch00_p1-pl2-sample2-sperm3.tif 1 4 0.8901945199137804 
ch00_p1-pl2-sample2-sperm4.tif 1 1 0.9412680821126386 
ch00_p1-pl2-sample21-sperm3.tif 1 1 0.999433800388183 
ch00_p1-pl2-sample21-sperm6.tif 1 4 0.9706806901450039 
ch00_p1-pl2-sample22-sperm3.tif 1 1 0.9513265233073585 
ch00_p1-pl2-sample23-sperm10.tif 1 4 0.9884218675954375 
ch00_p1-pl2-sample25-sperm8.tif 1 1 0.9230505609446399 
ch00_p1-pl2-sample29-sperm5.tif 1 4 0.999999717822298 
ch00_p1-pl2-sample3-sperm17.tif 1 1 0.6427297095122694 
ch00_p1-pl2-sample32-sperm10.tif 1 4 0.5604582586214385 
ch00_p1-pl2-sample4-sperm17.tif 1 1 0.8997992122184567 
ch00_p1-pl2-sample6-sperm4.tif 1 1 0.9998636416789255 
ch00_p1-pl2-sample7-sperm2.tif 1 4 0.9969143655389452 
ch00_p1-pl2-sample8-sperm3.tif 1 1 0.9930216390719705 
ch00_p1-pl2-sample9-sperm11.tif 1 1 0.9998270046587562 
ch00_p1-pl2-sample9-sperm12.tif 1 4 0.7321699486741253 
ch00_p1-pl3-sample10-sperm4.tif 1 4 0.8474359122064361 
ch00_p1-pl3-sample10-sperm6.tif 1 4 0.6208224137567672 
ch00_p1-pl3-sample11-sperm10.tif 1 1 0.9478180148050551 
ch00_p1-pl3-sample14-sperm8.tif 1 1 0.9638006920485007 
ch00_p1-pl3-sample16-sperm14.tif 1 1 0.9934657839280583 
ch00_p1-pl3-sample18-sperm3.tif 1 1 0.9055132717536188 
ch00_p1-pl3-sample19-sperm4.tif 1 1 0.9880178735184707 
ch00_p1-pl3-sample24-sperm2.tif 1 4 0.9715555132532478 
ch00_p1-pl3-sample6-sperm16.tif 1 4 0.994636719351289 
ch00_p1-pl3-sample7-sperm10.tif 1 4 0.8772883420707183 
ch00_p1-pl3-sample9-sperm13.tif 1 1 0.9440955393137962 
ch00_p3-pl1-sample14-sperm2.tif 1 4 0.9970281572926261 
ch00_p3-pl1-sample18-sperm3.tif 1 1 0.9960829670252074 
ch00_p3-pl1-sample19-sperm5.tif 1 1 0.9999993922868119 
ch00_p3-pl1-sample2-sperm7.tif 1 1 0.9991336542067958 
ch00_p3-pl1-sample22-sperm2.tif 1 4 0.9999993450807648 
ch00_p3-pl1-sample23-sperm11.tif 1 1 0.9705364383719355 
ch00_p3-pl1-sample26-sperm2.tif 1 4 0.7123862508406879 
ch00_p3-pl1-sample28-sperm7.tif 1 1 0.6609943009607706 
ch00_p3-pl1-sample3-sperm7.tif 1 1 0.9980185655329649 
ch00_p3-pl1-sample31-sperm6.tif 1 1 0.9975789914872162 
ch00_p3-pl1-sample32-sperm5.tif 1 1 0.999960232298439 
ch00_p3-pl1-sample4-sperm2.tif 1 1 0.9978918023345893 
ch00_p3-pl1-sample6-sperm5.tif 1 4 0.9037217459213025 
ch00_p4-pl1-sample1-sperm11.tif 1 4 0.5342751697900393 
ch00_p4-pl1-sample1-sperm4.tif 1 1 0.9906436865468286 
ch00_p4-pl1-sample10-sperm18.tif 1 1 0.9999863747264661 
ch00_p4-pl1-sample3-sperm8.tif 1 2 0.8729972139004718 
ch00_p4-pl1-sample6-sperm5.tif 1 2 0.44009700598420476 
ch00_p4-pl1-sample8-sperm14.tif 1 4 0.9709237043279223 
ch00_p4-pl1-sample9-sperm13.tif 1 1 0.7304914811288685 
ch00_p4-pl2-sample1-sperm6.tif 1 1 0.9160144244919953 
ch00_p4-pl2-sample5-sperm7.tif 1 1 0.9998994953009479 
ch00_p4-pl2-sample7-sperm11.tif 1 1 0.5730804044207426 
ch00_p5-pl1-sample11-sperm5.tif 1 1 0.953200340965465 
ch00_p5-pl1-sample12-sperm17.tif 1 1 0.9163494152498853 
ch00_p5-pl1-sample14-sperm1.tif 1 4 0.9149331284240864 
ch00_p5-pl1-sample17-sperm15.tif 1 1 0.9675450079236473 
ch00_p5-pl1-sample2-sperm2.tif 1 1 0.9964231905970853 
ch00_p5-pl1-sample20-sperm11.tif 1 1 0.9304182177472169 
ch00_p5-pl1-sample20-sperm3.tif 1 1 0.9998043401459182 
ch00_p5-pl1-sample20-sperm9.tif 1 1 0.9981025186853701 
ch00_p5-pl1-sample7-sperm6.tif 1 1 0.9624402999865229 
ch00_p1-pl2-sample17-sperm12.tif 2 2 0.9446509617140286 
ch00_p1-pl2-sample2-sperm15.tif 2 4 0.9876329941821127 
ch00_p1-pl2-sample34-sperm5.tif 2 2 0.5938007268700051 
ch00_p1-pl2-sample35-sperm6.tif 2 2 0.9893755503110997 
ch00_p1-pl3-sample10-sperm5.tif 2 2 0.8948797213336517 
ch00_p1-pl3-sample12-sperm12.tif 2 1 0.8457533365539167 
ch00_p1-pl3-sample15-sperm14.tif 2 2 0.997234937915946 
ch00_p1-pl3-sample17-sperm9.tif 2 2 0.9997920777827668 
ch00_p1-pl3-sample5-sperm12.tif 2 4 0.4725825824736034 
ch00_p1-pl3-sample7-sperm13.tif 2 4 0.9118923662807183 
ch00_p3-pl1-sample25-sperm7.tif 2 1 0.9354139629177182 
ch00_p3-pl1-sample29-sperm10.tif 2 2 0.6695074967318834 
ch00_p4-pl1-sample12-sperm15.tif 2 4 0.8429529590928305 
ch00_p4-pl1-sample16-sperm4.tif 2 4 0.9146299043716127 
ch00_p4-pl1-sample17-sperm4.tif 2 1 0.5670381979644014 
ch00_p4-pl1-sample19-sperm7.tif 2 4 0.9983582097450321 
ch00_p4-pl1-sample2-sperm8.tif 2 4 0.6549873139404249 
ch00_p4-pl1-sample4-sperm6.tif 2 4 0.8481753499085534 
ch00_p4-pl1-sample6-sperm2.tif 2 4 0.9450370672654738 
ch00_p4-pl1-sample7-sperm15.tif 2 4 0.996074329435235 
ch00_p4-pl2-sample3-sperm10.tif 2 4 0.9975915736106071 
ch00_p4-pl2-sample4-sperm11.tif 2 4 0.9745306083595114 
ch00_p1-pl2-sample11-sperm3.tif 3 4 0.9986831870942287 
ch00_p1-pl2-sample17-sperm6.tif 3 4 0.7226719318715524 
ch00_p1-pl2-sample21-sperm5.tif 3 0 0.8784308708360885 
ch00_p1-pl2-sample22-sperm2.tif 3 3 0.9659169307337667 
ch00_p1-pl2-sample5-sperm4.tif 3 4 0.8544175120012452 
ch00_p1-pl2-sample7-sperm4.tif 3 4 0.9477514764467719 
ch00_p1-pl3-sample15-sperm11.tif 3 0 0.6888434393893093 
ch00_p1-pl3-sample16-sperm11.tif 3 4 0.9988415350860024 
ch00_p1-pl3-sample23-sperm15.tif 3 4 0.9999999968103568 
ch00_p1-pl3-sample25-sperm14.tif 3 3 0.9947146950960288 
ch00_p1-pl3-sample4-sperm4.tif 3 4 0.5524070816095116 
ch00_p1-pl3-sample9-sperm9.tif 3 4 0.8347636893695765 
ch00_p3-pl1-sample30-sperm1.tif 3 3 0.9217664241266672 
ch00_p3-pl1-sample31-sperm3.tif 3 3 0.5337707876325245 
ch00_p4-pl1-sample10-sperm2.tif 3 4 0.9999999949237568 
ch00_p4-pl1-sample20-sperm4.tif 3 4 0.9541886331020595 
ch00_p4-pl1-sample20-sperm8.tif 3 3 0.5890309812936845 
ch00_p4-pl2-sample12-sperm8.tif 3 4 0.9946327607587407 
ch00_p4-pl2-sample8-sperm3.tif 3 4 0.8910804322127943 
ch00_p5-pl1-sample10-sperm3.tif 3 3 0.6638801626463776 
ch00_p5-pl1-sample18-sperm1.tif 3 4 0.9976076197329412 
ch00_p1-pl2-sample1-sperm4.tif 4 1 0.9933094324644691 
ch00_p1-pl2-sample10-sperm12.tif 4 4 0.9999999559117058 
ch00_p1-pl2-sample11-sperm9.tif 4 4 0.9936345242876298 
ch00_p1-pl2-sample12-sperm1.tif 4 4 0.8376084432536633 
ch00_p1-pl2-sample12-sperm8.tif 4 4 0.9760961419566948 
ch00_p1-pl2-sample13-sperm1.tif 4 4 0.9704013065249663 
ch00_p1-pl2-sample13-sperm14.tif 4 4 0.8216169799371132 
ch00_p1-pl2-sample13-sperm5.tif 4 4 0.9903862008900499 
ch00_p1-pl2-sample14-sperm11.tif 4 4 0.9904409298734433 
ch00_p1-pl2-sample14-sperm2.tif 4 4 0.9944116927729938 
ch00_p1-pl2-sample2-sperm11.tif 4 4 0.9838747384767993 
ch00_p1-pl2-sample2-sperm17.tif 4 0 0.8561110928447904 
ch00_p1-pl2-sample20-sperm2.tif 4 4 0.9999999999816346 
ch00_p1-pl2-sample20-sperm5.tif 4 4 0.9844662780383467 
ch00_p1-pl2-sample22-sperm11.tif 4 4 0.9812745837353336 
ch00_p1-pl2-sample23-sperm16.tif 4 4 0.9999983478916703 
ch00_p1-pl2-sample23-sperm17.tif 4 4 0.9874846032668305 
ch00_p1-pl2-sample29-sperm4.tif 4 4 0.9173400114435052 
ch00_p1-pl2-sample3-sperm1.tif 4 4 0.5487239008461219 
ch00_p1-pl2-sample3-sperm13.tif 4 4 0.381034961835079 
ch00_p1-pl2-sample3-sperm15.tif 4 0 0.764889781521064 
ch00_p1-pl2-sample3-sperm8.tif 4 0 0.5956707424827818 
ch00_p1-pl2-sample30-sperm1.tif 4 4 0.9982376689557375 
ch00_p1-pl2-sample30-sperm10.tif 4 4 0.518649212691719 
ch00_p1-pl2-sample30-sperm4.tif 4 4 0.9346432484538696 
ch00_p1-pl2-sample31-sperm12.tif 4 4 0.7361694467180886 
ch00_p1-pl2-sample31-sperm3.tif 4 4 0.6198971570298755 
ch00_p1-pl2-sample31-sperm9.tif 4 4 0.8505762464948746 
ch00_p1-pl2-sample32-sperm1.tif 4 2 0.5037908295122525 
ch00_p1-pl2-sample33-sperm3.tif 4 4 0.9976425804717268 
ch00_p1-pl2-sample34-sperm6.tif 4 4 0.870913074452733 
ch00_p1-pl2-sample34-sperm7.tif 4 4 0.9868123922928113 
ch00_p1-pl2-sample34-sperm8.tif 4 4 0.8791434176635873 
ch00_p1-pl2-sample5-sperm12.tif 4 4 0.44629187724403924 
ch00_p1-pl2-sample5-sperm13.tif 4 4 0.9625184592629533 
ch00_p1-pl2-sample7-sperm1.tif 4 4 0.9342371105449588 
ch00_p1-pl2-sample7-sperm5.tif 4 4 0.9999998672870631 
ch00_p1-pl2-sample9-sperm18.tif 4 0 0.5799449744407326 
ch00_p1-pl2-sample9-sperm4.tif 4 4 0.9999992493013063 
ch00_p1-pl3-sample1-sperm13.tif 4 4 0.7160251782440354 
ch00_p1-pl3-sample10-sperm7.tif 4 4 0.9824153125889009 
ch00_p1-pl3-sample12-sperm3.tif 4 4 0.9260039257159473 
ch00_p1-pl3-sample13-sperm7.tif 4 4 0.9955443119734967 
ch00_p1-pl3-sample14-sperm1.tif 4 3 0.7757103467797358 
ch00_p1-pl3-sample14-sperm11.tif 4 4 0.9999999968000473 
ch00_p1-pl3-sample15-sperm19.tif 4 4 0.9999995725424196 
ch00_p1-pl3-sample15-sperm9.tif 4 1 0.8536578586502749 
ch00_p1-pl3-sample16-sperm17.tif 4 4 0.9452423030990729 
ch00_p1-pl3-sample17-sperm7.tif 4 4 0.993606381985291 
ch00_p1-pl3-sample18-sperm6.tif 4 2 0.512698696116119 
ch00_p1-pl3-sample19-sperm1.tif 4 4 0.9999999814598678 
ch00_p1-pl3-sample19-sperm3.tif 4 1 0.8530711123168251 
ch00_p1-pl3-sample19-sperm8.tif 4 0 0.9829295119070315 
ch00_p1-pl3-sample2-sperm12.tif 4 4 0.8834217136476188 
ch00_p1-pl3-sample2-sperm14.tif 4 1 0.4644415584755776 
ch00_p1-pl3-sample2-sperm4.tif 4 4 0.9107940511146335 
ch00_p1-pl3-sample2-sperm8.tif 4 4 0.9705412414736558 
ch00_p1-pl3-sample20-sperm12.tif 4 4 0.9977761319394914 
ch00_p1-pl3-sample20-sperm8.tif 4 4 0.9904694506391812 
ch00_p1-pl3-sample21-sperm6.tif 4 4 0.9340758385539173 
ch00_p1-pl3-sample22-sperm1.tif 4 4 0.999999789311027 
ch00_p1-pl3-sample22-sperm9.tif 4 4 0.9426811856642703 
ch00_p1-pl3-sample23-sperm17.tif 4 4 0.9745118123711621 
ch00_p1-pl3-sample24-sperm7.tif 4 3 0.9828477343827252 
ch00_p1-pl3-sample25-sperm4.tif 4 2 0.972437730256766 
ch00_p1-pl3-sample3-sperm4.tif 4 4 0.9984012931309921 
ch00_p1-pl3-sample3-sperm7.tif 4 0 0.4672281093954204 
ch00_p1-pl3-sample4-sperm3.tif 4 3 0.9481478768209152 
ch00_p1-pl3-sample4-sperm9.tif 4 2 0.5615264857644758 
ch00_p1-pl3-sample5-sperm6.tif 4 4 0.93368458272735 
ch00_p1-pl3-sample5-sperm9.tif 4 1 0.7945169282265162 
ch00_p1-pl3-sample6-sperm14.tif 4 4 0.870680993981293 
ch00_p1-pl3-sample6-sperm5.tif 4 4 0.9342054079446895 
ch00_p1-pl3-sample6-sperm6.tif 4 4 0.9947647082731992 
ch00_p1-pl3-sample7-sperm2.tif 4 4 0.9999999951988852 
ch00_p1-pl3-sample7-sperm3.tif 4 4 0.9999999697754879 
ch00_p1-pl3-sample8-sperm8.tif 4 2 0.7061645786023919 
ch00_p3-pl1-sample12-sperm7.tif 4 4 0.9969644397451063 
ch00_p3-pl1-sample13-sperm1.tif 4 4 0.9766893176890433 
ch00_p3-pl1-sample13-sperm4.tif 4 4 0.9976289833907216 
ch00_p3-pl1-sample13-sperm6.tif 4 4 0.9999996522110016 
ch00_p3-pl1-sample16-sperm1.tif 4 4 0.9999966739880906 
ch00_p3-pl1-sample16-sperm3.tif 4 4 0.9999998542176444 
ch00_p3-pl1-sample16-sperm5.tif 4 4 0.9902436957696291 
ch00_p3-pl1-sample19-sperm3.tif 4 4 0.9999999961459112 
ch00_p3-pl1-sample2-sperm10.tif 4 3 0.6426852038186954 
ch00_p3-pl1-sample23-sperm2.tif 4 4 0.9932193491187664 
ch00_p3-pl1-sample23-sperm7.tif 4 4 0.999999999999889 
ch00_p3-pl1-sample23-sperm9.tif 4 0 0.9941197296651916 
ch00_p3-pl1-sample24-sperm2.tif 4 4 0.9918474262912336 
ch00_p3-pl1-sample24-sperm4.tif 4 4 0.9999999932915062 
ch00_p3-pl1-sample25-sperm2.tif 4 4 0.9985478604445454 
ch00_p3-pl1-sample26-sperm1.tif 4 4 0.9978195609609732 
ch00_p3-pl1-sample26-sperm5.tif 4 4 0.9916352888500906 
ch00_p3-pl1-sample27-sperm3.tif 4 3 0.9986084718101965 
ch00_p3-pl1-sample31-sperm1.tif 4 4 0.9459438269683507 
ch00_p3-pl1-sample31-sperm7.tif 4 4 0.9974886372695679 
ch00_p3-pl1-sample7-sperm1.tif 4 4 0.9999999999413535 
ch00_p3-pl1-sample7-sperm11.tif 4 4 0.9999999986860924 
ch00_p3-pl1-sample7-sperm7.tif 4 1 0.7940757986418109 
ch00_p3-pl1-sample9-sperm9.tif 4 4 0.999998652061228 
ch00_p4-pl1-sample1-sperm8.tif 4 0 0.5187276360587445 
ch00_p4-pl1-sample10-sperm11.tif 4 1 0.9247951889051882 
ch00_p4-pl1-sample10-sperm21.tif 4 1 0.6337868985048672 
ch00_p4-pl1-sample11-sperm1.tif 4 4 0.9472173909068305 
ch00_p4-pl1-sample11-sperm8.tif 4 0 0.6165624261694257 
ch00_p4-pl1-sample12-sperm1.tif 4 1 0.7968628996395851 
ch00_p4-pl1-sample12-sperm2.tif 4 4 0.9944298725239903 
ch00_p4-pl1-sample12-sperm3.tif 4 1 0.9738613498927993 
ch00_p4-pl1-sample12-sperm6.tif 4 4 0.7705880094160086 
ch00_p4-pl1-sample12-sperm9.tif 4 4 0.9999996979406464 
ch00_p4-pl1-sample13-sperm5.tif 4 4 0.9977861960881487 
ch00_p4-pl1-sample13-sperm8.tif 4 1 0.7320134348186474 
ch00_p4-pl1-sample14-sperm13.tif 4 4 0.8748940106504414 
ch00_p4-pl1-sample14-sperm4.tif 4 0 0.5097863553324429 
ch00_p4-pl1-sample15-sperm10.tif 4 1 0.999967899547508 
ch00_p4-pl1-sample16-sperm1.tif 4 1 0.9963851229734914 
ch00_p4-pl1-sample16-sperm16.tif 4 4 0.9999973047473598 
ch00_p4-pl1-sample16-sperm3.tif 4 1 0.9927310148867823 
ch00_p4-pl1-sample16-sperm5.tif 4 4 0.9286069837087777 
ch00_p4-pl1-sample16-sperm8.tif 4 4 0.9835396928035121 
ch00_p4-pl1-sample17-sperm10.tif 4 4 0.9731095566214131 
ch00_p4-pl1-sample17-sperm5.tif 4 2 0.9946719689768128 
ch00_p4-pl1-sample19-sperm9.tif 4 4 0.9931769792513764 
ch00_p4-pl1-sample2-sperm10.tif 4 4 0.9986012883957417 
ch00_p4-pl1-sample2-sperm12.tif 4 4 0.8825492948299214 
ch00_p4-pl1-sample2-sperm3.tif 4 4 0.9999995593519001 
ch00_p4-pl1-sample20-sperm1.tif 4 1 0.5590857605795005 
ch00_p4-pl1-sample20-sperm3.tif 4 4 0.8759786139347893 
ch00_p4-pl1-sample20-sperm5.tif 4 4 0.9999999987351971 
ch00_p4-pl1-sample4-sperm10.tif 4 4 0.9941911621422113 
ch00_p4-pl1-sample4-sperm14.tif 4 0 0.998355988614946 
ch00_p4-pl1-sample4-sperm9.tif 4 4 0.731353644433927 
ch00_p4-pl1-sample5-sperm7.tif 4 4 0.8453998269017939 
ch00_p4-pl1-sample6-sperm11.tif 4 4 0.9999966855559417 
ch00_p4-pl1-sample6-sperm8.tif 4 1 0.7784143186432011 
ch00_p4-pl1-sample6-sperm9.tif 4 4 0.9951223913447281 
ch00_p4-pl1-sample7-sperm17.tif 4 0 0.9820842641082865 
ch00_p4-pl1-sample8-sperm1.tif 4 1 0.9236244217209493 
ch00_p4-pl1-sample8-sperm6.tif 4 1 0.9833096124125499 
ch00_p4-pl1-sample9-sperm12.tif 4 4 0.9477729541464074 
ch00_p4-pl1-sample9-sperm4.tif 4 4 0.9923179930304222 
ch00_p4-pl2-sample10-sperm7.tif 4 4 0.9886879215793534 
ch00_p4-pl2-sample10-sperm8.tif 4 4 0.8710993403152619 
ch00_p4-pl2-sample11-sperm4.tif 4 4 0.9975073211689209 
ch00_p4-pl2-sample13-sperm7.tif 4 4 0.99601788104981 
ch00_p4-pl2-sample13-sperm9.tif 4 2 0.6125393975327764 
ch00_p4-pl2-sample14-sperm10.tif 4 4 0.9999994522680425 
ch00_p4-pl2-sample15-sperm4.tif 4 4 0.9999985774653917 
ch00_p4-pl2-sample15-sperm5.tif 4 4 0.9935270617992324 
ch00_p4-pl2-sample16-sperm7.tif 4 4 0.965448050070708 
ch00_p4-pl2-sample19-sperm2.tif 4 4 0.9982189557318178 
ch00_p4-pl2-sample2-sperm10.tif 4 4 0.9716626837503662 
ch00_p4-pl2-sample2-sperm2.tif 4 4 0.99999999872639 
ch00_p4-pl2-sample2-sperm3.tif 4 4 0.9999999995211442 
ch00_p4-pl2-sample2-sperm6.tif 4 4 0.9999999973786063 
ch00_p4-pl2-sample20-sperm6.tif 4 4 0.9999999853850025 
ch00_p4-pl2-sample20-sperm8.tif 4 4 0.9999999416108363 
ch00_p4-pl2-sample3-sperm4.tif 4 1 0.9996333621461858 
ch00_p4-pl2-sample3-sperm9.tif 4 4 0.9999993069967097 
ch00_p4-pl2-sample4-sperm2.tif 4 4 0.9999999672435558 
ch00_p4-pl2-sample4-sperm4.tif 4 1 0.9997018064517723 
ch00_p4-pl2-sample5-sperm4.tif 4 1 0.43160078180514355 
ch00_p4-pl2-sample5-sperm5.tif 4 3 0.9551610755334831 
ch00_p4-pl2-sample7-sperm6.tif 4 4 0.47905522552130236 
ch00_p4-pl2-sample7-sperm8.tif 4 4 0.9800600727796318 
ch00_p4-pl2-sample8-sperm1.tif 4 4 0.9999999968494914 
ch00_p4-pl2-sample9-sperm4.tif 4 4 0.9879994283556217 
ch00_p4-pl2-sample9-sperm7.tif 4 1 0.7893774458925648 
ch00_p5-pl1-sample1-sperm12.tif 4 4 0.551965944193163 
ch00_p5-pl1-sample1-sperm5.tif 4 3 0.5932497644056013 
ch00_p5-pl1-sample1-sperm6.tif 4 1 0.8916628593875067 
ch00_p5-pl1-sample11-sperm4.tif 4 1 0.9978695860359706 
ch00_p5-pl1-sample12-sperm14.tif 4 4 0.9790922814737418 
ch00_p5-pl1-sample12-sperm16.tif 4 1 0.8117476666092087 
ch00_p5-pl1-sample12-sperm5.tif 4 4 0.9963276336609841 
ch00_p5-pl1-sample13-sperm5.tif 4 4 0.997668024296154 
ch00_p5-pl1-sample15-sperm4.tif 4 4 0.8718819714835663 
ch00_p5-pl1-sample15-sperm6.tif 4 4 0.9798860727805435 
ch00_p5-pl1-sample17-sperm10.tif 4 4 0.7483736281272001 
ch00_p5-pl1-sample17-sperm3.tif 4 0 0.6059671111422533 
ch00_p5-pl1-sample17-sperm9.tif 4 1 0.9978345663763597 
ch00_p5-pl1-sample19-sperm13.tif 4 0 0.8071946221099174 
ch00_p5-pl1-sample2-sperm6.tif 4 4 0.9999998271240382 
ch00_p5-pl1-sample20-sperm12.tif 4 4 0.9968569788560344 
ch00_p5-pl1-sample20-sperm5.tif 4 3 0.8288005225985893 
ch00_p5-pl1-sample3-sperm13.tif 4 4 0.9969660844241947 
ch00_p5-pl1-sample3-sperm17.tif 4 1 0.788764751638056 
ch00_p5-pl1-sample3-sperm21.tif 4 4 0.9843930742731888 
ch00_p5-pl1-sample3-sperm23.tif 4 4 0.5375408010998503 
ch00_p5-pl1-sample3-sperm5.tif 4 1 0.8266533440060169 
ch00_p5-pl1-sample5-sperm18.tif 4 4 0.5004383839754312 
ch00_p5-pl1-sample5-sperm9.tif 4 4 0.6985271648601334 
ch00_p5-pl1-sample6-sperm15.tif 4 1 0.5400067145493607 
ch00_p5-pl1-sample8-sperm4.tif 4 1 0.8441728494114799 
ch00_p5-pl1-sample9-sperm4.tif 4 4 0.993384650771529 
