ch00_p1-pl2-sample1-sperm10.tif 0 0 0.9801175925950867 
ch00_p1-pl2-sample1-sperm3.tif 0 0 0.9995009655949838 
ch00_p1-pl2-sample10-sperm4.tif 0 4 0.9895037850456795 
ch00_p1-pl2-sample13-sperm11.tif 0 0 0.726956202201413 
ch00_p1-pl2-sample14-sperm9.tif 0 4 0.5893041576122102 
ch00_p1-pl2-sample25-sperm4.tif 0 3 0.4659674865322574 
ch00_p1-pl2-sample3-sperm12.tif 0 0 0.9337431117999082 
ch00_p1-pl2-sample3-sperm4.tif 0 3 0.35442832626938453 
ch00_p1-pl2-sample9-sperm7.tif 0 4 0.9999974279909515 
ch00_p1-pl3-sample1-sperm17.tif 0 3 0.9347726505949372 
ch00_p1-pl3-sample12-sperm1.tif 0 4 0.9708633301236889 
ch00_p1-pl3-sample13-sperm3.tif 0 4 0.7153766307401193 
ch00_p1-pl3-sample15-sperm10.tif 0 4 0.6502314593663644 
ch00_p1-pl3-sample15-sperm22.tif 0 3 0.9232391343328998 
ch00_p1-pl3-sample16-sperm10.tif 0 0 0.532716368650362 
ch00_p1-pl3-sample17-sperm5.tif 0 4 0.37179507901669195 
ch00_p1-pl3-sample2-sperm7.tif 0 0 0.688683201169769 
ch00_p1-pl3-sample6-sperm11.tif 0 4 0.57596890632179 
ch00_p3-pl1-sample13-sperm3.tif 0 4 0.3303919423722026 
ch00_p3-pl1-sample21-sperm2.tif 0 4 0.999999666096543 
ch00_p3-pl1-sample25-sperm12.tif 0 0 0.9982990715025009 
ch00_p3-pl1-sample3-sperm4.tif 0 4 0.9976801617620479 
ch00_p4-pl1-sample13-sperm6.tif 0 3 0.93924994803119 
ch00_p4-pl1-sample13-sperm9.tif 0 4 0.9999995783353023 
ch00_p4-pl1-sample19-sperm1.tif 0 0 0.7178102566780148 
ch00_p4-pl1-sample2-sperm11.tif 0 4 0.8859371414192307 
ch00_p4-pl1-sample20-sperm7.tif 0 3 0.42818459323859775 
ch00_p4-pl2-sample17-sperm5.tif 0 4 0.9980055413794913 
ch00_p4-pl2-sample5-sperm6.tif 0 4 0.9889301850901742 
ch00_p5-pl1-sample7-sperm9.tif 0 4 0.9069085707956698 
ch00_p1-pl2-sample11-sperm10.tif 1 4 0.5603932309437268 
ch00_p1-pl2-sample11-sperm12.tif 1 1 0.9997316975673295 
ch00_p1-pl2-sample13-sperm10.tif 1 1 0.9651255706061544 
ch00_p1-pl2-sample13-sperm18.tif 1 1 0.9231727753877785 
ch00_p1-pl2-sample15-sperm3.tif 1 1 0.9985195939478005 
ch00_p1-pl2-sample19-sperm14.tif 1 2 0.9669153639499458 
ch00_p1-pl2-sample19-sperm8.tif 1 4 0.9999984353596953 
ch00_p1-pl2-sample2-sperm12.tif 1 1 0.9720230210191133 
ch00_p1-pl2-sample2-sperm4.tif 1 1 0.9946762509617678 
ch00_p1-pl2-sample20-sperm7.tif 1 4 0.9999999954706433 
ch00_p1-pl2-sample22-sperm6.tif 1 4 0.8663379480722877 
ch00_p1-pl2-sample23-sperm10.tif 1 1 0.9972564213530342 
ch00_p1-pl2-sample25-sperm5.tif 1 1 0.7664693025420357 
ch00_p1-pl2-sample3-sperm10.tif 1 1 0.9983152451678753 
ch00_p1-pl2-sample31-sperm4.tif 1 1 0.9999998103257193 
ch00_p1-pl2-sample32-sperm10.tif 1 1 0.6690646332390261 
ch00_p1-pl2-sample35-sperm7.tif 1 1 0.9692799116129517 
ch00_p1-pl2-sample4-sperm18.tif 1 1 0.9909373758982271 
ch00_p1-pl2-sample6-sperm10.tif 1 1 0.9969870501214371 
ch00_p1-pl2-sample6-sperm11.tif 1 1 0.9887022111980316 
ch00_p1-pl2-sample6-sperm3.tif 1 1 0.943809140392783 
ch00_p1-pl2-sample7-sperm11.tif 1 1 0.9999384828066834 
ch00_p1-pl2-sample7-sperm3.tif 1 1 0.6173414751220693 
ch00_p1-pl3-sample10-sperm4.tif 1 4 0.8202715705764162 
ch00_p1-pl3-sample11-sperm10.tif 1 1 0.9995327441097497 
ch00_p1-pl3-sample11-sperm9.tif 1 1 0.9989605072433458 
ch00_p1-pl3-sample12-sperm2.tif 1 1 0.6518493739891461 
ch00_p1-pl3-sample12-sperm5.tif 1 1 0.8998355202097993 
ch00_p1-pl3-sample13-sperm4.tif 1 4 0.9969477324217959 
ch00_p1-pl3-sample14-sperm10.tif 1 4 0.9263254804785198 
ch00_p1-pl3-sample18-sperm4.tif 1 1 0.9999693377120796 
ch00_p1-pl3-sample24-sperm17.tif 1 2 0.9993168951745145 
ch00_p1-pl3-sample24-sperm2.tif 1 1 0.9700781576645887 
ch00_p1-pl3-sample7-sperm6.tif 1 1 0.8692363822159174 
ch00_p1-pl3-sample8-sperm10.tif 1 4 0.47318640852597504 
ch00_p1-pl3-sample9-sperm13.tif 1 4 0.9999983194150833 
ch00_p3-pl1-sample10-sperm2.tif 1 1 0.999770277841032 
ch00_p3-pl1-sample11-sperm2.tif 1 1 0.9367856723650633 
ch00_p3-pl1-sample15-sperm9.tif 1 1 0.913308194887265 
ch00_p3-pl1-sample17-sperm2.tif 1 0 0.8304345039232837 
ch00_p3-pl1-sample19-sperm5.tif 1 1 0.999908108340113 
ch00_p3-pl1-sample21-sperm7.tif 1 1 0.9992869404289549 
ch00_p3-pl1-sample23-sperm11.tif 1 1 0.9893030032134835 
ch00_p3-pl1-sample25-sperm11.tif 1 1 0.9989417321198316 
ch00_p3-pl1-sample26-sperm6.tif 1 1 0.999835974979084 
ch00_p3-pl1-sample28-sperm7.tif 1 4 0.7205738291036237 
ch00_p3-pl1-sample29-sperm6.tif 1 1 0.9998524309609297 
ch00_p3-pl1-sample3-sperm10.tif 1 1 0.996326638308831 
ch00_p3-pl1-sample31-sperm6.tif 1 1 0.9980096055797663 
ch00_p3-pl1-sample4-sperm2.tif 1 1 0.9963915925514685 
ch00_p4-pl1-sample1-sperm11.tif 1 4 0.8291241220976067 
ch00_p4-pl1-sample1-sperm2.tif 1 4 0.8820536463840892 
ch00_p4-pl1-sample1-sperm4.tif 1 1 0.9986015876733498 
ch00_p4-pl1-sample12-sperm5.tif 1 1 0.9760441908462671 
ch00_p4-pl1-sample16-sperm6.tif 1 4 0.9829984379485294 
ch00_p4-pl1-sample19-sperm3.tif 1 1 0.891368491501426 
ch00_p4-pl1-sample3-sperm4.tif 1 2 0.8577911229934868 
ch00_p4-pl1-sample6-sperm5.tif 1 4 0.5723521588195911 
ch00_p4-pl1-sample8-sperm14.tif 1 4 0.8917841425375784 
ch00_p4-pl1-sample9-sperm16.tif 1 1 0.9623182823137048 
ch00_p4-pl2-sample11-sperm1.tif 1 4 0.8697381270030403 
ch00_p4-pl2-sample4-sperm3.tif 1 4 0.9999993317155677 
ch00_p4-pl2-sample5-sperm7.tif 1 1 0.9998930520757683 
ch00_p5-pl1-sample14-sperm1.tif 1 1 0.6350508777789904 
ch00_p5-pl1-sample14-sperm5.tif 1 1 0.9995397223924333 
ch00_p5-pl1-sample20-sperm9.tif 1 1 0.9954015799631548 
ch00_p5-pl1-sample5-sperm16.tif 1 4 0.9985008800430819 
ch00_p5-pl1-sample6-sperm16.tif 1 1 0.9999618212473369 
ch00_p1-pl2-sample10-sperm13.tif 2 4 0.4088568262379402 
ch00_p1-pl2-sample10-sperm7.tif 2 1 0.818797086881762 
ch00_p1-pl2-sample13-sperm4.tif 2 4 0.9891028297074248 
ch00_p1-pl2-sample15-sperm2.tif 2 2 0.9047728883354197 
ch00_p1-pl2-sample17-sperm10.tif 2 4 0.9978158196667826 
ch00_p1-pl2-sample33-sperm13.tif 2 2 0.7935813137185439 
ch00_p1-pl2-sample34-sperm5.tif 2 2 0.987151544592275 
ch00_p1-pl2-sample8-sperm4.tif 2 4 0.6024029670110341 
ch00_p1-pl3-sample18-sperm7.tif 2 2 0.9946583126381439 
ch00_p1-pl3-sample4-sperm6.tif 2 4 0.8856007101376503 
ch00_p1-pl3-sample6-sperm17.tif 2 2 0.9166739426690664 
ch00_p1-pl3-sample6-sperm9.tif 2 0 0.9674515207891363 
ch00_p3-pl1-sample14-sperm8.tif 2 4 0.999999912733238 
ch00_p3-pl1-sample29-sperm10.tif 2 4 0.7614853235518806 
ch00_p4-pl1-sample13-sperm4.tif 2 4 0.6946208765008047 
ch00_p4-pl1-sample16-sperm4.tif 2 4 0.9985136162483821 
ch00_p4-pl1-sample17-sperm8.tif 2 1 0.8200679462451762 
ch00_p4-pl1-sample2-sperm8.tif 2 4 0.9975636613014075 
ch00_p4-pl1-sample4-sperm6.tif 2 4 0.8419446616522479 
ch00_p4-pl1-sample5-sperm10.tif 2 2 0.8675893536675318 
ch00_p4-pl1-sample5-sperm5.tif 2 4 0.9632728288238418 
ch00_p4-pl1-sample7-sperm15.tif 2 4 0.9937697434547562 
ch00_p1-pl2-sample11-sperm3.tif 3 4 0.9667616345704937 
ch00_p1-pl2-sample17-sperm6.tif 3 4 0.9979691899994071 
ch00_p1-pl2-sample18-sperm4.tif 3 3 0.9433805814658229 
ch00_p1-pl2-sample21-sperm7.tif 3 4 0.9853609341978352 
ch00_p1-pl2-sample25-sperm9.tif 3 4 0.8945264629462422 
ch00_p1-pl2-sample4-sperm12.tif 3 4 0.9999998701061128 
ch00_p1-pl2-sample5-sperm15.tif 3 3 0.9973807169019228 
ch00_p1-pl2-sample5-sperm4.tif 3 4 0.8849915032286194 
ch00_p1-pl3-sample13-sperm12.tif 3 4 0.9999999999998908 
ch00_p1-pl3-sample15-sperm11.tif 3 0 0.7353488077831426 
ch00_p1-pl3-sample21-sperm8.tif 3 0 0.8845540251952873 
ch00_p1-pl3-sample23-sperm13.tif 3 4 0.9886614362997215 
ch00_p1-pl3-sample23-sperm15.tif 3 4 0.9999999576688743 
ch00_p1-pl3-sample24-sperm1.tif 3 3 0.9847394471103472 
ch00_p3-pl1-sample10-sperm1.tif 3 4 0.9747053234442504 
ch00_p3-pl1-sample14-sperm6.tif 3 4 0.9914121774332171 
ch00_p3-pl1-sample30-sperm1.tif 3 3 0.9888257305073297 
ch00_p4-pl1-sample6-sperm12.tif 3 4 0.9411511142035905 
ch00_p4-pl1-sample9-sperm14.tif 3 4 0.9880149292393358 
ch00_p4-pl2-sample12-sperm8.tif 3 4 0.9027602938690594 
ch00_p5-pl1-sample1-sperm4.tif 3 4 0.9999999983842288 
ch00_p1-pl2-sample1-sperm1.tif 4 4 0.9999999999998853 
ch00_p1-pl2-sample1-sperm2.tif 4 4 0.9999998081701322 
ch00_p1-pl2-sample10-sperm12.tif 4 4 0.9355133810265686 
ch00_p1-pl2-sample10-sperm8.tif 4 1 0.7902359804474135 
ch00_p1-pl2-sample11-sperm11.tif 4 4 0.8996922135911589 
ch00_p1-pl2-sample12-sperm11.tif 4 4 0.917708954054967 
ch00_p1-pl2-sample12-sperm12.tif 4 4 0.9999999017894511 
ch00_p1-pl2-sample12-sperm2.tif 4 4 0.9999990450560156 
ch00_p1-pl2-sample12-sperm5.tif 4 4 0.9999998575443524 
ch00_p1-pl2-sample12-sperm7.tif 4 1 0.9986952272602637 
ch00_p1-pl2-sample14-sperm3.tif 4 4 0.9999999999998849 
ch00_p1-pl2-sample14-sperm8.tif 4 4 0.8742637613056381 
ch00_p1-pl2-sample17-sperm2.tif 4 4 0.9612234507658093 
ch00_p1-pl2-sample18-sperm2.tif 4 4 0.6414644559279603 
ch00_p1-pl2-sample20-sperm10.tif 4 1 0.9093075426151845 
ch00_p1-pl2-sample21-sperm10.tif 4 4 0.9999999994138493 
ch00_p1-pl2-sample24-sperm12.tif 4 4 0.9696445587482676 
ch00_p1-pl2-sample26-sperm1.tif 4 4 0.6843738557852348 
ch00_p1-pl2-sample28-sperm11.tif 4 4 0.8496482448316327 
ch00_p1-pl2-sample28-sperm3.tif 4 4 0.9999999999117857 
ch00_p1-pl2-sample28-sperm4.tif 4 4 0.595042003450602 
ch00_p1-pl2-sample3-sperm13.tif 4 4 0.8367191848226915 
ch00_p1-pl2-sample31-sperm9.tif 4 4 0.8910056079196057 
ch00_p1-pl2-sample34-sperm11.tif 4 4 0.9999999998909807 
ch00_p1-pl2-sample34-sperm12.tif 4 4 0.5017426064113737 
ch00_p1-pl2-sample34-sperm6.tif 4 1 0.5094467744222972 
ch00_p1-pl2-sample34-sperm8.tif 4 2 0.5532481791142082 
ch00_p1-pl2-sample35-sperm10.tif 4 1 0.9851352502989473 
ch00_p1-pl2-sample35-sperm9.tif 4 4 0.9702329607666521 
ch00_p1-pl2-sample9-sperm18.tif 4 4 0.5024680034172134 
ch00_p1-pl3-sample1-sperm13.tif 4 4 0.9999999976231555 
ch00_p1-pl3-sample10-sperm3.tif 4 4 0.9914641632997497 
ch00_p1-pl3-sample11-sperm5.tif 4 4 0.8460960313349575 
ch00_p1-pl3-sample12-sperm16.tif 4 4 0.9999999937944715 
ch00_p1-pl3-sample13-sperm9.tif 4 4 0.9999999631842069 
ch00_p1-pl3-sample14-sperm13.tif 4 4 0.8372311966578633 
ch00_p1-pl3-sample14-sperm16.tif 4 4 0.49299602454635466 
ch00_p1-pl3-sample15-sperm20.tif 4 4 0.9461223004872799 
ch00_p1-pl3-sample15-sperm9.tif 4 1 0.9973250815844685 
ch00_p1-pl3-sample17-sperm7.tif 4 4 0.9999991998721139 
ch00_p1-pl3-sample18-sperm6.tif 4 4 0.8879958201429358 
ch00_p1-pl3-sample19-sperm1.tif 4 4 0.994781806956869 
ch00_p1-pl3-sample19-sperm2.tif 4 4 0.5259304645971016 
ch00_p1-pl3-sample2-sperm11.tif 4 4 0.9999987583584606 
ch00_p1-pl3-sample2-sperm12.tif 4 2 0.8404469829457265 
ch00_p1-pl3-sample2-sperm4.tif 4 0 0.5190264396757875 
ch00_p1-pl3-sample20-sperm12.tif 4 4 0.9877895522945348 
ch00_p1-pl3-sample20-sperm7.tif 4 1 0.9204297928095583 
ch00_p1-pl3-sample21-sperm3.tif 4 1 0.9256869467863464 
ch00_p1-pl3-sample21-sperm4.tif 4 4 0.4939451251483968 
ch00_p1-pl3-sample21-sperm6.tif 4 4 0.9177743952135458 
ch00_p1-pl3-sample22-sperm1.tif 4 4 0.9999999996618723 
ch00_p1-pl3-sample23-sperm17.tif 4 4 0.9974100839200595 
ch00_p1-pl3-sample23-sperm3.tif 4 1 0.7149100468604458 
ch00_p1-pl3-sample24-sperm23.tif 4 2 0.5893495291293868 
ch00_p1-pl3-sample24-sperm5.tif 4 1 0.5394545480584617 
ch00_p1-pl3-sample24-sperm8.tif 4 4 0.9999996422410928 
ch00_p1-pl3-sample25-sperm9.tif 4 4 0.6579590325539475 
ch00_p1-pl3-sample3-sperm5.tif 4 4 0.9999989363026154 
ch00_p1-pl3-sample3-sperm7.tif 4 3 0.59302423919687 
ch00_p1-pl3-sample4-sperm3.tif 4 4 0.9936747985579991 
ch00_p1-pl3-sample4-sperm9.tif 4 4 0.8444157735031805 
ch00_p1-pl3-sample5-sperm14.tif 4 4 0.9999999687148892 
ch00_p1-pl3-sample5-sperm9.tif 4 1 0.9816341364243327 
ch00_p1-pl3-sample6-sperm5.tif 4 1 0.786899117749133 
ch00_p1-pl3-sample7-sperm2.tif 4 4 0.9999999998373458 
ch00_p1-pl3-sample7-sperm3.tif 4 4 0.9999987090567335 
ch00_p1-pl3-sample7-sperm7.tif 4 0 0.8773260865019264 
ch00_p1-pl3-sample8-sperm6.tif 4 4 0.9870425376730583 
ch00_p1-pl3-sample9-sperm14.tif 4 4 0.4843587023015631 
ch00_p3-pl1-sample1-sperm4.tif 4 4 0.9999996574037797 
ch00_p3-pl1-sample1-sperm5.tif 4 1 0.8845901674624033 
ch00_p3-pl1-sample10-sperm4.tif 4 4 0.7641184861630708 
ch00_p3-pl1-sample11-sperm7.tif 4 1 0.7478136720402346 
ch00_p3-pl1-sample12-sperm7.tif 4 4 0.9999999987478551 
ch00_p3-pl1-sample13-sperm1.tif 4 1 0.9120431646449486 
ch00_p3-pl1-sample18-sperm2.tif 4 0 0.503959957314267 
ch00_p3-pl1-sample19-sperm3.tif 4 4 0.9982440636107361 
ch00_p3-pl1-sample2-sperm6.tif 4 4 0.9999999999920449 
ch00_p3-pl1-sample20-sperm4.tif 4 1 0.9752063215200114 
ch00_p3-pl1-sample21-sperm8.tif 4 3 0.5839462240166993 
ch00_p3-pl1-sample22-sperm8.tif 4 4 0.993967272764983 
ch00_p3-pl1-sample23-sperm2.tif 4 4 0.9999995559058928 
ch00_p3-pl1-sample23-sperm7.tif 4 4 0.9999999999874994 
ch00_p3-pl1-sample24-sperm2.tif 4 4 0.9999998131955065 
ch00_p3-pl1-sample25-sperm10.tif 4 1 0.9992321426091325 
ch00_p3-pl1-sample25-sperm5.tif 4 4 0.9999999997863913 
ch00_p3-pl1-sample25-sperm8.tif 4 4 0.9999999999244455 
ch00_p3-pl1-sample26-sperm1.tif 4 4 0.999999263892191 
ch00_p3-pl1-sample27-sperm3.tif 4 4 0.9999999956409446 
ch00_p3-pl1-sample29-sperm9.tif 4 4 0.9999999989157247 
ch00_p3-pl1-sample31-sperm7.tif 4 4 0.9999999847354493 
ch00_p3-pl1-sample32-sperm7.tif 4 1 0.9976096010225063 
ch00_p3-pl1-sample5-sperm3.tif 4 1 0.9993042200650291 
ch00_p3-pl1-sample5-sperm5.tif 4 4 0.9999999999994343 
ch00_p3-pl1-sample7-sperm6.tif 4 4 0.9999999999953634 
ch00_p4-pl1-sample1-sperm6.tif 4 4 0.9904957451403613 
ch00_p4-pl1-sample1-sperm7.tif 4 4 0.9576313134847785 
ch00_p4-pl1-sample1-sperm9.tif 4 4 0.6982155961482506 
ch00_p4-pl1-sample10-sperm15.tif 4 2 0.5772324232062805 
ch00_p4-pl1-sample10-sperm17.tif 4 0 0.884090105538914 
ch00_p4-pl1-sample10-sperm20.tif 4 4 0.9064371095254761 
ch00_p4-pl1-sample10-sperm5.tif 4 1 0.9190067446673132 
ch00_p4-pl1-sample11-sperm5.tif 4 4 0.9999998509018085 
ch00_p4-pl1-sample12-sperm1.tif 4 4 0.9954025090058876 
ch00_p4-pl1-sample12-sperm11.tif 4 4 0.9999992367178411 
ch00_p4-pl1-sample12-sperm9.tif 4 4 0.9986502439369341 
ch00_p4-pl1-sample14-sperm12.tif 4 3 0.6206166408160997 
ch00_p4-pl1-sample14-sperm3.tif 4 4 0.9999999988700675 
ch00_p4-pl1-sample14-sperm7.tif 4 4 0.9999999997773716 
ch00_p4-pl1-sample16-sperm1.tif 4 1 0.8979911906808212 
ch00_p4-pl1-sample16-sperm7.tif 4 0 0.9955540731254059 
ch00_p4-pl1-sample17-sperm5.tif 4 4 0.5656856681491665 
ch00_p4-pl1-sample18-sperm6.tif 4 4 0.9834508674036055 
ch00_p4-pl1-sample2-sperm10.tif 4 3 0.9989822846336209 
ch00_p4-pl1-sample2-sperm12.tif 4 4 0.9402313642002262 
ch00_p4-pl1-sample2-sperm5.tif 4 2 0.9446080412000698 
ch00_p4-pl1-sample20-sperm10.tif 4 1 0.9982333894597486 
ch00_p4-pl1-sample20-sperm11.tif 4 4 0.9952875824787426 
ch00_p4-pl1-sample20-sperm6.tif 4 1 0.5714712576864547 
ch00_p4-pl1-sample4-sperm14.tif 4 0 0.6122254843175754 
ch00_p4-pl1-sample4-sperm3.tif 4 4 0.9864850842994561 
ch00_p4-pl1-sample6-sperm11.tif 4 4 0.999997170559737 
ch00_p4-pl1-sample6-sperm4.tif 4 0 0.6278689871149257 
ch00_p4-pl1-sample6-sperm8.tif 4 4 0.7625294204339916 
ch00_p4-pl1-sample7-sperm10.tif 4 3 0.7846177930770707 
ch00_p4-pl1-sample7-sperm17.tif 4 4 0.9986925210484943 
ch00_p4-pl1-sample7-sperm2.tif 4 4 0.9999999783068101 
ch00_p4-pl1-sample7-sperm3.tif 4 4 0.9922773856709728 
ch00_p4-pl1-sample8-sperm10.tif 4 2 0.9995034903915201 
ch00_p4-pl1-sample8-sperm2.tif 4 4 0.8070358488618364 
ch00_p4-pl1-sample9-sperm11.tif 4 4 0.9999996383562717 
ch00_p4-pl1-sample9-sperm4.tif 4 4 0.9999999784334879 
ch00_p4-pl1-sample9-sperm9.tif 4 4 0.6218477833167751 
ch00_p4-pl2-sample10-sperm10.tif 4 4 0.9932379761684205 
ch00_p4-pl2-sample10-sperm12.tif 4 3 0.5432650161647102 
ch00_p4-pl2-sample10-sperm6.tif 4 4 0.9999999999931024 
ch00_p4-pl2-sample11-sperm2.tif 4 4 0.9962425019581665 
ch00_p4-pl2-sample11-sperm3.tif 4 4 0.9999999825472301 
ch00_p4-pl2-sample12-sperm1.tif 4 3 0.7572666402733798 
ch00_p4-pl2-sample12-sperm7.tif 4 4 0.997893691944694 
ch00_p4-pl2-sample14-sperm10.tif 4 0 0.8921699042598203 
ch00_p4-pl2-sample15-sperm1.tif 4 4 0.744540846837997 
ch00_p4-pl2-sample15-sperm4.tif 4 4 0.9906828162428997 
ch00_p4-pl2-sample16-sperm5.tif 4 3 0.94190272283466 
ch00_p4-pl2-sample16-sperm7.tif 4 4 0.9978130706681883 
ch00_p4-pl2-sample17-sperm2.tif 4 4 0.9999999256404917 
ch00_p4-pl2-sample17-sperm4.tif 4 4 0.9781193246979631 
ch00_p4-pl2-sample18-sperm3.tif 4 4 0.9752629123044346 
ch00_p4-pl2-sample18-sperm5.tif 4 4 0.9999999492439378 
ch00_p4-pl2-sample18-sperm6.tif 4 4 0.8776436319672524 
ch00_p4-pl2-sample18-sperm8.tif 4 4 0.9973271265714131 
ch00_p4-pl2-sample19-sperm2.tif 4 4 0.9608892170204982 
ch00_p4-pl2-sample19-sperm7.tif 4 4 0.9999968126517781 
ch00_p4-pl2-sample3-sperm4.tif 4 4 0.9849548493645301 
ch00_p4-pl2-sample3-sperm5.tif 4 4 0.9999999999122118 
ch00_p4-pl2-sample3-sperm9.tif 4 4 0.9999999830630423 
ch00_p4-pl2-sample4-sperm7.tif 4 4 0.9999999998480179 
ch00_p4-pl2-sample4-sperm9.tif 4 4 0.9999997719654727 
ch00_p4-pl2-sample5-sperm1.tif 4 4 0.9999998953719621 
ch00_p4-pl2-sample5-sperm5.tif 4 3 0.6789768785587899 
ch00_p4-pl2-sample6-sperm2.tif 4 3 0.6876386463704371 
ch00_p4-pl2-sample6-sperm6.tif 4 4 0.9561805364893146 
ch00_p4-pl2-sample7-sperm10.tif 4 4 0.9834458238357557 
ch00_p4-pl2-sample7-sperm6.tif 4 4 0.9999972876619481 
ch00_p4-pl2-sample7-sperm9.tif 4 4 0.9927569770400175 
ch00_p4-pl2-sample8-sperm1.tif 4 4 0.9946482078252612 
ch00_p4-pl2-sample8-sperm2.tif 4 4 0.9806070235543322 
ch00_p4-pl2-sample9-sperm7.tif 4 4 0.9978206496105632 
ch00_p5-pl1-sample1-sperm7.tif 4 4 0.5103370798981711 
ch00_p5-pl1-sample10-sperm6.tif 4 4 0.8241204482696236 
ch00_p5-pl1-sample11-sperm10.tif 4 4 0.9999999692326526 
ch00_p5-pl1-sample12-sperm10.tif 4 4 0.9987296734976522 
ch00_p5-pl1-sample12-sperm13.tif 4 4 0.9999999569704345 
ch00_p5-pl1-sample12-sperm5.tif 4 4 0.9999992456793204 
ch00_p5-pl1-sample13-sperm6.tif 4 4 0.7069559432757184 
ch00_p5-pl1-sample15-sperm2.tif 4 4 0.9989097154396553 
ch00_p5-pl1-sample15-sperm3.tif 4 4 0.9999999938739526 
ch00_p5-pl1-sample15-sperm4.tif 4 4 0.9999962970934226 
ch00_p5-pl1-sample17-sperm10.tif 4 4 0.9750321742164165 
ch00_p5-pl1-sample17-sperm17.tif 4 4 0.9658985887044599 
ch00_p5-pl1-sample18-sperm3.tif 4 4 0.9874023760762777 
ch00_p5-pl1-sample18-sperm6.tif 4 4 0.9999999518585257 
ch00_p5-pl1-sample2-sperm10.tif 4 1 0.999903722729668 
ch00_p5-pl1-sample2-sperm3.tif 4 4 0.9938360770862369 
ch00_p5-pl1-sample2-sperm6.tif 4 4 0.9999994193327816 
ch00_p5-pl1-sample20-sperm12.tif 4 4 0.9999996494312309 
ch00_p5-pl1-sample20-sperm2.tif 4 4 0.9999993920025637 
ch00_p5-pl1-sample20-sperm7.tif 4 1 0.9898005089712388 
ch00_p5-pl1-sample3-sperm13.tif 4 4 0.9999999970775353 
ch00_p5-pl1-sample3-sperm15.tif 4 4 0.9999999840732537 
ch00_p5-pl1-sample3-sperm5.tif 4 1 0.9994015489258816 
ch00_p5-pl1-sample4-sperm10.tif 4 4 0.9981285424334674 
ch00_p5-pl1-sample4-sperm7.tif 4 4 0.9999999800088474 
ch00_p5-pl1-sample5-sperm9.tif 4 1 0.9991204219122872 
ch00_p5-pl1-sample9-sperm4.tif 4 4 0.9999996322800667 
