ch00_p1-pl2-sample1-sperm10.tif 0 0 0.9824080170082792 
ch00_p1-pl2-sample1-sperm3.tif 0 0 0.9985449225268299 
ch00_p1-pl2-sample10-sperm4.tif 0 0 0.6397940519229246 
ch00_p1-pl2-sample13-sperm11.tif 0 0 0.8572688452464985 
ch00_p1-pl2-sample14-sperm9.tif 0 4 0.9412308906570327 
ch00_p1-pl2-sample25-sperm4.tif 0 4 0.8269345971044636 
ch00_p1-pl2-sample3-sperm12.tif 0 4 0.8664382369475914 
ch00_p1-pl2-sample3-sperm4.tif 0 4 0.7910388731496556 
ch00_p1-pl2-sample9-sperm7.tif 0 0 0.8424575286567001 
ch00_p1-pl3-sample1-sperm17.tif 0 4 0.720582476910552 
ch00_p1-pl3-sample12-sperm1.tif 0 4 0.8725456305579262 
ch00_p1-pl3-sample13-sperm3.tif 0 4 0.832552221118982 
ch00_p1-pl3-sample15-sperm10.tif 0 0 0.9673035992828535 
ch00_p1-pl3-sample15-sperm22.tif 0 3 0.8642272602208324 
ch00_p1-pl3-sample16-sperm10.tif 0 0 0.6910541016316367 
ch00_p1-pl3-sample17-sperm5.tif 0 0 0.7804045954895729 
ch00_p1-pl3-sample2-sperm7.tif 0 0 0.7905549444589951 
ch00_p1-pl3-sample6-sperm11.tif 0 4 0.9225341262411291 
ch00_p3-pl1-sample13-sperm3.tif 0 0 0.9979035389180071 
ch00_p3-pl1-sample21-sperm2.tif 0 0 0.7596050742637176 
ch00_p3-pl1-sample25-sperm12.tif 0 0 0.9910175383539727 
ch00_p3-pl1-sample3-sperm4.tif 0 0 0.96274642142275 
ch00_p4-pl1-sample13-sperm6.tif 0 4 0.8110105142602244 
ch00_p4-pl1-sample13-sperm9.tif 0 4 0.9972488456283992 
ch00_p4-pl1-sample19-sperm1.tif 0 4 0.6716242493035812 
ch00_p4-pl1-sample2-sperm11.tif 0 3 0.8916631833723276 
ch00_p4-pl1-sample20-sperm7.tif 0 4 0.9953102343308492 
ch00_p4-pl2-sample17-sperm5.tif 0 4 0.9955850606683393 
ch00_p4-pl2-sample5-sperm6.tif 0 4 0.5544850399721453 
ch00_p5-pl1-sample7-sperm9.tif 0 4 0.7368300023238061 
ch00_p1-pl2-sample11-sperm10.tif 1 4 0.7388927656645333 
ch00_p1-pl2-sample11-sperm12.tif 1 1 0.8053701645638054 
ch00_p1-pl2-sample13-sperm10.tif 1 1 0.8768676592068898 
ch00_p1-pl2-sample13-sperm18.tif 1 1 0.9723231568226739 
ch00_p1-pl2-sample15-sperm3.tif 1 1 0.7886678454208458 
ch00_p1-pl2-sample19-sperm14.tif 1 2 0.644028878453261 
ch00_p1-pl2-sample19-sperm8.tif 1 4 0.9685010376956793 
ch00_p1-pl2-sample2-sperm12.tif 1 1 0.970631752192649 
ch00_p1-pl2-sample2-sperm4.tif 1 1 0.8774117255158191 
ch00_p1-pl2-sample20-sperm7.tif 1 4 0.9887744498389245 
ch00_p1-pl2-sample22-sperm6.tif 1 4 0.46815189680635094 
ch00_p1-pl2-sample23-sperm10.tif 1 1 0.9250172900038836 
ch00_p1-pl2-sample25-sperm5.tif 1 1 0.9403219571804443 
ch00_p1-pl2-sample3-sperm10.tif 1 1 0.9339969509322144 
ch00_p1-pl2-sample31-sperm4.tif 1 1 0.9499210569036147 
ch00_p1-pl2-sample32-sperm10.tif 1 4 0.8989392224328766 
ch00_p1-pl2-sample35-sperm7.tif 1 1 0.8698864911172185 
ch00_p1-pl2-sample4-sperm18.tif 1 1 0.9892901829615103 
ch00_p1-pl2-sample6-sperm10.tif 1 1 0.9586842534294147 
ch00_p1-pl2-sample6-sperm11.tif 1 4 0.7494644653569111 
ch00_p1-pl2-sample6-sperm3.tif 1 1 0.968543225529199 
ch00_p1-pl2-sample7-sperm11.tif 1 1 0.9919416321031886 
ch00_p1-pl2-sample7-sperm3.tif 1 4 0.6576152402318036 
ch00_p1-pl3-sample10-sperm4.tif 1 4 0.8948207077629823 
ch00_p1-pl3-sample11-sperm10.tif 1 4 0.618907128890662 
ch00_p1-pl3-sample11-sperm9.tif 1 1 0.9585902926418512 
ch00_p1-pl3-sample12-sperm2.tif 1 4 0.8989510112324808 
ch00_p1-pl3-sample12-sperm5.tif 1 1 0.9294542906380027 
ch00_p1-pl3-sample13-sperm4.tif 1 4 0.9053906703406532 
ch00_p1-pl3-sample14-sperm10.tif 1 4 0.9787460831755026 
ch00_p1-pl3-sample18-sperm4.tif 1 1 0.9554207663156565 
ch00_p1-pl3-sample24-sperm17.tif 1 2 0.9802627060792606 
ch00_p1-pl3-sample24-sperm2.tif 1 4 0.8662638970129104 
ch00_p1-pl3-sample7-sperm6.tif 1 1 0.9840574726217954 
ch00_p1-pl3-sample8-sperm10.tif 1 4 0.5477810675721756 
ch00_p1-pl3-sample9-sperm13.tif 1 1 0.9355007176521339 
ch00_p3-pl1-sample10-sperm2.tif 1 1 0.9372949623396387 
ch00_p3-pl1-sample11-sperm2.tif 1 0 0.597280351574383 
ch00_p3-pl1-sample15-sperm9.tif 1 4 0.9557116285156216 
ch00_p3-pl1-sample17-sperm2.tif 1 1 0.9927966604614452 
ch00_p3-pl1-sample19-sperm5.tif 1 1 0.9470532505680443 
ch00_p3-pl1-sample21-sperm7.tif 1 1 0.9883988842784498 
ch00_p3-pl1-sample23-sperm11.tif 1 1 0.7900700002286056 
ch00_p3-pl1-sample25-sperm11.tif 1 1 0.9370437845131088 
ch00_p3-pl1-sample26-sperm6.tif 1 1 0.8852232906136054 
ch00_p3-pl1-sample28-sperm7.tif 1 4 0.9709342230812421 
ch00_p3-pl1-sample29-sperm6.tif 1 1 0.9735750017063548 
ch00_p3-pl1-sample3-sperm10.tif 1 1 0.9389745400553386 
ch00_p3-pl1-sample31-sperm6.tif 1 1 0.5259355401849265 
ch00_p3-pl1-sample4-sperm2.tif 1 1 0.9933483849948302 
ch00_p4-pl1-sample1-sperm11.tif 1 4 0.9424804197235205 
ch00_p4-pl1-sample1-sperm2.tif 1 1 0.5915816185819128 
ch00_p4-pl1-sample1-sperm4.tif 1 1 0.9639112400135771 
ch00_p4-pl1-sample12-sperm5.tif 1 4 0.6225883080606642 
ch00_p4-pl1-sample16-sperm6.tif 1 4 0.6709976377857608 
ch00_p4-pl1-sample19-sperm3.tif 1 1 0.5435772158060469 
ch00_p4-pl1-sample3-sperm4.tif 1 4 0.9625352590550665 
ch00_p4-pl1-sample6-sperm5.tif 1 1 0.8862783238382583 
ch00_p4-pl1-sample8-sperm14.tif 1 2 0.5003097634143836 
ch00_p4-pl1-sample9-sperm16.tif 1 1 0.8707992075388034 
ch00_p4-pl2-sample11-sperm1.tif 1 4 0.8422264563856249 
ch00_p4-pl2-sample4-sperm3.tif 1 4 0.9797455180433572 
ch00_p4-pl2-sample5-sperm7.tif 1 1 0.9553348001436545 
ch00_p5-pl1-sample14-sperm1.tif 1 1 0.6485335922255533 
ch00_p5-pl1-sample14-sperm5.tif 1 1 0.7021787938243716 
ch00_p5-pl1-sample20-sperm9.tif 1 1 0.9439244401990812 
ch00_p5-pl1-sample5-sperm16.tif 1 4 0.7831798251810931 
ch00_p5-pl1-sample6-sperm16.tif 1 1 0.7922212896721458 
ch00_p1-pl2-sample10-sperm13.tif 2 4 0.9919403492064932 
ch00_p1-pl2-sample10-sperm7.tif 2 1 0.8232073227408521 
ch00_p1-pl2-sample13-sperm4.tif 2 1 0.784140341722815 
ch00_p1-pl2-sample15-sperm2.tif 2 4 0.670664153169952 
ch00_p1-pl2-sample17-sperm10.tif 2 4 0.8711371770115132 
ch00_p1-pl2-sample33-sperm13.tif 2 4 0.869746598157507 
ch00_p1-pl2-sample34-sperm5.tif 2 1 0.9905656248495521 
ch00_p1-pl2-sample8-sperm4.tif 2 1 0.989636587789774 
ch00_p1-pl3-sample18-sperm7.tif 2 2 0.9156964449472246 
ch00_p1-pl3-sample4-sperm6.tif 2 4 0.9783292324368831 
ch00_p1-pl3-sample6-sperm17.tif 2 4 0.9484036545563823 
ch00_p1-pl3-sample6-sperm9.tif 2 0 0.7948031223827903 
ch00_p3-pl1-sample14-sperm8.tif 2 4 0.9654815358939144 
ch00_p3-pl1-sample29-sperm10.tif 2 4 0.7738889343745916 
ch00_p4-pl1-sample13-sperm4.tif 2 4 0.763214426136204 
ch00_p4-pl1-sample16-sperm4.tif 2 4 0.9999945836928845 
ch00_p4-pl1-sample17-sperm8.tif 2 4 0.9643685815264592 
ch00_p4-pl1-sample2-sperm8.tif 2 4 0.8579580912984525 
ch00_p4-pl1-sample4-sperm6.tif 2 4 0.5860270825487289 
ch00_p4-pl1-sample5-sperm10.tif 2 2 0.857895041096075 
ch00_p4-pl1-sample5-sperm5.tif 2 4 0.8362461949971717 
ch00_p4-pl1-sample7-sperm15.tif 2 4 0.9957995937245512 
ch00_p1-pl2-sample11-sperm3.tif 3 4 0.514522644951266 
ch00_p1-pl2-sample17-sperm6.tif 3 4 0.8030295764108804 
ch00_p1-pl2-sample18-sperm4.tif 3 4 0.6778598336559736 
ch00_p1-pl2-sample21-sperm7.tif 3 3 0.922606486990491 
ch00_p1-pl2-sample25-sperm9.tif 3 0 0.605716120782373 
ch00_p1-pl2-sample4-sperm12.tif 3 4 0.8752024157469389 
ch00_p1-pl2-sample5-sperm15.tif 3 4 0.9736550116699987 
ch00_p1-pl2-sample5-sperm4.tif 3 4 0.8194516105085808 
ch00_p1-pl3-sample13-sperm12.tif 3 4 0.9937113759714932 
ch00_p1-pl3-sample15-sperm11.tif 3 4 0.9199366377445656 
ch00_p1-pl3-sample21-sperm8.tif 3 0 0.9914024836613772 
ch00_p1-pl3-sample23-sperm13.tif 3 3 0.5905333614171762 
ch00_p1-pl3-sample23-sperm15.tif 3 4 0.798874502818002 
ch00_p1-pl3-sample24-sperm1.tif 3 3 0.8309078105481468 
ch00_p3-pl1-sample10-sperm1.tif 3 0 0.5977437917683595 
ch00_p3-pl1-sample14-sperm6.tif 3 4 0.6023509536646675 
ch00_p3-pl1-sample30-sperm1.tif 3 3 0.9916730892354833 
ch00_p4-pl1-sample6-sperm12.tif 3 3 0.938816451795211 
ch00_p4-pl1-sample9-sperm14.tif 3 4 0.5803692735926006 
ch00_p4-pl2-sample12-sperm8.tif 3 4 0.9648992064453912 
ch00_p5-pl1-sample1-sperm4.tif 3 4 0.9043828368877458 
ch00_p1-pl2-sample1-sperm1.tif 4 4 0.9918584151866419 
ch00_p1-pl2-sample1-sperm2.tif 4 4 0.998233255696472 
ch00_p1-pl2-sample10-sperm12.tif 4 4 0.9133178411756302 
ch00_p1-pl2-sample10-sperm8.tif 4 4 0.5242080516830788 
ch00_p1-pl2-sample11-sperm11.tif 4 4 0.7827088493033413 
ch00_p1-pl2-sample12-sperm11.tif 4 4 0.9671921790529503 
ch00_p1-pl2-sample12-sperm12.tif 4 4 0.9835451317797823 
ch00_p1-pl2-sample12-sperm2.tif 4 4 0.865506247466025 
ch00_p1-pl2-sample12-sperm5.tif 4 4 0.8908425574752417 
ch00_p1-pl2-sample12-sperm7.tif 4 1 0.643968855795271 
ch00_p1-pl2-sample14-sperm3.tif 4 4 0.9540414589446972 
ch00_p1-pl2-sample14-sperm8.tif 4 4 0.8349418721159283 
ch00_p1-pl2-sample17-sperm2.tif 4 4 0.9152361012541684 
ch00_p1-pl2-sample18-sperm2.tif 4 4 0.9532498131329209 
ch00_p1-pl2-sample20-sperm10.tif 4 1 0.9572712329310717 
ch00_p1-pl2-sample21-sperm10.tif 4 4 0.966101226833776 
ch00_p1-pl2-sample24-sperm12.tif 4 4 0.8197650815299087 
ch00_p1-pl2-sample26-sperm1.tif 4 4 0.5786959549266252 
ch00_p1-pl2-sample28-sperm11.tif 4 4 0.6199831386757974 
ch00_p1-pl2-sample28-sperm3.tif 4 4 0.9297656023930141 
ch00_p1-pl2-sample28-sperm4.tif 4 3 0.6189007829383867 
ch00_p1-pl2-sample3-sperm13.tif 4 4 0.8918471667183876 
ch00_p1-pl2-sample31-sperm9.tif 4 4 0.9527247715860446 
ch00_p1-pl2-sample34-sperm11.tif 4 4 0.9254744646413662 
ch00_p1-pl2-sample34-sperm12.tif 4 4 0.9494393464958792 
ch00_p1-pl2-sample34-sperm6.tif 4 4 0.7255115528435595 
ch00_p1-pl2-sample34-sperm8.tif 4 2 0.8544075040523028 
ch00_p1-pl2-sample35-sperm10.tif 4 1 0.5546041761106609 
ch00_p1-pl2-sample35-sperm9.tif 4 4 0.7664702220020246 
ch00_p1-pl2-sample9-sperm18.tif 4 4 0.7937431191933854 
ch00_p1-pl3-sample1-sperm13.tif 4 4 0.976868060204343 
ch00_p1-pl3-sample10-sperm3.tif 4 4 0.7736565052020028 
ch00_p1-pl3-sample11-sperm5.tif 4 4 0.8349766381292347 
ch00_p1-pl3-sample12-sperm16.tif 4 4 0.9506891757379208 
ch00_p1-pl3-sample13-sperm9.tif 4 2 0.9699614188720116 
ch00_p1-pl3-sample14-sperm13.tif 4 0 0.6829756096182117 
ch00_p1-pl3-sample14-sperm16.tif 4 4 0.9397511824504919 
ch00_p1-pl3-sample15-sperm20.tif 4 4 0.9259778965674148 
ch00_p1-pl3-sample15-sperm9.tif 4 4 0.7041130097202336 
ch00_p1-pl3-sample17-sperm7.tif 4 4 0.9507855986310325 
ch00_p1-pl3-sample18-sperm6.tif 4 4 0.9833277370348747 
ch00_p1-pl3-sample19-sperm1.tif 4 4 0.9812446582167318 
ch00_p1-pl3-sample19-sperm2.tif 4 2 0.4740640943704105 
ch00_p1-pl3-sample2-sperm11.tif 4 4 0.9641134690298148 
ch00_p1-pl3-sample2-sperm12.tif 4 4 0.9076244777989269 
ch00_p1-pl3-sample2-sperm4.tif 4 4 0.968995599572804 
ch00_p1-pl3-sample20-sperm12.tif 4 4 0.99795019605519 
ch00_p1-pl3-sample20-sperm7.tif 4 4 0.6026693609525223 
ch00_p1-pl3-sample21-sperm3.tif 4 2 0.8407740327141617 
ch00_p1-pl3-sample21-sperm4.tif 4 4 0.767065184143651 
ch00_p1-pl3-sample21-sperm6.tif 4 4 0.582651421303092 
ch00_p1-pl3-sample22-sperm1.tif 4 4 0.9895343740639198 
ch00_p1-pl3-sample23-sperm17.tif 4 2 0.721455053536311 
ch00_p1-pl3-sample23-sperm3.tif 4 1 0.5439970065200762 
ch00_p1-pl3-sample24-sperm23.tif 4 4 0.9037829330878666 
ch00_p1-pl3-sample24-sperm5.tif 4 1 0.5264257242636021 
ch00_p1-pl3-sample24-sperm8.tif 4 4 0.775164939848742 
ch00_p1-pl3-sample25-sperm9.tif 4 4 0.7861138600450703 
ch00_p1-pl3-sample3-sperm5.tif 4 4 0.9817709166257431 
ch00_p1-pl3-sample3-sperm7.tif 4 4 0.9338540204918057 
ch00_p1-pl3-sample4-sperm3.tif 4 4 0.7153339299155543 
ch00_p1-pl3-sample4-sperm9.tif 4 4 0.9498501863722388 
ch00_p1-pl3-sample5-sperm14.tif 4 4 0.9773522338190905 
ch00_p1-pl3-sample5-sperm9.tif 4 1 0.9433964343719073 
ch00_p1-pl3-sample6-sperm5.tif 4 1 0.6510176466147423 
ch00_p1-pl3-sample7-sperm2.tif 4 4 0.9927978898288209 
ch00_p1-pl3-sample7-sperm3.tif 4 4 0.9429041769852059 
ch00_p1-pl3-sample7-sperm7.tif 4 1 0.5034411811550531 
ch00_p1-pl3-sample8-sperm6.tif 4 4 0.9786321817603882 
ch00_p1-pl3-sample9-sperm14.tif 4 4 0.9337615101418044 
ch00_p3-pl1-sample1-sperm4.tif 4 4 0.9703257571453879 
ch00_p3-pl1-sample1-sperm5.tif 4 1 0.8023047884221182 
ch00_p3-pl1-sample10-sperm4.tif 4 0 0.5103890437912829 
ch00_p3-pl1-sample11-sperm7.tif 4 1 0.9484127543224987 
ch00_p3-pl1-sample12-sperm7.tif 4 4 0.9515044796053035 
ch00_p3-pl1-sample13-sperm1.tif 4 4 0.9368863869695062 
ch00_p3-pl1-sample18-sperm2.tif 4 4 0.6057423794224617 
ch00_p3-pl1-sample19-sperm3.tif 4 4 0.8477381627855459 
ch00_p3-pl1-sample2-sperm6.tif 4 4 0.991938682016864 
ch00_p3-pl1-sample20-sperm4.tif 4 1 0.8003841101832287 
ch00_p3-pl1-sample21-sperm8.tif 4 3 0.7649712090102849 
ch00_p3-pl1-sample22-sperm8.tif 4 0 0.9629353835982195 
ch00_p3-pl1-sample23-sperm2.tif 4 4 0.9974692777460703 
ch00_p3-pl1-sample23-sperm7.tif 4 4 0.9987246677091195 
ch00_p3-pl1-sample24-sperm2.tif 4 4 0.9961288574732413 
ch00_p3-pl1-sample25-sperm10.tif 4 1 0.9127859101777879 
ch00_p3-pl1-sample25-sperm5.tif 4 4 0.7996065844436797 
ch00_p3-pl1-sample25-sperm8.tif 4 4 0.9407272969521346 
ch00_p3-pl1-sample26-sperm1.tif 4 4 0.9977912144694123 
ch00_p3-pl1-sample27-sperm3.tif 4 4 0.969123618413308 
ch00_p3-pl1-sample29-sperm9.tif 4 4 0.9592646459725537 
ch00_p3-pl1-sample31-sperm7.tif 4 4 0.6780404918493685 
ch00_p3-pl1-sample32-sperm7.tif 4 1 0.976439215168801 
ch00_p3-pl1-sample5-sperm3.tif 4 1 0.9908615710749784 
ch00_p3-pl1-sample5-sperm5.tif 4 1 0.8357238982624899 
ch00_p3-pl1-sample7-sperm6.tif 4 4 0.9822504027630274 
ch00_p4-pl1-sample1-sperm6.tif 4 4 0.955028395893892 
ch00_p4-pl1-sample1-sperm7.tif 4 3 0.7217722679582461 
ch00_p4-pl1-sample1-sperm9.tif 4 4 0.938663115269095 
ch00_p4-pl1-sample10-sperm15.tif 4 4 0.9787046157086553 
ch00_p4-pl1-sample10-sperm17.tif 4 4 0.4937385844278938 
ch00_p4-pl1-sample10-sperm20.tif 4 4 0.5763308309011954 
ch00_p4-pl1-sample10-sperm5.tif 4 2 0.6361724469487584 
ch00_p4-pl1-sample11-sperm5.tif 4 4 0.9655272897309999 
ch00_p4-pl1-sample12-sperm1.tif 4 4 0.6614438003908594 
ch00_p4-pl1-sample12-sperm11.tif 4 4 0.8481881622628786 
ch00_p4-pl1-sample12-sperm9.tif 4 4 0.9766945304063309 
ch00_p4-pl1-sample14-sperm12.tif 4 4 0.9247254823092406 
ch00_p4-pl1-sample14-sperm3.tif 4 4 0.6957051733623579 
ch00_p4-pl1-sample14-sperm7.tif 4 4 0.9831506916232409 
ch00_p4-pl1-sample16-sperm1.tif 4 1 0.9580534634716885 
ch00_p4-pl1-sample16-sperm7.tif 4 0 0.9856355423307743 
ch00_p4-pl1-sample17-sperm5.tif 4 4 0.5411946548737723 
ch00_p4-pl1-sample18-sperm6.tif 4 4 0.9647004528962221 
ch00_p4-pl1-sample2-sperm10.tif 4 4 0.9547341369380057 
ch00_p4-pl1-sample2-sperm12.tif 4 4 0.983247366026853 
ch00_p4-pl1-sample2-sperm5.tif 4 4 0.9459575398745316 
ch00_p4-pl1-sample20-sperm10.tif 4 4 0.8224046805624787 
ch00_p4-pl1-sample20-sperm11.tif 4 4 0.9929127124506795 
ch00_p4-pl1-sample20-sperm6.tif 4 1 0.9587417109308816 
ch00_p4-pl1-sample4-sperm14.tif 4 4 0.6650027839985324 
ch00_p4-pl1-sample4-sperm3.tif 4 4 0.982493561097971 
ch00_p4-pl1-sample6-sperm11.tif 4 4 0.8308690994658094 
ch00_p4-pl1-sample6-sperm4.tif 4 4 0.6251138709056375 
ch00_p4-pl1-sample6-sperm8.tif 4 1 0.963419020071953 
ch00_p4-pl1-sample7-sperm10.tif 4 3 0.9545971581534504 
ch00_p4-pl1-sample7-sperm17.tif 4 0 0.4652321520118475 
ch00_p4-pl1-sample7-sperm2.tif 4 4 0.9534761769327013 
ch00_p4-pl1-sample7-sperm3.tif 4 4 0.8816860435142558 
ch00_p4-pl1-sample8-sperm10.tif 4 2 0.7546104886371714 
ch00_p4-pl1-sample8-sperm2.tif 4 4 0.814853720204034 
ch00_p4-pl1-sample9-sperm11.tif 4 4 0.9898221001858467 
ch00_p4-pl1-sample9-sperm4.tif 4 4 0.9957304788030868 
ch00_p4-pl1-sample9-sperm9.tif 4 0 0.6524159134148556 
ch00_p4-pl2-sample10-sperm10.tif 4 4 0.9671697244819896 
ch00_p4-pl2-sample10-sperm12.tif 4 4 0.8343070781849995 
ch00_p4-pl2-sample10-sperm6.tif 4 4 0.9948499552016217 
ch00_p4-pl2-sample11-sperm2.tif 4 4 0.7224304109642129 
ch00_p4-pl2-sample11-sperm3.tif 4 4 0.9844959087852774 
ch00_p4-pl2-sample12-sperm1.tif 4 4 0.7447226665812211 
ch00_p4-pl2-sample12-sperm7.tif 4 4 0.9123908451099783 
ch00_p4-pl2-sample14-sperm10.tif 4 0 0.9992181746493304 
ch00_p4-pl2-sample15-sperm1.tif 4 4 0.8709346841010901 
ch00_p4-pl2-sample15-sperm4.tif 4 4 0.8467093784599117 
ch00_p4-pl2-sample16-sperm5.tif 4 4 0.9296557089397863 
ch00_p4-pl2-sample16-sperm7.tif 4 4 0.9459093815956925 
ch00_p4-pl2-sample17-sperm2.tif 4 4 0.9325415522112248 
ch00_p4-pl2-sample17-sperm4.tif 4 1 0.8907961180325321 
ch00_p4-pl2-sample18-sperm3.tif 4 4 0.9982535524497825 
ch00_p4-pl2-sample18-sperm5.tif 4 4 0.9830822661043924 
ch00_p4-pl2-sample18-sperm6.tif 4 4 0.7276284810471827 
ch00_p4-pl2-sample18-sperm8.tif 4 1 0.8781824583201506 
ch00_p4-pl2-sample19-sperm2.tif 4 1 0.6021384651564244 
ch00_p4-pl2-sample19-sperm7.tif 4 4 0.7631551899573208 
ch00_p4-pl2-sample3-sperm4.tif 4 1 0.9338818286055093 
ch00_p4-pl2-sample3-sperm5.tif 4 4 0.9957464466832099 
ch00_p4-pl2-sample3-sperm9.tif 4 4 0.9818125884151763 
ch00_p4-pl2-sample4-sperm7.tif 4 4 0.9866934525345898 
ch00_p4-pl2-sample4-sperm9.tif 4 4 0.9827954138065923 
ch00_p4-pl2-sample5-sperm1.tif 4 4 0.9040039588834891 
ch00_p4-pl2-sample5-sperm5.tif 4 4 0.771891297212357 
ch00_p4-pl2-sample6-sperm2.tif 4 4 0.93534569465956 
ch00_p4-pl2-sample6-sperm6.tif 4 2 0.881545783045078 
ch00_p4-pl2-sample7-sperm10.tif 4 4 0.9273504789981 
ch00_p4-pl2-sample7-sperm6.tif 4 1 0.7746939282011305 
ch00_p4-pl2-sample7-sperm9.tif 4 4 0.9880355339793073 
ch00_p4-pl2-sample8-sperm1.tif 4 3 0.9398530601058046 
ch00_p4-pl2-sample8-sperm2.tif 4 4 0.9750720406038645 
ch00_p4-pl2-sample9-sperm7.tif 4 4 0.8716980204584627 
ch00_p5-pl1-sample1-sperm7.tif 4 1 0.9364390967922578 
ch00_p5-pl1-sample10-sperm6.tif 4 4 0.9120109642622064 
ch00_p5-pl1-sample11-sperm10.tif 4 4 0.9458879663272741 
ch00_p5-pl1-sample12-sperm10.tif 4 4 0.7506558465827321 
ch00_p5-pl1-sample12-sperm13.tif 4 4 0.9883467242274708 
ch00_p5-pl1-sample12-sperm5.tif 4 4 0.9480539649109933 
ch00_p5-pl1-sample13-sperm6.tif 4 4 0.5341392723170437 
ch00_p5-pl1-sample15-sperm2.tif 4 4 0.9088983128782029 
ch00_p5-pl1-sample15-sperm3.tif 4 4 0.9611498358699447 
ch00_p5-pl1-sample15-sperm4.tif 4 0 0.36509266142021257 
ch00_p5-pl1-sample17-sperm10.tif 4 4 0.6984534968507718 
ch00_p5-pl1-sample17-sperm17.tif 4 4 0.9849647969985383 
ch00_p5-pl1-sample18-sperm3.tif 4 4 0.8989627255415255 
ch00_p5-pl1-sample18-sperm6.tif 4 4 0.9580522733440375 
ch00_p5-pl1-sample2-sperm10.tif 4 1 0.7917833227525841 
ch00_p5-pl1-sample2-sperm3.tif 4 4 0.979974726666847 
ch00_p5-pl1-sample2-sperm6.tif 4 3 0.9982149743548255 
ch00_p5-pl1-sample20-sperm12.tif 4 4 0.9949330239099333 
ch00_p5-pl1-sample20-sperm2.tif 4 4 0.9862197778162899 
ch00_p5-pl1-sample20-sperm7.tif 4 1 0.9178252792411242 
ch00_p5-pl1-sample3-sperm13.tif 4 4 0.9421876471952967 
ch00_p5-pl1-sample3-sperm15.tif 4 4 0.7914910585212646 
ch00_p5-pl1-sample3-sperm5.tif 4 4 0.7410623403930552 
ch00_p5-pl1-sample4-sperm10.tif 4 3 0.9265906142825442 
ch00_p5-pl1-sample4-sperm7.tif 4 1 0.5364577482944319 
ch00_p5-pl1-sample5-sperm9.tif 4 1 0.7232669581545811 
ch00_p5-pl1-sample9-sperm4.tif 4 4 0.9289935924459667 
