ch00_p1-pl2-sample1-sperm10.tif 0 0 0.9868598941299892 
ch00_p1-pl2-sample1-sperm5.tif 0 0 0.9435035991080258 
ch00_p1-pl2-sample13-sperm11.tif 0 0 0.9422735161497854 
ch00_p1-pl2-sample19-sperm7.tif 0 0 0.9826030866114549 
ch00_p1-pl2-sample3-sperm12.tif 0 0 0.6155975003165107 
ch00_p1-pl2-sample3-sperm4.tif 0 0 0.6910242790740836 
ch00_p1-pl2-sample34-sperm9.tif 0 0 0.948250636987988 
ch00_p1-pl2-sample35-sperm1.tif 0 0 0.945195837010576 
ch00_p1-pl2-sample4-sperm15.tif 0 2 0.8311071584555945 
ch00_p1-pl3-sample1-sperm17.tif 0 0 0.9583683856167379 
ch00_p1-pl3-sample1-sperm2.tif 0 0 0.974095359553298 
ch00_p1-pl3-sample1-sperm3.tif 0 0 0.9520737940536388 
ch00_p1-pl3-sample13-sperm14.tif 0 0 0.8936658782186827 
ch00_p1-pl3-sample14-sperm3.tif 0 0 0.7937859922798431 
ch00_p1-pl3-sample15-sperm10.tif 0 0 0.5343863599611969 
ch00_p1-pl3-sample15-sperm22.tif 0 0 0.801040281170951 
ch00_p3-pl1-sample14-sperm5.tif 0 0 0.8056152382408475 
ch00_p3-pl1-sample17-sperm7.tif 0 0 0.9816529755140552 
ch00_p3-pl1-sample19-sperm2.tif 0 0 0.9657417776262771 
ch00_p3-pl1-sample25-sperm12.tif 0 0 0.9886285865658634 
ch00_p4-pl1-sample10-sperm7.tif 0 0 0.494158529738811 
ch00_p4-pl1-sample15-sperm4.tif 0 0 0.8805833915850322 
ch00_p4-pl1-sample17-sperm2.tif 0 0 0.8580134083795541 
ch00_p4-pl1-sample18-sperm8.tif 0 2 0.9805133787936503 
ch00_p4-pl1-sample19-sperm12.tif 0 4 0.6105399924920174 
ch00_p4-pl2-sample17-sperm5.tif 0 0 0.8777837181327286 
ch00_p4-pl2-sample5-sperm6.tif 0 0 0.9805441124579445 
ch00_p5-pl1-sample2-sperm9.tif 0 3 0.8301070495146258 
ch00_p5-pl1-sample5-sperm3.tif 0 4 0.6989942884239095 
ch00_p5-pl1-sample8-sperm7.tif 0 3 0.9257273883826755 
ch00_p1-pl2-sample11-sperm10.tif 1 4 0.6997223517038195 
ch00_p1-pl2-sample12-sperm3.tif 1 1 0.9946838128958629 
ch00_p1-pl2-sample12-sperm4.tif 1 2 0.9911342918064513 
ch00_p1-pl2-sample13-sperm7.tif 1 4 0.9522627308628633 
ch00_p1-pl2-sample14-sperm13.tif 1 1 0.5598836269856111 
ch00_p1-pl2-sample19-sperm11.tif 1 1 0.9926139260154485 
ch00_p1-pl2-sample19-sperm4.tif 1 1 0.9516738617894539 
ch00_p1-pl2-sample19-sperm9.tif 1 1 0.9646191354813909 
ch00_p1-pl2-sample20-sperm7.tif 1 4 0.8382189662031836 
ch00_p1-pl2-sample21-sperm8.tif 1 0 0.5949692549167536 
ch00_p1-pl2-sample22-sperm3.tif 1 1 0.5101977635556697 
ch00_p1-pl2-sample25-sperm8.tif 1 0 0.47520419111459394 
ch00_p1-pl2-sample26-sperm5.tif 1 1 0.5462604093953823 
ch00_p1-pl2-sample27-sperm2.tif 1 1 0.9711472222756556 
ch00_p1-pl2-sample29-sperm8.tif 1 1 0.6818047163558103 
ch00_p1-pl2-sample33-sperm12.tif 1 1 0.9890114026869123 
ch00_p1-pl2-sample35-sperm2.tif 1 4 0.7872744179383567 
ch00_p1-pl2-sample4-sperm11.tif 1 2 0.7425885278260186 
ch00_p1-pl2-sample4-sperm3.tif 1 1 0.574881764824654 
ch00_p1-pl2-sample6-sperm7.tif 1 1 0.9918858377347083 
ch00_p1-pl2-sample8-sperm1.tif 1 4 0.9549485079307402 
ch00_p1-pl2-sample8-sperm2.tif 1 4 0.5445095588229404 
ch00_p1-pl2-sample9-sperm14.tif 1 1 0.9863349208560853 
ch00_p1-pl2-sample9-sperm15.tif 1 4 0.8148505967978917 
ch00_p1-pl2-sample9-sperm2.tif 1 1 0.9945198921401992 
ch00_p1-pl3-sample10-sperm4.tif 1 4 0.9442476069410045 
ch00_p1-pl3-sample10-sperm6.tif 1 1 0.9933381553955564 
ch00_p1-pl3-sample11-sperm9.tif 1 1 0.9909698236465514 
ch00_p1-pl3-sample12-sperm19.tif 1 1 0.9763804279466957 
ch00_p1-pl3-sample12-sperm5.tif 1 4 0.8711653850685164 
ch00_p1-pl3-sample13-sperm4.tif 1 4 0.7403210771132627 
ch00_p1-pl3-sample14-sperm10.tif 1 2 0.9843390603832777 
ch00_p1-pl3-sample14-sperm8.tif 1 4 0.5164700338033704 
ch00_p1-pl3-sample15-sperm6.tif 1 0 0.922452417874913 
ch00_p1-pl3-sample16-sperm14.tif 1 1 0.949551083953693 
ch00_p1-pl3-sample18-sperm4.tif 1 1 0.9855957133142585 
ch00_p1-pl3-sample19-sperm4.tif 1 1 0.6106480540776152 
ch00_p1-pl3-sample19-sperm7.tif 1 4 0.7413143383613039 
ch00_p1-pl3-sample7-sperm10.tif 1 1 0.8688923636141683 
ch00_p1-pl3-sample7-sperm12.tif 1 1 0.9909680623599361 
ch00_p1-pl3-sample7-sperm6.tif 1 1 0.9819286402312295 
ch00_p1-pl3-sample9-sperm7.tif 1 1 0.9779562193324505 
ch00_p3-pl1-sample10-sperm6.tif 1 1 0.9985809298558505 
ch00_p3-pl1-sample11-sperm2.tif 1 1 0.8932694495141099 
ch00_p3-pl1-sample12-sperm5.tif 1 1 0.9902736766638573 
ch00_p3-pl1-sample14-sperm2.tif 1 4 0.8044580397675728 
ch00_p3-pl1-sample15-sperm9.tif 1 1 0.5328653522463198 
ch00_p3-pl1-sample17-sperm4.tif 1 1 0.7665060793555583 
ch00_p3-pl1-sample19-sperm5.tif 1 1 0.9964465656698469 
ch00_p3-pl1-sample19-sperm6.tif 1 4 0.7514861595835899 
ch00_p3-pl1-sample22-sperm1.tif 1 1 0.9845735173864589 
ch00_p3-pl1-sample22-sperm2.tif 1 1 0.9530872066101851 
ch00_p3-pl1-sample26-sperm6.tif 1 1 0.5983357439935719 
ch00_p3-pl1-sample28-sperm7.tif 1 4 0.923940244668928 
ch00_p3-pl1-sample3-sperm10.tif 1 1 0.948931055427581 
ch00_p3-pl1-sample32-sperm5.tif 1 1 0.9966937127722448 
ch00_p3-pl1-sample4-sperm2.tif 1 1 0.9742513343915384 
ch00_p3-pl1-sample6-sperm5.tif 1 1 0.916360904499313 
ch00_p3-pl1-sample7-sperm14.tif 1 1 0.9959297558835857 
ch00_p4-pl1-sample1-sperm4.tif 1 1 0.6005381539263736 
ch00_p4-pl1-sample20-sperm13.tif 1 1 0.9962629845343834 
ch00_p4-pl2-sample10-sperm2.tif 1 1 0.9338944247331089 
ch00_p4-pl2-sample4-sperm3.tif 1 4 0.8939166375163177 
ch00_p5-pl1-sample17-sperm15.tif 1 1 0.8524663734958133 
ch00_p5-pl1-sample5-sperm16.tif 1 1 0.7549757697468908 
ch00_p5-pl1-sample5-sperm20.tif 1 4 0.8493232693712405 
ch00_p5-pl1-sample6-sperm13.tif 1 1 0.9648453358594448 
ch00_p5-pl1-sample7-sperm7.tif 1 1 0.995310959272952 
ch00_p1-pl2-sample14-sperm5.tif 2 2 0.9988384590140144 
ch00_p1-pl2-sample2-sperm15.tif 2 4 0.7221052640130177 
ch00_p1-pl2-sample2-sperm9.tif 2 2 0.9648817692440079 
ch00_p1-pl2-sample27-sperm7.tif 2 2 0.9947983472443016 
ch00_p1-pl2-sample34-sperm5.tif 2 1 0.6727700938969952 
ch00_p1-pl2-sample9-sperm17.tif 2 2 0.9898771560154954 
ch00_p1-pl3-sample17-sperm9.tif 2 2 0.9984400098919121 
ch00_p1-pl3-sample20-sperm4.tif 2 2 0.5833133403094697 
ch00_p1-pl3-sample21-sperm10.tif 2 2 0.9939941285135439 
ch00_p1-pl3-sample6-sperm17.tif 2 2 0.6674023274964568 
ch00_p1-pl3-sample6-sperm9.tif 2 4 0.784700101046146 
ch00_p3-pl1-sample25-sperm7.tif 2 1 0.9798946192839667 
ch00_p4-pl1-sample13-sperm4.tif 2 2 0.9976854262637723 
ch00_p4-pl1-sample14-sperm14.tif 2 4 0.7563394575209279 
ch00_p4-pl1-sample16-sperm4.tif 2 4 0.544730768627249 
ch00_p4-pl1-sample17-sperm4.tif 2 2 0.8606136334090273 
ch00_p4-pl1-sample3-sperm10.tif 2 2 0.9390154384383917 
ch00_p4-pl1-sample3-sperm7.tif 2 3 0.8830824403918747 
ch00_p4-pl1-sample5-sperm3.tif 2 2 0.9945642857715936 
ch00_p4-pl1-sample5-sperm5.tif 2 2 0.8721680793543813 
ch00_p4-pl1-sample7-sperm15.tif 2 4 0.9929903371238065 
ch00_p4-pl2-sample17-sperm6.tif 2 2 0.5864219626988829 
ch00_p1-pl2-sample21-sperm5.tif 3 0 0.9844414735894048 
ch00_p1-pl2-sample21-sperm7.tif 3 4 0.8522426505734639 
ch00_p1-pl2-sample22-sperm10.tif 3 4 0.9561939370539588 
ch00_p1-pl2-sample22-sperm2.tif 3 4 0.7764851993430419 
ch00_p1-pl2-sample23-sperm11.tif 3 4 0.9700575792458295 
ch00_p1-pl2-sample24-sperm3.tif 3 4 0.8800161733194025 
ch00_p1-pl2-sample25-sperm9.tif 3 0 0.9869824416582217 
ch00_p1-pl2-sample5-sperm11.tif 3 3 0.7867604811546066 
ch00_p1-pl2-sample5-sperm15.tif 3 3 0.9597216854925072 
ch00_p1-pl3-sample10-sperm9.tif 3 0 0.9779193825207868 
ch00_p1-pl3-sample16-sperm16.tif 3 4 0.8104653612830515 
ch00_p1-pl3-sample17-sperm4.tif 3 3 0.9879374204229909 
ch00_p1-pl3-sample2-sperm13.tif 3 1 0.9931337789351915 
ch00_p1-pl3-sample23-sperm7.tif 3 1 0.8774542296472857 
ch00_p1-pl3-sample4-sperm4.tif 3 3 0.7700967699141047 
ch00_p1-pl3-sample9-sperm6.tif 3 4 0.5064979412218925 
ch00_p1-pl3-sample9-sperm9.tif 3 1 0.502546536258351 
ch00_p3-pl1-sample31-sperm3.tif 3 4 0.9373140303901943 
ch00_p4-pl1-sample10-sperm2.tif 3 2 0.8749163913366068 
ch00_p4-pl1-sample4-sperm13.tif 3 3 0.9752115266356179 
ch00_p5-pl1-sample1-sperm4.tif 3 3 0.9870145519204546 
ch00_p1-pl2-sample11-sperm9.tif 4 4 0.9669779322734614 
ch00_p1-pl2-sample12-sperm11.tif 4 4 0.9078365568903097 
ch00_p1-pl2-sample13-sperm16.tif 4 0 0.9910220925971852 
ch00_p1-pl2-sample14-sperm1.tif 4 2 0.48030739791702026 
ch00_p1-pl2-sample14-sperm11.tif 4 4 0.9895411652759868 
ch00_p1-pl2-sample14-sperm4.tif 4 0 0.4329745075029254 
ch00_p1-pl2-sample2-sperm11.tif 4 4 0.9888546934868806 
ch00_p1-pl2-sample2-sperm17.tif 4 0 0.9355101975500151 
ch00_p1-pl2-sample2-sperm8.tif 4 4 0.9002885478999686 
ch00_p1-pl2-sample23-sperm16.tif 4 4 0.7542169265712544 
ch00_p1-pl2-sample26-sperm1.tif 4 3 0.9418472630602983 
ch00_p1-pl2-sample26-sperm12.tif 4 4 0.9681325109770599 
ch00_p1-pl2-sample26-sperm4.tif 4 1 0.3586572411916737 
ch00_p1-pl2-sample27-sperm8.tif 4 1 0.8193893294715942 
ch00_p1-pl2-sample28-sperm10.tif 4 4 0.7014386823700718 
ch00_p1-pl2-sample28-sperm11.tif 4 1 0.9783008472128507 
ch00_p1-pl2-sample28-sperm3.tif 4 1 0.50255227988279 
ch00_p1-pl2-sample3-sperm14.tif 4 1 0.9988549146285087 
ch00_p1-pl2-sample3-sperm8.tif 4 4 0.776869490367522 
ch00_p1-pl2-sample30-sperm4.tif 4 4 0.8833951681141712 
ch00_p1-pl2-sample31-sperm11.tif 4 2 0.9389803066556266 
ch00_p1-pl2-sample32-sperm1.tif 4 2 0.8222996318663207 
ch00_p1-pl2-sample32-sperm5.tif 4 0 0.7832743271855863 
ch00_p1-pl2-sample34-sperm10.tif 4 4 0.9336594106769601 
ch00_p1-pl2-sample34-sperm8.tif 4 2 0.6111196808949415 
ch00_p1-pl2-sample35-sperm5.tif 4 4 0.8138876719036036 
ch00_p1-pl2-sample35-sperm9.tif 4 3 0.9794306755941784 
ch00_p1-pl2-sample7-sperm1.tif 4 4 0.9349401352830193 
ch00_p1-pl2-sample7-sperm10.tif 4 4 0.8611278693162367 
ch00_p1-pl2-sample7-sperm13.tif 4 4 0.947025521871156 
ch00_p1-pl3-sample1-sperm7.tif 4 4 0.9876182370976584 
ch00_p1-pl3-sample10-sperm7.tif 4 4 0.5270783820489152 
ch00_p1-pl3-sample11-sperm5.tif 4 1 0.8392646284966109 
ch00_p1-pl3-sample11-sperm8.tif 4 4 0.8786015333488509 
ch00_p1-pl3-sample12-sperm10.tif 4 1 0.8159633849582023 
ch00_p1-pl3-sample12-sperm20.tif 4 4 0.5522101840673477 
ch00_p1-pl3-sample12-sperm3.tif 4 1 0.7861032614940011 
ch00_p1-pl3-sample12-sperm6.tif 4 0 0.9365490522798016 
ch00_p1-pl3-sample13-sperm8.tif 4 0 0.9516373811779851 
ch00_p1-pl3-sample13-sperm9.tif 4 4 0.8247877090413221 
ch00_p1-pl3-sample14-sperm1.tif 4 2 0.7812812189626841 
ch00_p1-pl3-sample15-sperm12.tif 4 2 0.8986366406663536 
ch00_p1-pl3-sample15-sperm2.tif 4 4 0.9109913802068906 
ch00_p1-pl3-sample15-sperm24.tif 4 4 0.5956457065106499 
ch00_p1-pl3-sample15-sperm8.tif 4 4 0.7727087300857605 
ch00_p1-pl3-sample17-sperm2.tif 4 4 0.8749659900034241 
ch00_p1-pl3-sample19-sperm1.tif 4 4 0.7783688082378142 
ch00_p1-pl3-sample19-sperm2.tif 4 4 0.95538732578302 
ch00_p1-pl3-sample19-sperm8.tif 4 0 0.6087500892095238 
ch00_p1-pl3-sample20-sperm7.tif 4 4 0.9751308074231949 
ch00_p1-pl3-sample21-sperm6.tif 4 4 0.5855804606908458 
ch00_p1-pl3-sample22-sperm3.tif 4 1 0.7264478089882737 
ch00_p1-pl3-sample22-sperm6.tif 4 3 0.9936645018295494 
ch00_p1-pl3-sample22-sperm9.tif 4 4 0.9273380344278871 
ch00_p1-pl3-sample23-sperm11.tif 4 1 0.8288580250265184 
ch00_p1-pl3-sample23-sperm12.tif 4 4 0.9781649203461824 
ch00_p1-pl3-sample24-sperm10.tif 4 4 0.9251588016057173 
ch00_p1-pl3-sample24-sperm20.tif 4 4 0.5478710468486165 
ch00_p1-pl3-sample24-sperm21.tif 4 4 0.9680140596279889 
ch00_p1-pl3-sample24-sperm22.tif 4 4 0.9087186400171436 
ch00_p1-pl3-sample24-sperm24.tif 4 4 0.8403859655278924 
ch00_p1-pl3-sample24-sperm7.tif 4 3 0.9846436295791042 
ch00_p1-pl3-sample24-sperm8.tif 4 4 0.8682059725519166 
ch00_p1-pl3-sample25-sperm11.tif 4 2 0.7425113750471 
ch00_p1-pl3-sample25-sperm2.tif 4 0 0.45715086905132446 
ch00_p1-pl3-sample25-sperm9.tif 4 4 0.8651263018760735 
ch00_p1-pl3-sample3-sperm1.tif 4 4 0.5092136346431415 
ch00_p1-pl3-sample3-sperm7.tif 4 1 0.9718099844977398 
ch00_p1-pl3-sample5-sperm6.tif 4 1 0.7141167268688953 
ch00_p1-pl3-sample5-sperm7.tif 4 2 0.7788467322156153 
ch00_p1-pl3-sample7-sperm11.tif 4 1 0.9575952645468861 
ch00_p1-pl3-sample7-sperm2.tif 4 4 0.9914236532969424 
ch00_p1-pl3-sample7-sperm3.tif 4 0 0.5338896582061743 
ch00_p1-pl3-sample8-sperm9.tif 4 2 0.7689606894851501 
ch00_p1-pl3-sample9-sperm5.tif 4 2 0.7788332023000676 
ch00_p3-pl1-sample11-sperm5.tif 4 1 0.5772821869806328 
ch00_p3-pl1-sample13-sperm6.tif 4 0 0.9390656525824628 
ch00_p3-pl1-sample14-sperm9.tif 4 1 0.986229957809533 
ch00_p3-pl1-sample15-sperm4.tif 4 4 0.624152387449977 
ch00_p3-pl1-sample16-sperm1.tif 4 4 0.9268830417780344 
ch00_p3-pl1-sample16-sperm3.tif 4 4 0.9720164371149617 
ch00_p3-pl1-sample16-sperm4.tif 4 4 0.99564866044203 
ch00_p3-pl1-sample22-sperm4.tif 4 4 0.8735698901496876 
ch00_p3-pl1-sample23-sperm2.tif 4 4 0.9919290493338916 
ch00_p3-pl1-sample23-sperm6.tif 4 4 0.7054225402525754 
ch00_p3-pl1-sample23-sperm9.tif 4 4 0.623997481835077 
ch00_p3-pl1-sample25-sperm5.tif 4 4 0.7715622630659155 
ch00_p3-pl1-sample26-sperm4.tif 4 0 0.9875351960225434 
ch00_p3-pl1-sample26-sperm5.tif 4 2 0.5363264220103422 
ch00_p3-pl1-sample27-sperm3.tif 4 3 0.9976973705765116 
ch00_p3-pl1-sample29-sperm8.tif 4 4 0.702939261339425 
ch00_p3-pl1-sample3-sperm6.tif 4 4 0.8412724825633071 
ch00_p3-pl1-sample30-sperm4.tif 4 4 0.9371318984407299 
ch00_p3-pl1-sample4-sperm1.tif 4 1 0.44717405468137544 
ch00_p3-pl1-sample5-sperm2.tif 4 4 0.9130497174935348 
ch00_p3-pl1-sample5-sperm3.tif 4 4 0.6092422341429694 
ch00_p3-pl1-sample7-sperm1.tif 4 4 0.9967060575597266 
ch00_p3-pl1-sample7-sperm11.tif 4 4 0.9672083252389224 
ch00_p3-pl1-sample7-sperm8.tif 4 4 0.9888552465162453 
ch00_p3-pl1-sample9-sperm5.tif 4 3 0.5188905603872561 
ch00_p3-pl1-sample9-sperm9.tif 4 1 0.7495522786495091 
ch00_p4-pl1-sample1-sperm12.tif 4 1 0.5798486775863754 
ch00_p4-pl1-sample1-sperm6.tif 4 4 0.9341888230692874 
ch00_p4-pl1-sample1-sperm7.tif 4 4 0.8968745999923085 
ch00_p4-pl1-sample1-sperm9.tif 4 0 0.6592787594382521 
ch00_p4-pl1-sample10-sperm15.tif 4 2 0.9498934354540945 
ch00_p4-pl1-sample10-sperm5.tif 4 4 0.6526508986596994 
ch00_p4-pl1-sample11-sperm12.tif 4 2 0.973509796623596 
ch00_p4-pl1-sample12-sperm2.tif 4 2 0.9555067258562286 
ch00_p4-pl1-sample12-sperm9.tif 4 4 0.8007699402632654 
ch00_p4-pl1-sample13-sperm2.tif 4 2 0.6950650807040398 
ch00_p4-pl1-sample13-sperm3.tif 4 1 0.6123058697959766 
ch00_p4-pl1-sample13-sperm5.tif 4 2 0.7038869680368922 
ch00_p4-pl1-sample13-sperm8.tif 4 4 0.7409031785532468 
ch00_p4-pl1-sample14-sperm12.tif 4 4 0.9849265682488244 
ch00_p4-pl1-sample14-sperm3.tif 4 4 0.708540036264973 
ch00_p4-pl1-sample15-sperm10.tif 4 1 0.9824515136615328 
ch00_p4-pl1-sample16-sperm10.tif 4 2 0.9963297143155826 
ch00_p4-pl1-sample16-sperm16.tif 4 0 0.7679770677035453 
ch00_p4-pl1-sample16-sperm17.tif 4 4 0.9917111894283477 
ch00_p4-pl1-sample19-sperm6.tif 4 2 0.9703312414990166 
ch00_p4-pl1-sample19-sperm9.tif 4 4 0.9908439066220932 
ch00_p4-pl1-sample2-sperm10.tif 4 4 0.9999970861580675 
ch00_p4-pl1-sample20-sperm3.tif 4 0 0.8265702688890515 
ch00_p4-pl1-sample20-sperm6.tif 4 1 0.5631056154620491 
ch00_p4-pl1-sample20-sperm9.tif 4 4 0.7786911810745575 
ch00_p4-pl1-sample3-sperm3.tif 4 0 0.9465104023521296 
ch00_p4-pl1-sample3-sperm9.tif 4 4 0.9974368564554977 
ch00_p4-pl1-sample4-sperm11.tif 4 4 0.8995263239409512 
ch00_p4-pl1-sample4-sperm12.tif 4 4 0.7408460514851549 
ch00_p4-pl1-sample4-sperm3.tif 4 2 0.852549208906652 
ch00_p4-pl1-sample5-sperm1.tif 4 4 0.8066422660519463 
ch00_p4-pl1-sample5-sperm4.tif 4 0 0.6855546600110789 
ch00_p4-pl1-sample5-sperm9.tif 4 2 0.4714014629993411 
ch00_p4-pl1-sample6-sperm4.tif 4 4 0.8268529740605383 
ch00_p4-pl1-sample6-sperm7.tif 4 4 0.9571864605345606 
ch00_p4-pl1-sample6-sperm8.tif 4 2 0.47268068512297884 
ch00_p4-pl1-sample7-sperm10.tif 4 4 0.6119520730401437 
ch00_p4-pl1-sample7-sperm6.tif 4 4 0.9724835038598233 
ch00_p4-pl1-sample8-sperm1.tif 4 1 0.971899513301674 
ch00_p4-pl1-sample8-sperm10.tif 4 2 0.9825451655602028 
ch00_p4-pl1-sample8-sperm12.tif 4 2 0.9763475967861044 
ch00_p4-pl1-sample8-sperm2.tif 4 0 0.6308855179392889 
ch00_p4-pl1-sample8-sperm3.tif 4 3 0.7590872853507687 
ch00_p4-pl1-sample9-sperm15.tif 4 3 0.9622472818840855 
ch00_p4-pl1-sample9-sperm17.tif 4 2 0.9592094219769125 
ch00_p4-pl1-sample9-sperm2.tif 4 4 0.9926369350508967 
ch00_p4-pl1-sample9-sperm9.tif 4 0 0.798010819703169 
ch00_p4-pl2-sample10-sperm1.tif 4 0 0.454407999242278 
ch00_p4-pl2-sample10-sperm5.tif 4 4 0.9819653382848392 
ch00_p4-pl2-sample10-sperm8.tif 4 4 0.7096740969791242 
ch00_p4-pl2-sample13-sperm2.tif 4 4 0.49690044953174345 
ch00_p4-pl2-sample13-sperm7.tif 4 0 0.614002362159276 
ch00_p4-pl2-sample14-sperm10.tif 4 0 0.9841942822333078 
ch00_p4-pl2-sample14-sperm9.tif 4 1 0.9839658610747325 
ch00_p4-pl2-sample15-sperm1.tif 4 4 0.9329056424261098 
ch00_p4-pl2-sample15-sperm7.tif 4 2 0.9230275049097177 
ch00_p4-pl2-sample17-sperm2.tif 4 2 0.6750360578379573 
ch00_p4-pl2-sample19-sperm1.tif 4 0 0.9787786892556809 
ch00_p4-pl2-sample19-sperm3.tif 4 1 0.9152336509927738 
ch00_p4-pl2-sample2-sperm6.tif 4 4 0.982935763563511 
ch00_p4-pl2-sample3-sperm2.tif 4 4 0.992661571125241 
ch00_p4-pl2-sample3-sperm3.tif 4 4 0.9594905278901972 
ch00_p4-pl2-sample3-sperm5.tif 4 4 0.9292711793616956 
ch00_p4-pl2-sample3-sperm6.tif 4 1 0.5055017540476874 
ch00_p4-pl2-sample4-sperm4.tif 4 4 0.5850918836672103 
ch00_p4-pl2-sample4-sperm7.tif 4 4 0.9953072850439035 
ch00_p4-pl2-sample7-sperm10.tif 4 4 0.9165231546416555 
ch00_p4-pl2-sample7-sperm5.tif 4 2 0.602088215578839 
ch00_p4-pl2-sample7-sperm9.tif 4 4 0.5414383415693448 
ch00_p4-pl2-sample8-sperm2.tif 4 0 0.6177659422823478 
ch00_p4-pl2-sample9-sperm4.tif 4 4 0.7002106564964524 
ch00_p5-pl1-sample1-sperm5.tif 4 4 0.9853260154583365 
ch00_p5-pl1-sample10-sperm18.tif 4 3 0.9976703285031028 
ch00_p5-pl1-sample10-sperm6.tif 4 1 0.9607536249493266 
ch00_p5-pl1-sample10-sperm7.tif 4 4 0.9580545369617159 
ch00_p5-pl1-sample12-sperm15.tif 4 0 0.9386703162099704 
ch00_p5-pl1-sample12-sperm6.tif 4 1 0.8468513613662041 
ch00_p5-pl1-sample12-sperm7.tif 4 2 0.5436429621689586 
ch00_p5-pl1-sample13-sperm6.tif 4 0 0.9565566941419278 
ch00_p5-pl1-sample15-sperm2.tif 4 4 0.8390151584734371 
ch00_p5-pl1-sample16-sperm3.tif 4 4 0.8288057169309855 
ch00_p5-pl1-sample17-sperm13.tif 4 3 0.43800285663362676 
ch00_p5-pl1-sample17-sperm2.tif 4 4 0.8330036650387407 
ch00_p5-pl1-sample18-sperm3.tif 4 4 0.9517987386366877 
ch00_p5-pl1-sample2-sperm10.tif 4 4 0.9035422984300666 
ch00_p5-pl1-sample20-sperm12.tif 4 4 0.98467209541467 
ch00_p5-pl1-sample20-sperm5.tif 4 3 0.9328381641833784 
ch00_p5-pl1-sample4-sperm2.tif 4 3 0.9198660711704173 
ch00_p5-pl1-sample4-sperm5.tif 4 2 0.6861986352722925 
ch00_p5-pl1-sample5-sperm10.tif 4 1 0.9958166018058453 
ch00_p5-pl1-sample5-sperm18.tif 4 4 0.8187433444795615 
ch00_p5-pl1-sample6-sperm4.tif 4 3 0.9946793891828729 
ch00_p5-pl1-sample7-sperm5.tif 4 1 0.5974799496563016 
ch00_p5-pl1-sample8-sperm4.tif 4 4 0.9625461270855179 
ch00_p5-pl1-sample9-sperm5.tif 4 3 0.9780302657849462 
