ch00_p1-pl2-sample1-sperm10.tif 0 0 0.8026207138192797 
ch00_p1-pl2-sample1-sperm5.tif 0 0 0.9661792690807153 
ch00_p1-pl2-sample13-sperm11.tif 0 4 0.9537384009428849 
ch00_p1-pl2-sample19-sperm7.tif 0 0 0.9989322713102354 
ch00_p1-pl2-sample3-sperm12.tif 0 4 0.5459702538888135 
ch00_p1-pl2-sample3-sperm4.tif 0 3 0.6427654822925061 
ch00_p1-pl2-sample34-sperm9.tif 0 4 0.9573229591407506 
ch00_p1-pl2-sample35-sperm1.tif 0 0 0.7877469575173726 
ch00_p1-pl2-sample4-sperm15.tif 0 4 0.5593811248538954 
ch00_p1-pl3-sample1-sperm17.tif 0 0 0.9979982101501609 
ch00_p1-pl3-sample1-sperm2.tif 0 0 0.9739785575605915 
ch00_p1-pl3-sample1-sperm3.tif 0 4 0.6277815822198074 
ch00_p1-pl3-sample13-sperm14.tif 0 4 0.9999995136940008 
ch00_p1-pl3-sample14-sperm3.tif 0 4 0.9840196582645279 
ch00_p1-pl3-sample15-sperm10.tif 0 0 0.9971286132818927 
ch00_p1-pl3-sample15-sperm22.tif 0 3 0.48667906046625914 
ch00_p3-pl1-sample14-sperm5.tif 0 4 0.9425761819907411 
ch00_p3-pl1-sample17-sperm7.tif 0 0 0.9956425329408469 
ch00_p3-pl1-sample19-sperm2.tif 0 4 0.5906299023654277 
ch00_p3-pl1-sample25-sperm12.tif 0 0 0.9539067294871033 
ch00_p4-pl1-sample10-sperm7.tif 0 4 0.996731379198667 
ch00_p4-pl1-sample15-sperm4.tif 0 4 0.8818466781702318 
ch00_p4-pl1-sample17-sperm2.tif 0 4 0.9999973003804876 
ch00_p4-pl1-sample18-sperm8.tif 0 4 0.619143468955778 
ch00_p4-pl1-sample19-sperm12.tif 0 4 0.6155034931841598 
ch00_p4-pl2-sample17-sperm5.tif 0 0 0.9669624972359468 
ch00_p4-pl2-sample5-sperm6.tif 0 4 0.9944982352991444 
ch00_p5-pl1-sample2-sperm9.tif 0 4 0.6068431380076034 
ch00_p5-pl1-sample5-sperm3.tif 0 4 0.9967337324957755 
ch00_p5-pl1-sample8-sperm7.tif 0 4 0.9977451088002417 
ch00_p1-pl2-sample11-sperm10.tif 1 1 0.967020994805052 
ch00_p1-pl2-sample12-sperm3.tif 1 1 0.9768151551329337 
ch00_p1-pl2-sample12-sperm4.tif 1 2 0.783447372996355 
ch00_p1-pl2-sample13-sperm7.tif 1 4 0.9999995197964813 
ch00_p1-pl2-sample14-sperm13.tif 1 2 0.8220107933719918 
ch00_p1-pl2-sample19-sperm11.tif 1 1 0.9997331467052459 
ch00_p1-pl2-sample19-sperm4.tif 1 1 0.8375183233274301 
ch00_p1-pl2-sample19-sperm9.tif 1 1 0.7802612566692594 
ch00_p1-pl2-sample20-sperm7.tif 1 4 0.9999999963382629 
ch00_p1-pl2-sample21-sperm8.tif 1 4 0.42117254483595307 
ch00_p1-pl2-sample22-sperm3.tif 1 1 0.9822625544784455 
ch00_p1-pl2-sample25-sperm8.tif 1 4 0.5792419773263582 
ch00_p1-pl2-sample26-sperm5.tif 1 1 0.9915364968280042 
ch00_p1-pl2-sample27-sperm2.tif 1 4 0.9005122200283315 
ch00_p1-pl2-sample29-sperm8.tif 1 4 0.993228703956528 
ch00_p1-pl2-sample33-sperm12.tif 1 1 0.9999911904909002 
ch00_p1-pl2-sample35-sperm2.tif 1 4 0.9949421072229412 
ch00_p1-pl2-sample4-sperm11.tif 1 2 0.9648708375164003 
ch00_p1-pl2-sample4-sperm3.tif 1 1 0.9880218004077527 
ch00_p1-pl2-sample6-sperm7.tif 1 1 0.9937133267563967 
ch00_p1-pl2-sample8-sperm1.tif 1 4 0.9903464825744119 
ch00_p1-pl2-sample8-sperm2.tif 1 1 0.9947474945450735 
ch00_p1-pl2-sample9-sperm14.tif 1 1 0.9997667004902581 
ch00_p1-pl2-sample9-sperm15.tif 1 4 0.9999996366567093 
ch00_p1-pl2-sample9-sperm2.tif 1 4 0.9999998893019508 
ch00_p1-pl3-sample10-sperm4.tif 1 4 0.9045758340056037 
ch00_p1-pl3-sample10-sperm6.tif 1 1 0.9986313908889772 
ch00_p1-pl3-sample11-sperm9.tif 1 1 0.9987994605780254 
ch00_p1-pl3-sample12-sperm19.tif 1 1 0.9912090266318229 
ch00_p1-pl3-sample12-sperm5.tif 1 1 0.8992734226160417 
ch00_p1-pl3-sample13-sperm4.tif 1 1 0.8146106132285673 
ch00_p1-pl3-sample14-sperm10.tif 1 2 0.9972365284974755 
ch00_p1-pl3-sample14-sperm8.tif 1 4 0.9456052794689099 
ch00_p1-pl3-sample15-sperm6.tif 1 3 0.8622330081531902 
ch00_p1-pl3-sample16-sperm14.tif 1 1 0.8927174462866231 
ch00_p1-pl3-sample18-sperm4.tif 1 1 0.9999216173598806 
ch00_p1-pl3-sample19-sperm4.tif 1 4 0.6872751390342785 
ch00_p1-pl3-sample19-sperm7.tif 1 4 0.9681721899337526 
ch00_p1-pl3-sample7-sperm10.tif 1 1 0.8047415676970257 
ch00_p1-pl3-sample7-sperm12.tif 1 4 0.531754318001806 
ch00_p1-pl3-sample7-sperm6.tif 1 1 0.9871534424936609 
ch00_p1-pl3-sample9-sperm7.tif 1 4 0.9745259347028479 
ch00_p3-pl1-sample10-sperm6.tif 1 1 0.992583315694345 
ch00_p3-pl1-sample11-sperm2.tif 1 4 0.9957539868427602 
ch00_p3-pl1-sample12-sperm5.tif 1 1 0.9008285448271561 
ch00_p3-pl1-sample14-sperm2.tif 1 4 0.8944693601647001 
ch00_p3-pl1-sample15-sperm9.tif 1 1 0.8318623838638038 
ch00_p3-pl1-sample17-sperm4.tif 1 4 0.9967120894752615 
ch00_p3-pl1-sample19-sperm5.tif 1 1 0.9984693400868054 
ch00_p3-pl1-sample19-sperm6.tif 1 1 0.9928126443015651 
ch00_p3-pl1-sample22-sperm1.tif 1 4 0.9987532880291387 
ch00_p3-pl1-sample22-sperm2.tif 1 4 0.9999999981584896 
ch00_p3-pl1-sample26-sperm6.tif 1 4 0.9999993484930264 
ch00_p3-pl1-sample28-sperm7.tif 1 1 0.7372215308569859 
ch00_p3-pl1-sample3-sperm10.tif 1 1 0.9994953692573059 
ch00_p3-pl1-sample32-sperm5.tif 1 1 0.999866913460897 
ch00_p3-pl1-sample4-sperm2.tif 1 1 0.9998576763475366 
ch00_p3-pl1-sample6-sperm5.tif 1 4 0.6011329711866732 
ch00_p3-pl1-sample7-sperm14.tif 1 4 0.6233408312245226 
ch00_p4-pl1-sample1-sperm4.tif 1 1 0.7608986202977367 
ch00_p4-pl1-sample20-sperm13.tif 1 1 0.9992535316776702 
ch00_p4-pl2-sample10-sperm2.tif 1 1 0.8534708400017414 
ch00_p4-pl2-sample4-sperm3.tif 1 4 0.9999999999998797 
ch00_p5-pl1-sample17-sperm15.tif 1 1 0.9732736867766237 
ch00_p5-pl1-sample5-sperm16.tif 1 4 0.9815740625229601 
ch00_p5-pl1-sample5-sperm20.tif 1 4 0.9714002349605299 
ch00_p5-pl1-sample6-sperm13.tif 1 1 0.9860334418528898 
ch00_p5-pl1-sample7-sperm7.tif 1 4 0.7584834248232001 
ch00_p1-pl2-sample14-sperm5.tif 2 4 0.845361001852071 
ch00_p1-pl2-sample2-sperm15.tif 2 4 0.959378934387308 
ch00_p1-pl2-sample2-sperm9.tif 2 2 0.9953986609605203 
ch00_p1-pl2-sample27-sperm7.tif 2 2 0.7187205015661948 
ch00_p1-pl2-sample34-sperm5.tif 2 1 0.6007839993464463 
ch00_p1-pl2-sample9-sperm17.tif 2 4 0.6067321713691354 
ch00_p1-pl3-sample17-sperm9.tif 2 2 0.9993214460409571 
ch00_p1-pl3-sample20-sperm4.tif 2 2 0.9777976406757859 
ch00_p1-pl3-sample21-sperm10.tif 2 2 0.9531490140831441 
ch00_p1-pl3-sample6-sperm17.tif 2 0 0.5386520599683454 
ch00_p1-pl3-sample6-sperm9.tif 2 4 0.9839574358141681 
ch00_p3-pl1-sample25-sperm7.tif 2 4 0.9904500541075738 
ch00_p4-pl1-sample13-sperm4.tif 2 4 0.999999992670662 
ch00_p4-pl1-sample14-sperm14.tif 2 4 0.9955259185424046 
ch00_p4-pl1-sample16-sperm4.tif 2 4 0.9583069373443934 
ch00_p4-pl1-sample17-sperm4.tif 2 2 0.5191448384256852 
ch00_p4-pl1-sample3-sperm10.tif 2 2 0.9814598490902022 
ch00_p4-pl1-sample3-sperm7.tif 2 4 0.7559032514210537 
ch00_p4-pl1-sample5-sperm3.tif 2 0 0.5915369258885652 
ch00_p4-pl1-sample5-sperm5.tif 2 2 0.6860886651602148 
ch00_p4-pl1-sample7-sperm15.tif 2 4 0.9999992424560064 
ch00_p4-pl2-sample17-sperm6.tif 2 4 0.999999999999877 
ch00_p1-pl2-sample21-sperm5.tif 3 0 0.9776876812772594 
ch00_p1-pl2-sample21-sperm7.tif 3 3 0.9997386819220202 
ch00_p1-pl2-sample22-sperm10.tif 3 0 0.7409101261794869 
ch00_p1-pl2-sample22-sperm2.tif 3 0 0.9707616835561186 
ch00_p1-pl2-sample23-sperm11.tif 3 4 0.9983308766925949 
ch00_p1-pl2-sample24-sperm3.tif 3 4 0.6803586983758866 
ch00_p1-pl2-sample25-sperm9.tif 3 4 0.5338983791021013 
ch00_p1-pl2-sample5-sperm11.tif 3 3 0.7721412575089297 
ch00_p1-pl2-sample5-sperm15.tif 3 3 0.9978698020076335 
ch00_p1-pl3-sample10-sperm9.tif 3 0 0.9392483023479905 
ch00_p1-pl3-sample16-sperm16.tif 3 4 0.9999999476972196 
ch00_p1-pl3-sample17-sperm4.tif 3 3 0.9999950782618274 
ch00_p1-pl3-sample2-sperm13.tif 3 1 0.9996302300184052 
ch00_p1-pl3-sample23-sperm7.tif 3 1 0.6925141705821531 
ch00_p1-pl3-sample4-sperm4.tif 3 4 0.9784147958787841 
ch00_p1-pl3-sample9-sperm6.tif 3 4 0.9421587915837756 
ch00_p1-pl3-sample9-sperm9.tif 3 4 0.9356519764121869 
ch00_p3-pl1-sample31-sperm3.tif 3 3 0.7886031779898485 
ch00_p4-pl1-sample10-sperm2.tif 3 4 0.999999999684692 
ch00_p4-pl1-sample4-sperm13.tif 3 3 0.4935671531699429 
ch00_p5-pl1-sample1-sperm4.tif 3 4 0.999999999953699 
ch00_p1-pl2-sample11-sperm9.tif 4 4 0.9999955056020496 
ch00_p1-pl2-sample12-sperm11.tif 4 4 0.9947689919324074 
ch00_p1-pl2-sample13-sperm16.tif 4 0 0.6390512354030866 
ch00_p1-pl2-sample14-sperm1.tif 4 4 0.9685588817249894 
ch00_p1-pl2-sample14-sperm11.tif 4 4 0.9999995030332425 
ch00_p1-pl2-sample14-sperm4.tif 4 1 0.9550521211195637 
ch00_p1-pl2-sample2-sperm11.tif 4 4 0.9999999487429576 
ch00_p1-pl2-sample2-sperm17.tif 4 1 0.5365608856161195 
ch00_p1-pl2-sample2-sperm8.tif 4 4 0.9999999948700162 
ch00_p1-pl2-sample23-sperm16.tif 4 4 0.9999979189027096 
ch00_p1-pl2-sample26-sperm1.tif 4 4 0.8460767438159429 
ch00_p1-pl2-sample26-sperm12.tif 4 4 0.9999999999861316 
ch00_p1-pl2-sample26-sperm4.tif 4 4 0.6526487828523221 
ch00_p1-pl2-sample27-sperm8.tif 4 1 0.8767142740578251 
ch00_p1-pl2-sample28-sperm10.tif 4 4 0.9382222061087376 
ch00_p1-pl2-sample28-sperm11.tif 4 4 0.8178763376640147 
ch00_p1-pl2-sample28-sperm3.tif 4 4 0.9976656200993135 
ch00_p1-pl2-sample3-sperm14.tif 4 4 0.9966237508359511 
ch00_p1-pl2-sample3-sperm8.tif 4 1 0.8152256964510353 
ch00_p1-pl2-sample30-sperm4.tif 4 4 0.9999972043702574 
ch00_p1-pl2-sample31-sperm11.tif 4 2 0.6930893031885503 
ch00_p1-pl2-sample32-sperm1.tif 4 2 0.7974122408577012 
ch00_p1-pl2-sample32-sperm5.tif 4 4 0.9001945971610426 
ch00_p1-pl2-sample34-sperm10.tif 4 4 0.9961696690267074 
ch00_p1-pl2-sample34-sperm8.tif 4 4 0.9999999989281708 
ch00_p1-pl2-sample35-sperm5.tif 4 4 0.9553342496076568 
ch00_p1-pl2-sample35-sperm9.tif 4 3 0.9956676401478664 
ch00_p1-pl2-sample7-sperm1.tif 4 4 0.4934946565804585 
ch00_p1-pl2-sample7-sperm10.tif 4 4 0.997866634024214 
ch00_p1-pl2-sample7-sperm13.tif 4 1 0.5288518761107617 
ch00_p1-pl3-sample1-sperm7.tif 4 4 0.9999999999576623 
ch00_p1-pl3-sample10-sperm7.tif 4 4 0.9999999997910289 
ch00_p1-pl3-sample11-sperm5.tif 4 2 0.4323863238177107 
ch00_p1-pl3-sample11-sperm8.tif 4 4 0.9999999546255914 
ch00_p1-pl3-sample12-sperm10.tif 4 4 0.6441765003305892 
ch00_p1-pl3-sample12-sperm20.tif 4 4 0.9618769830740364 
ch00_p1-pl3-sample12-sperm3.tif 4 4 0.9999999776016381 
ch00_p1-pl3-sample12-sperm6.tif 4 4 0.47302306217059703 
ch00_p1-pl3-sample13-sperm8.tif 4 4 0.9254866715808158 
ch00_p1-pl3-sample13-sperm9.tif 4 2 0.9804882547025141 
ch00_p1-pl3-sample14-sperm1.tif 4 4 0.9999999998240255 
ch00_p1-pl3-sample15-sperm12.tif 4 4 0.9999997153150636 
ch00_p1-pl3-sample15-sperm2.tif 4 4 0.9999999999998951 
ch00_p1-pl3-sample15-sperm24.tif 4 4 0.9491178390449925 
ch00_p1-pl3-sample15-sperm8.tif 4 4 0.9999999999203282 
ch00_p1-pl3-sample17-sperm2.tif 4 1 0.6778557295113677 
ch00_p1-pl3-sample19-sperm1.tif 4 4 0.9999999387961026 
ch00_p1-pl3-sample19-sperm2.tif 4 4 0.9986381937649905 
ch00_p1-pl3-sample19-sperm8.tif 4 4 0.9982608738131878 
ch00_p1-pl3-sample20-sperm7.tif 4 4 0.9690295356631862 
ch00_p1-pl3-sample21-sperm6.tif 4 4 0.9615407834774043 
ch00_p1-pl3-sample22-sperm3.tif 4 4 0.999999955327762 
ch00_p1-pl3-sample22-sperm6.tif 4 3 0.9998565286478786 
ch00_p1-pl3-sample22-sperm9.tif 4 4 0.9999965212776637 
ch00_p1-pl3-sample23-sperm11.tif 4 2 0.6400678706503983 
ch00_p1-pl3-sample23-sperm12.tif 4 4 0.9999999991623618 
ch00_p1-pl3-sample24-sperm10.tif 4 3 0.9595593676995925 
ch00_p1-pl3-sample24-sperm20.tif 4 3 0.5418088496140745 
ch00_p1-pl3-sample24-sperm21.tif 4 1 0.9589864550729447 
ch00_p1-pl3-sample24-sperm22.tif 4 4 0.40023774564180636 
ch00_p1-pl3-sample24-sperm24.tif 4 4 0.9517800098425029 
ch00_p1-pl3-sample24-sperm7.tif 4 3 0.9999942087522671 
ch00_p1-pl3-sample24-sperm8.tif 4 4 0.9999999999998562 
ch00_p1-pl3-sample25-sperm11.tif 4 4 0.8561790421713342 
ch00_p1-pl3-sample25-sperm2.tif 4 4 0.9456477137125374 
ch00_p1-pl3-sample25-sperm9.tif 4 4 0.45827509579553366 
ch00_p1-pl3-sample3-sperm1.tif 4 4 0.9122612606440296 
ch00_p1-pl3-sample3-sperm7.tif 4 1 0.530972573277069 
ch00_p1-pl3-sample5-sperm6.tif 4 1 0.9952683226931703 
ch00_p1-pl3-sample5-sperm7.tif 4 2 0.8444916094307566 
ch00_p1-pl3-sample7-sperm11.tif 4 1 0.8044238825445976 
ch00_p1-pl3-sample7-sperm2.tif 4 4 0.999999999999876 
ch00_p1-pl3-sample7-sperm3.tif 4 4 0.9923879861208431 
ch00_p1-pl3-sample8-sperm9.tif 4 0 0.8640315298998462 
ch00_p1-pl3-sample9-sperm5.tif 4 4 0.8975345053371973 
ch00_p3-pl1-sample11-sperm5.tif 4 4 0.7690533163952799 
ch00_p3-pl1-sample13-sperm6.tif 4 4 0.9999999370388024 
ch00_p3-pl1-sample14-sperm9.tif 4 4 0.9986868426535026 
ch00_p3-pl1-sample15-sperm4.tif 4 4 0.999999999999887 
ch00_p3-pl1-sample16-sperm1.tif 4 4 0.9999999993687618 
ch00_p3-pl1-sample16-sperm3.tif 4 4 0.9999997040933644 
ch00_p3-pl1-sample16-sperm4.tif 4 4 0.9999999962937859 
ch00_p3-pl1-sample22-sperm4.tif 4 4 0.999999999932877 
ch00_p3-pl1-sample23-sperm2.tif 4 4 0.9999999947199067 
ch00_p3-pl1-sample23-sperm6.tif 4 4 0.9999984178245005 
ch00_p3-pl1-sample23-sperm9.tif 4 0 0.7661779426809046 
ch00_p3-pl1-sample25-sperm5.tif 4 4 0.9794456097273327 
ch00_p3-pl1-sample26-sperm4.tif 4 4 0.8693953704294782 
ch00_p3-pl1-sample26-sperm5.tif 4 4 0.9999993942441686 
ch00_p3-pl1-sample27-sperm3.tif 4 3 0.9999802252901923 
ch00_p3-pl1-sample29-sperm8.tif 4 4 0.9958661282371822 
ch00_p3-pl1-sample3-sperm6.tif 4 4 0.9999999999835999 
ch00_p3-pl1-sample30-sperm4.tif 4 4 0.8788629003054093 
ch00_p3-pl1-sample4-sperm1.tif 4 4 0.4687773381044914 
ch00_p3-pl1-sample5-sperm2.tif 4 1 0.47746416786340884 
ch00_p3-pl1-sample5-sperm3.tif 4 4 0.9999999545530756 
ch00_p3-pl1-sample7-sperm1.tif 4 4 0.9999999999980309 
ch00_p3-pl1-sample7-sperm11.tif 4 4 0.9999999999120629 
ch00_p3-pl1-sample7-sperm8.tif 4 4 0.9999999994539494 
ch00_p3-pl1-sample9-sperm5.tif 4 4 0.9999999999228036 
ch00_p3-pl1-sample9-sperm9.tif 4 4 0.9999999999998784 
ch00_p4-pl1-sample1-sperm12.tif 4 1 0.9637981872752349 
ch00_p4-pl1-sample1-sperm6.tif 4 4 0.602458394808286 
ch00_p4-pl1-sample1-sperm7.tif 4 0 0.5875372156215538 
ch00_p4-pl1-sample1-sperm9.tif 4 0 0.6288849268141439 
ch00_p4-pl1-sample10-sperm15.tif 4 2 0.9876882471996927 
ch00_p4-pl1-sample10-sperm5.tif 4 2 0.9446236799498602 
ch00_p4-pl1-sample11-sperm12.tif 4 4 0.9986311969528391 
ch00_p4-pl1-sample12-sperm2.tif 4 2 0.9990712992850468 
ch00_p4-pl1-sample12-sperm9.tif 4 4 0.9999999999998916 
ch00_p4-pl1-sample13-sperm2.tif 4 2 0.972628292479743 
ch00_p4-pl1-sample13-sperm3.tif 4 4 0.8640304267422617 
ch00_p4-pl1-sample13-sperm5.tif 4 2 0.9783133851672876 
ch00_p4-pl1-sample13-sperm8.tif 4 4 0.9999999994440982 
ch00_p4-pl1-sample14-sperm12.tif 4 4 0.9999995668065924 
ch00_p4-pl1-sample14-sperm3.tif 4 4 0.9999999810129968 
ch00_p4-pl1-sample15-sperm10.tif 4 1 0.9924541277550741 
ch00_p4-pl1-sample16-sperm10.tif 4 4 0.9664488558805495 
ch00_p4-pl1-sample16-sperm16.tif 4 4 0.9955884714860285 
ch00_p4-pl1-sample16-sperm17.tif 4 4 0.999999997900099 
ch00_p4-pl1-sample19-sperm6.tif 4 4 0.37888414898125683 
ch00_p4-pl1-sample19-sperm9.tif 4 1 0.7957755036637827 
ch00_p4-pl1-sample2-sperm10.tif 4 4 0.9684579507277274 
ch00_p4-pl1-sample20-sperm3.tif 4 4 0.9999999999998892 
ch00_p4-pl1-sample20-sperm6.tif 4 4 0.717436146193751 
ch00_p4-pl1-sample20-sperm9.tif 4 4 0.7393337046115014 
ch00_p4-pl1-sample3-sperm3.tif 4 4 0.563160727337419 
ch00_p4-pl1-sample3-sperm9.tif 4 3 0.5380596145977391 
ch00_p4-pl1-sample4-sperm11.tif 4 0 0.9686046404285608 
ch00_p4-pl1-sample4-sperm12.tif 4 4 0.9999987107691992 
ch00_p4-pl1-sample4-sperm3.tif 4 2 0.9524704396650493 
ch00_p4-pl1-sample5-sperm1.tif 4 4 0.7098289622248799 
ch00_p4-pl1-sample5-sperm4.tif 4 2 0.4662527654875391 
ch00_p4-pl1-sample5-sperm9.tif 4 4 0.6364214428686038 
ch00_p4-pl1-sample6-sperm4.tif 4 4 0.976142355651662 
ch00_p4-pl1-sample6-sperm7.tif 4 4 0.9999999577536371 
ch00_p4-pl1-sample6-sperm8.tif 4 2 0.9775485249349066 
ch00_p4-pl1-sample7-sperm10.tif 4 0 0.939946994908517 
ch00_p4-pl1-sample7-sperm6.tif 4 4 0.9999999999834301 
ch00_p4-pl1-sample8-sperm1.tif 4 4 0.9685991692779699 
ch00_p4-pl1-sample8-sperm10.tif 4 2 0.9818904633418242 
ch00_p4-pl1-sample8-sperm12.tif 4 4 0.9999999864763438 
ch00_p4-pl1-sample8-sperm2.tif 4 4 0.7688376419296673 
ch00_p4-pl1-sample8-sperm3.tif 4 3 0.9995208461158727 
ch00_p4-pl1-sample9-sperm15.tif 4 3 0.41191038637636096 
ch00_p4-pl1-sample9-sperm17.tif 4 1 0.33360373524929016 
ch00_p4-pl1-sample9-sperm2.tif 4 4 0.9999999998443124 
ch00_p4-pl1-sample9-sperm9.tif 4 4 0.5479083445581537 
ch00_p4-pl2-sample10-sperm1.tif 4 4 0.7848288628021501 
ch00_p4-pl2-sample10-sperm5.tif 4 4 0.9999999574705688 
ch00_p4-pl2-sample10-sperm8.tif 4 4 0.9999999998692538 
ch00_p4-pl2-sample13-sperm2.tif 4 4 0.995660539841478 
ch00_p4-pl2-sample13-sperm7.tif 4 4 0.8966718634085612 
ch00_p4-pl2-sample14-sperm10.tif 4 0 0.9448358536685482 
ch00_p4-pl2-sample14-sperm9.tif 4 4 0.9999997630539371 
ch00_p4-pl2-sample15-sperm1.tif 4 4 0.9537333521103745 
ch00_p4-pl2-sample15-sperm7.tif 4 4 0.8343458449093137 
ch00_p4-pl2-sample17-sperm2.tif 4 4 0.9954080346454265 
ch00_p4-pl2-sample19-sperm1.tif 4 4 0.999999324937879 
ch00_p4-pl2-sample19-sperm3.tif 4 4 0.711818585832808 
ch00_p4-pl2-sample2-sperm6.tif 4 4 0.9999999999998748 
ch00_p4-pl2-sample3-sperm2.tif 4 4 0.9980233811823618 
ch00_p4-pl2-sample3-sperm3.tif 4 4 0.9999999999997133 
ch00_p4-pl2-sample3-sperm5.tif 4 4 0.9999999998943849 
ch00_p4-pl2-sample3-sperm6.tif 4 1 0.5573592443403579 
ch00_p4-pl2-sample4-sperm4.tif 4 4 0.999999998633215 
ch00_p4-pl2-sample4-sperm7.tif 4 4 0.9999999999998818 
ch00_p4-pl2-sample7-sperm10.tif 4 4 0.9999999997950234 
ch00_p4-pl2-sample7-sperm5.tif 4 4 0.9999998393525461 
ch00_p4-pl2-sample7-sperm9.tif 4 4 0.9999999977326121 
ch00_p4-pl2-sample8-sperm2.tif 4 4 0.8776566845772118 
ch00_p4-pl2-sample9-sperm4.tif 4 4 0.9999999999920455 
ch00_p5-pl1-sample1-sperm5.tif 4 4 0.9467252249812 
ch00_p5-pl1-sample10-sperm18.tif 4 4 0.9999996664305859 
ch00_p5-pl1-sample10-sperm6.tif 4 4 0.9917095159346081 
ch00_p5-pl1-sample10-sperm7.tif 4 4 0.9999995939537586 
ch00_p5-pl1-sample12-sperm15.tif 4 4 0.827325756881197 
ch00_p5-pl1-sample12-sperm6.tif 4 4 0.9999999999817824 
ch00_p5-pl1-sample12-sperm7.tif 4 0 0.6410338404046491 
ch00_p5-pl1-sample13-sperm6.tif 4 4 0.999997419431016 
ch00_p5-pl1-sample15-sperm2.tif 4 4 0.9959104893038766 
ch00_p5-pl1-sample16-sperm3.tif 4 4 0.9999999397737468 
ch00_p5-pl1-sample17-sperm13.tif 4 4 0.9635806969313966 
ch00_p5-pl1-sample17-sperm2.tif 4 4 0.9999999999926878 
ch00_p5-pl1-sample18-sperm3.tif 4 4 0.9999999840156477 
ch00_p5-pl1-sample2-sperm10.tif 4 4 0.9999983952138143 
ch00_p5-pl1-sample20-sperm12.tif 4 4 0.9999999252647878 
ch00_p5-pl1-sample20-sperm5.tif 4 3 0.887909021032494 
ch00_p5-pl1-sample4-sperm2.tif 4 4 0.9999999999452877 
ch00_p5-pl1-sample4-sperm5.tif 4 4 0.999999999956064 
ch00_p5-pl1-sample5-sperm10.tif 4 1 0.7622078628467948 
ch00_p5-pl1-sample5-sperm18.tif 4 0 0.5533587080805237 
ch00_p5-pl1-sample6-sperm4.tif 4 4 0.9999990629288041 
ch00_p5-pl1-sample7-sperm5.tif 4 0 0.33262056910495613 
ch00_p5-pl1-sample8-sperm4.tif 4 4 0.9948828492823862 
ch00_p5-pl1-sample9-sperm5.tif 4 4 0.9999988803360788 
